userID,distance,distanceX1000,color
1,0.001065934,1.065934,1000
2,0.002914047,2.914047,1000
3,0.001308858,1.308858,1000
4,0.012498481,12.498481,1000
5,0.000388283,0.388283,1000
6,0.000484525,0.484525,1000
7,0.002192686,2.192686,1000
8,0.003416872,3.416872,1000
9,0.000437276,0.437276,1000
10,0.00062754,0.62754,1000
11,0.002838547,2.838547,1000
12,0.001218698,1.218698,1000
13,0.001421242,1.421242,1000
14,0.000948554,0.948554,1000
15,0.000659661,0.659661,1000
16,0.000691634,0.691634,1000
17,0.001225214,1.225214,1000
18,0.001071066,1.071066,1000
19,0.001771227,1.771227,1000
20,0.00211927,2.11927,1000
21,0.006076327,6.076327,1000
22,0.000807042,0.807042,1000
23,0.008542014,8.542014,1000
24,0.000953672,0.953672,1000
25,0.000935513,0.935513,1000
26,0.001322685,1.322685,1000
27,0.002867929,2.867929,1000
28,0.000761119,0.761119,1000
29,0.000755541,0.755541,1000
30,0.004534476,4.534476,1000
31,0.002102075,2.102075,1000
32,0.001057555,1.057555,1000
33,0.000664536,0.664536,1000
35,0.002390328,2.390328,1000
36,0.000948554,0.948554,1000
37,0.019062052,19.062052,1000
38,0.00103168,1.03168,1000
39,0.000840713,0.840713,1000
40,0.001098609,1.098609,1000
41,0.000747971,0.747971,1000
42,0.001061881,1.061881,1000
43,0.001042979,1.042979,1000
44,0.003048634,3.048634,1000
45,0.000936017,0.936017,1000
46,0.001176626,1.176626,1000
47,0.001274146,1.274146,1000
48,0.002463105,2.463105,1000
49,0.006596737,6.596737,1000
50,0.001316442,1.316442,1000
51,0.000662943,0.662943,1000
52,0.000824767,0.824767,1000
53,0.003195187,3.195187,1000
54,0.004483357,4.483357,1000
55,0.006438794,6.438794,1000
56,0.000790878,0.790878,1000
57,0.003081076,3.081076,1000
58,0.000548997,0.548997,1000
59,0.001042817,1.042817,1000
60,0.001057401,1.057401,1000
61,0.00121322,1.21322,1000
62,0.026788971,26.788971,1000
63,0.00078378,0.78378,1000
64,0.001069134,1.069134,1000
65,0.004313319,4.313319,1000
66,0.001623754,1.623754,1000
67,0.002103831,2.103831,1000
68,0.120582706,120.582706,1000
69,0.002743789,2.743789,1000
70,0.00084577,0.84577,1000
71,0.000622499,0.622499,1000
72,0.001185988,1.185988,1000
73,0.001346201,1.346201,1000
74,0.003709898,3.709898,1000
75,0.000714926,0.714926,1000
76,0.001728245,1.728245,1000
77,0.000772561,0.772561,1000
78,0.000483965,0.483965,1000
79,0.001094499,1.094499,1000
80,0.000801839,0.801839,1000
81,0.000834291,0.834291,1000
82,0.000845094,0.845094,1000
83,0.001000921,1.000921,1000
84,0.001324145,1.324145,1000
85,0.001144289,1.144289,1000
86,0.001350869,1.350869,1000
87,0.002384594,2.384594,1000
88,0.017762755,17.762755,1000
89,0.000749892,0.749892,1000
90,0.000284395,0.284395,1000
91,0.024409199,24.409199,1000
92,0.001085749,1.085749,1000
93,0.001502657,1.502657,1000
94,0.001151,1.151,1000
95,0.000665398,0.665398,1000
96,0.002227774,2.227774,1000
97,0.00194735,1.94735,1000
98,0.001141219,1.141219,1000
99,0.003934927,3.934927,1000
100,0.001029247,1.029247,1000
101,0.001149588,1.149588,1000
102,0.014288884,14.288884,1000
103,0.004311235,4.311235,1000
104,0.00113232,1.13232,1000
105,0.001205656,1.205656,1000
106,0.000877091,0.877091,1000
107,0.001522992,1.522992,1000
108,0.000790319,0.790319,1000
109,0.000773308,0.773308,1000
110,0.013798288,13.798288,1000
111,0.000956262,0.956262,1000
112,0.00138256,1.38256,1000
113,0.001006227,1.006227,1000
114,0.000937234,0.937234,1000
115,0.001343248,1.343248,1000
116,0.02041866,20.41866,1000
117,0.001042957,1.042957,1000
118,0.000809748,0.809748,1000
119,0.062149758,62.149758,1000
120,0.001134926,1.134926,1000
121,0.002111276,2.111276,1000
122,0.000937243,0.937243,1000
123,0.000417628,0.417628,1000
124,0.002824716,2.824716,1000
125,0.002691147,2.691147,1000
126,0.00063128,0.63128,1000
127,0.044246778,44.246778,1000
128,0.002908313,2.908313,1000
129,0.001357013,1.357013,1000
130,0.001044721,1.044721,1000
131,0.002165236,2.165236,1000
132,0.00400975,4.00975,1000
133,0.000772707,0.772707,1000
134,0.000712209,0.712209,1000
135,0.001014435,1.014435,1000
136,0.002960633,2.960633,1000
137,0.001090079,1.090079,1000
138,0.00065479,0.65479,1000
139,0.000937243,0.937243,1000
140,0.001545905,1.545905,1000
141,0.000861271,0.861271,1000
142,0.003104466,3.104466,1000
143,0.11116481,111.16481,1000
144,0.001043259,1.043259,1000
145,0.000908663,0.908663,1000
146,0.002508947,2.508947,1000
147,0.000380556,0.380556,1000
148,0.000913348,0.913348,1000
149,0.000811396,0.811396,1000
150,0.001609087,1.609087,1000
151,0.001524419,1.524419,1000
152,0.004254762,4.254762,1000
153,0.000845002,0.845002,1000
154,0.002848975,2.848975,1000
155,0.000448878,0.448878,1000
156,0.001313617,1.313617,1000
157,0.001826577,1.826577,1000
158,0.001141219,1.141219,1000
159,0.001947165,1.947165,1000
160,0.001446869,1.446869,1000
161,0.001824359,1.824359,1000
162,0.001432969,1.432969,1000
163,0.000839689,0.839689,1000
164,0.000913988,0.913988,1000
165,0.000647339,0.647339,1000
166,0.000969256,0.969256,1000
167,0.001122286,1.122286,1000
168,0.001184545,1.184545,1000
169,0.016095167,16.095167,1000
170,0.001218698,1.218698,1000
171,0.00240049,2.40049,1000
172,0.00066651,0.66651,1000
173,0.001282331,1.282331,1000
174,0.00068818,0.68818,1000
175,0.000753296,0.753296,1000
176,0.00086258,0.86258,1000
177,0.002970783,2.970783,1000
178,0.0007599,0.7599,1000
179,0.000818027,0.818027,1000
180,0.000415008,0.415008,1000
181,0.001798952,1.798952,1000
182,0.000894653,0.894653,1000
183,0.000993186,0.993186,1000
184,0.001184824,1.184824,1000
185,0.000938504,0.938504,1000
186,0.001042979,1.042979,1000
187,0.001074151,1.074151,1000
188,0.000848195,0.848195,1000
189,0.000829814,0.829814,1000
190,0.000924355,0.924355,1000
191,0.003368406,3.368406,1000
192,0.001914615,1.914615,1000
193,0.000589084,0.589084,1000
194,0.002156291,2.156291,1000
195,0.016941765,16.941765,1000
196,0.000814195,0.814195,1000
197,0.000682922,0.682922,1000
198,0.000608574,0.608574,1000
199,0.00103168,1.03168,1000
200,0.000889143,0.889143,1000
201,0.001505839,1.505839,1000
202,0.022676568,22.676568,1000
203,0.000793001,0.793001,1000
204,0.018206196,18.206196,1000
205,0.000717039,0.717039,1000
206,0.00979626,9.79626,1000
207,0.00103168,1.03168,1000
208,0.000545465,0.545465,1000
209,0.001528954,1.528954,1000
210,0.001408001,1.408001,1000
212,0.003993367,3.993367,1000
213,0.074713272,74.713272,1000
214,0.000778507,0.778507,1000
215,0.001016567,1.016567,1000
216,0.000896154,0.896154,1000
217,0.002459042,2.459042,1000
218,0.008113737,8.113737,1000
219,0.000961306,0.961306,1000
220,0.004907293,4.907293,1000
221,0.006051014,6.051014,1000
222,0.000937243,0.937243,1000
223,0.000935513,0.935513,1000
224,0.001542492,1.542492,1000
225,0.000965633,0.965633,1000
226,0.008952102,8.952102,1000
227,0.000808797,0.808797,1000
228,0.006320866,6.320866,1000
229,0.002692894,2.692894,1000
230,0.001059412,1.059412,1000
231,0.003161737,3.161737,1000
232,0.001210798,1.210798,1000
233,0.000802985,0.802985,1000
234,0.002931713,2.931713,1000
235,0.000849008,0.849008,1000
236,0.000636297,0.636297,1000
237,0.001530783,1.530783,1000
238,0.001042805,1.042805,1000
239,0.00081312,0.81312,1000
240,0.002493778,2.493778,1000
241,0.001611942,1.611942,1000
242,0.001518189,1.518189,1000
243,0.000999821,0.999821,1000
244,0.001481666,1.481666,1000
245,0.024587273,24.587273,1000
246,0.001749287,1.749287,1000
247,0.001764792,1.764792,1000
248,0.000829869,0.829869,1000
249,0.000882371,0.882371,1000
251,0.001006822,1.006822,1000
252,0.000979319,0.979319,1000
253,0.003201522,3.201522,1000
254,0.00081955,0.81955,1000
255,0.000987099,0.987099,1000
256,0.00104294,1.04294,1000
257,0.006793752,6.793752,1000
258,0.0029816,2.9816,1000
259,0.000892855,0.892855,1000
260,0.00149109,1.49109,1000
261,0.06457589,64.57589,1000
262,0.000876589,0.876589,1000
263,0.00091195,0.91195,1000
264,0.001432059,1.432059,1000
265,0.028458051,28.458051,1000
266,0.075486869,75.486869,1000
267,0.015251019,15.251019,1000
268,0.000274488,0.274488,1000
269,0.000396691,0.396691,1000
270,0.000820951,0.820951,1000
271,0.000929684,0.929684,1000
272,0.002935312,2.935312,1000
273,0.002182805,2.182805,1000
274,0.001581638,1.581638,1000
275,0.000816067,0.816067,1000
276,0.021387421,21.387421,1000
277,0.001172505,1.172505,1000
278,0.012621564,12.621564,1000
279,0.001043007,1.043007,1000
280,0.004877642,4.877642,1000
281,0.000858307,0.858307,1000
282,0.025808927,25.808927,1000
283,0.005525713,5.525713,1000
284,0.003569009,3.569009,1000
285,0.017779121,17.779121,1000
286,0.000821021,0.821021,1000
287,0.001062519,1.062519,1000
288,0.001013018,1.013018,1000
289,0.004734597,4.734597,1000
290,0.000660736,0.660736,1000
291,0.000905702,0.905702,1000
292,0.238457103,238.457103,1000
293,0.00255219,2.55219,1000
294,0.00277762,2.77762,1000
295,0.048349819,48.349819,1000
296,0.000875427,0.875427,1000
297,0.001444073,1.444073,1000
298,0.001042979,1.042979,1000
299,0.001050596,1.050596,1000
300,0.001429788,1.429788,1000
301,0.000724233,0.724233,1000
302,0.00117837,1.17837,1000
303,0.01471454,14.71454,1000
304,0.001283479,1.283479,1000
305,0.005997822,5.997822,1000
306,0.0009295,0.9295,1000
307,0.002398912,2.398912,1000
308,0.000464824,0.464824,1000
309,0.005015824,5.015824,1000
310,0.000762669,0.762669,1000
311,0.000564575,0.564575,1000
312,0.000919858,0.919858,1000
313,0.00100213,1.00213,1000
314,0.005619693,5.619693,1000
315,0.001142889,1.142889,1000
316,0.001707337,1.707337,1000
317,0.001820163,1.820163,1000
318,0.003042009,3.042009,1000
319,0.001382519,1.382519,1000
320,0.00292633,2.92633,1000
321,0.000531241,0.531241,1000
322,0.016057748,16.057748,1000
323,0.008429256,8.429256,1000
324,0.001417889,1.417889,1000
325,0.004111405,4.111405,1000
326,0.003230428,3.230428,1000
327,0.003903888,3.903888,1000
328,0.00159327,1.59327,1000
329,0.002809714,2.809714,1000
330,0.000607528,0.607528,1000
331,0.000777538,0.777538,1000
332,0.001688441,1.688441,1000
333,0.009377817,9.377817,1000
334,0.000762674,0.762674,1000
335,0.000785554,0.785554,1000
336,0.000669017,0.669017,1000
337,0.000857042,0.857042,1000
338,0.001042979,1.042979,1000
339,0.001432361,1.432361,1000
340,0.00085445,0.85445,1000
341,0.002210977,2.210977,1000
342,0.001109593,1.109593,1000
343,0.000622391,0.622391,1000
344,0.001100787,1.100787,1000
345,0.00082235,0.82235,1000
346,0.003489583,3.489583,1000
347,0.000801394,0.801394,1000
348,0.238146455,238.146455,1000
349,0.001582591,1.582591,1000
350,0.0013989,1.3989,1000
351,0.000541795,0.541795,1000
352,0.001150819,1.150819,1000
353,0.008396132,8.396132,1000
355,0.284633185,284.633185,1000
356,0.001251059,1.251059,1000
357,0.001520388,1.520388,1000
358,0.001749575,1.749575,1000
359,0.000751618,0.751618,1000
360,0.000901695,0.901695,1000
361,0.000270291,0.270291,1000
362,0.005395072,5.395072,1000
363,0.000751537,0.751537,1000
364,0.000916393,0.916393,1000
365,0.001718242,1.718242,1000
366,0.001497371,1.497371,1000
367,0.006123965,6.123965,1000
368,0.003604643,3.604643,1000
369,0.121620697,121.620697,1000
370,0.000791236,0.791236,1000
371,0.060005047,60.005047,1000
372,0.017473545,17.473545,1000
373,0.000931914,0.931914,1000
374,0.001166816,1.166816,1000
375,0.001043007,1.043007,1000
376,0.001063207,1.063207,1000
377,0.00104294,1.04294,1000
378,0.000444024,0.444024,1000
379,0.003532402,3.532402,1000
380,0.000522648,0.522648,1000
381,0.000668824,0.668824,1000
382,0.000656929,0.656929,1000
383,0.00115432,1.15432,1000
384,0.002727769,2.727769,1000
385,0.000787734,0.787734,1000
386,0.000969053,0.969053,1000
387,0.000986316,0.986316,1000
388,0.000989941,0.989941,1000
389,0.000881939,0.881939,1000
390,0.000886847,0.886847,1000
391,0.000534901,0.534901,1000
392,0.000544805,0.544805,1000
393,0.040003939,40.003939,1000
394,0.001108256,1.108256,1000
395,0.000439439,0.439439,1000
396,0.00116989,1.16989,1000
397,0.000954846,0.954846,1000
398,0.013612032,13.612032,1000
399,0.000665903,0.665903,1000
400,0.000914533,0.914533,1000
401,0.000647147,0.647147,1000
402,0.000536752,0.536752,1000
403,0.015972331,15.972331,1000
404,0.001219368,1.219368,1000
405,0.011905838,11.905838,1000
406,0.000262655,0.262655,1000
407,0.000698771,0.698771,1000
409,0.025392066,25.392066,1000
410,0.003659206,3.659206,1000
411,0.002479189,2.479189,1000
412,0.000606932,0.606932,1000
413,0.000329929,0.329929,1000
414,0.001703666,1.703666,1000
415,0.000798049,0.798049,1000
416,0.001003244,1.003244,1000
417,0.000961931,0.961931,1000
418,0.005861312,5.861312,1000
419,0.001220337,1.220337,1000
420,0.041717077,41.717077,1000
421,0.002941522,2.941522,1000
422,0.000508055,0.508055,1000
424,0.002145051,2.145051,1000
425,0.000806638,0.806638,1000
426,0.000822869,0.822869,1000
427,0.0072146,7.2146,1000
428,0.078904647,78.904647,1000
429,0.000838698,0.838698,1000
430,0.001032577,1.032577,1000
431,0.096932404,96.932404,1000
432,0.002756425,2.756425,1000
433,0.00112596,1.12596,1000
434,0.000853731,0.853731,1000
435,0.001164202,1.164202,1000
436,0.002997411,2.997411,1000
437,0.002976462,2.976462,1000
438,0.001070943,1.070943,1000
439,0.001116622,1.116622,1000
440,0.001042817,1.042817,1000
441,0.000826257,0.826257,1000
442,0.003596638,3.596638,1000
443,0.0016195,1.6195,1000
444,0.001042817,1.042817,1000
445,0.000947314,0.947314,1000
446,0.001770774,1.770774,1000
447,0.001062541,1.062541,1000
449,0.017260967,17.260967,1000
450,0.013032056,13.032056,1000
451,0.00071532,0.71532,1000
452,0.004913975,4.913975,1000
453,0.001546597,1.546597,1000
454,0.002207987,2.207987,1000
455,0.002394128,2.394128,1000
456,0.001018774,1.018774,1000
457,0.001144711,1.144711,1000
458,0.001973977,1.973977,1000
459,0.001530783,1.530783,1000
460,0.024743859,24.743859,1000
461,0.000575057,0.575057,1000
462,0.00341313,3.41313,1000
463,0.000490526,0.490526,1000
464,0.001231018,1.231018,1000
465,0.001118424,1.118424,1000
466,0.000929583,0.929583,1000
467,0.000651256,0.651256,1000
468,0.002181859,2.181859,1000
469,0.000554354,0.554354,1000
470,0.021145795,21.145795,1000
471,0.001042957,1.042957,1000
472,0.013457818,13.457818,1000
473,0.001294256,1.294256,1000
474,0.001149013,1.149013,1000
475,0.000745133,0.745133,1000
476,0.01170485,11.70485,1000
477,0.000520011,0.520011,1000
478,0.004499797,4.499797,1000
479,0.001421347,1.421347,1000
480,0.016113912,16.113912,1000
481,0.001609087,1.609087,1000
482,0.006157076,6.157076,1000
483,0.001226937,1.226937,1000
484,0.000699654,0.699654,1000
485,0.002051206,2.051206,1000
486,0.005940397,5.940397,1000
488,0.008155549,8.155549,1000
489,0.009132321,9.132321,1000
490,0.000939154,0.939154,1000
491,0.000627026,0.627026,1000
492,0.006559053,6.559053,1000
493,0.000313651,0.313651,1000
494,0.001548993,1.548993,1000
495,0.001563839,1.563839,1000
496,0.001026964,1.026964,1000
497,0.005904969,5.904969,1000
498,0.001313935,1.313935,1000
499,0.003080105,3.080105,1000
500,0.000980731,0.980731,1000
501,0.001134919,1.134919,1000
502,0.000890518,0.890518,1000
503,0.003093502,3.093502,1000
504,0.001571697,1.571697,1000
505,0.000829177,0.829177,1000
506,0.003245987,3.245987,1000
507,0.000916394,0.916394,1000
508,0.001124571,1.124571,1000
509,0.003146037,3.146037,1000
510,0.001043007,1.043007,1000
511,0.001097605,1.097605,1000
512,0.000877423,0.877423,1000
513,0.000775781,0.775781,1000
514,0.004537188,4.537188,1000
515,0.001923344,1.923344,1000
516,0.007930546,7.930546,1000
517,0.002689545,2.689545,1000
518,0.002899116,2.899116,1000
519,0.000801897,0.801897,1000
520,0.001622217,1.622217,1000
521,0.002902043,2.902043,1000
522,0.003147452,3.147452,1000
523,0.000683882,0.683882,1000
524,0.002032597,2.032597,1000
525,0.000793274,0.793274,1000
526,0.003167188,3.167188,1000
527,0.000259651,0.259651,1000
528,0.00145224,1.45224,1000
529,0.06457589,64.57589,1000
530,0.000880401,0.880401,1000
531,0.04014984,40.14984,1000
532,0.001288471,1.288471,1000
533,0.00104294,1.04294,1000
534,0.002094386,2.094386,1000
535,0.00074521,0.74521,1000
536,0.059783293,59.783293,1000
537,0.000424758,0.424758,1000
538,0.004766549,4.766549,1000
539,0.001049602,1.049602,1000
540,0.001062541,1.062541,1000
541,0.001621724,1.621724,1000
542,0.003225939,3.225939,1000
543,0.000941858,0.941858,1000
544,0.001116635,1.116635,1000
545,0.006079552,6.079552,1000
546,0.000277846,0.277846,1000
547,0.001028877,1.028877,1000
548,0.008224068,8.224068,1000
549,0.001146755,1.146755,1000
550,0.000540787,0.540787,1000
551,0.001957299,1.957299,1000
552,0.002516801,2.516801,1000
554,0.001375699,1.375699,1000
555,0.001107805,1.107805,1000
556,0.001636145,1.636145,1000
557,0.008396752,8.396752,1000
558,0.023493929,23.493929,1000
559,0.008126791,8.126791,1000
560,0.004359485,4.359485,1000
561,0.001162705,1.162705,1000
562,0.001355987,1.355987,1000
563,0.00084266,0.84266,1000
564,0.026899436,26.899436,1000
565,0.000915128,0.915128,1000
566,0.001254573,1.254573,1000
567,0.000711551,0.711551,1000
568,0.000703199,0.703199,1000
570,0.001155374,1.155374,1000
571,0.001241278,1.241278,1000
572,0.001003129,1.003129,1000
573,0.001248459,1.248459,1000
574,0.000958295,0.958295,1000
575,0.000786684,0.786684,1000
576,0.002715109,2.715109,1000
577,0.002991802,2.991802,1000
578,0.003023198,3.023198,1000
579,0.000697533,0.697533,1000
580,0.003106622,3.106622,1000
581,0.000727497,0.727497,1000
582,0.001071133,1.071133,1000
583,0.001111805,1.111805,1000
584,0.003222737,3.222737,1000
585,0.002511767,2.511767,1000
586,0.000914316,0.914316,1000
587,0.001229801,1.229801,1000
588,0.007496894,7.496894,1000
589,0.001043007,1.043007,1000
590,0.000946118,0.946118,1000
591,0.004425631,4.425631,1000
592,0.001128672,1.128672,1000
593,0.000674399,0.674399,1000
594,0.018201194,18.201194,1000
595,0.14841854,148.41854,1000
596,0.001042979,1.042979,1000
597,0.000603959,0.603959,1000
598,0.000640116,0.640116,1000
599,0.000925167,0.925167,1000
600,0.000887218,0.887218,1000
601,0.008425564,8.425564,1000
602,0.000931985,0.931985,1000
603,0.000574866,0.574866,1000
604,0.001047186,1.047186,1000
605,0.005672723,5.672723,1000
606,0.000649214,0.649214,1000
607,0.000945784,0.945784,1000
608,0.001205656,1.205656,1000
609,0.000615304,0.615304,1000
610,0.005828225,5.828225,1000
611,0.001928465,1.928465,1000
612,0.002950558,2.950558,1000
613,0.595283003,595.283003,1000
614,0.001153677,1.153677,1000
615,0.003347693,3.347693,1000
616,0.001172505,1.172505,1000
617,0.001000921,1.000921,1000
618,0.001487009,1.487009,1000
619,0.12172309,121.72309,1000
620,0.009238581,9.238581,1000
621,0.01459259,14.59259,1000
622,0.001746026,1.746026,1000
623,0.005335081,5.335081,1000
624,0.001042817,1.042817,1000
625,0.000982753,0.982753,1000
626,0.003552496,3.552496,1000
627,0.005369177,5.369177,1000
628,0.003084488,3.084488,1000
629,0.079897303,79.897303,1000
630,0.008942222,8.942222,1000
631,0.121631283,121.631283,1000
632,0.001042957,1.042957,1000
633,0.149919874,149.919874,1000
634,0.016331467,16.331467,1000
635,0.008116861,8.116861,1000
636,0.040537544,40.537544,1000
637,0.026839213,26.839213,1000
638,0.001159546,1.159546,1000
639,0.000625823,0.625823,1000
640,0.00319204,3.19204,1000
641,0.003202398,3.202398,1000
642,0.000649683,0.649683,1000
643,0.075705089,75.705089,1000
644,0.001343059,1.343059,1000
645,0.097116062,97.116062,1000
646,0.075618739,75.618739,1000
647,0.016348172,16.348172,1000
648,0.000756248,0.756248,1000
649,0.008582229,8.582229,1000
650,0.00102094,1.02094,1000
651,0.075319605,75.319605,1000
652,0.00063981,0.63981,1000
653,0.008413207,8.413207,1000
654,0.001042957,1.042957,1000
655,0.000756237,0.756237,1000
656,0.003692933,3.692933,1000
657,0.04094752,40.94752,1000
658,0.001070445,1.070445,1000
659,0.000864005,0.864005,1000
660,0.000921302,0.921302,1000
661,0.026935175,26.935175,1000
662,0.040763207,40.763207,1000
663,0.001049602,1.049602,1000
664,0.008249485,8.249485,1000
665,0.001675105,1.675105,1000
666,0.000756217,0.756217,1000
667,0.001104291,1.104291,1000
668,0.001049624,1.049624,1000
669,0.003826111,3.826111,1000
670,0.148675791,148.675791,1000
671,0.008406924,8.406924,1000
672,0.000751075,0.751075,1000
673,0.016214397,16.214397,1000
674,0.001652168,1.652168,1000
675,0.003178249,3.178249,1000
676,0.001042957,1.042957,1000
677,0.077023914,77.023914,1000
678,0.000733117,0.733117,1000
679,0.008321742,8.321742,1000
680,0.008412833,8.412833,1000
681,0.247688576,247.688576,1000
682,0.076973357,76.973357,1000
683,0.00097261,0.97261,1000
684,0.001042957,1.042957,1000
685,0.001514928,1.514928,1000
686,0.075663658,75.663658,1000
687,0.001042979,1.042979,1000
688,0.027021022,27.021022,1000
689,0.002508973,2.508973,1000
690,0.075825648,75.825648,1000
691,0.001385374,1.385374,1000
692,0.369598644,369.598644,1000
693,0.000756251,0.756251,1000
694,0.003113018,3.113018,1000
695,0.040262247,40.262247,1000
696,0.123085379,123.085379,1000
697,0.000744353,0.744353,1000
698,0.001042957,1.042957,1000
699,0.001166277,1.166277,1000
700,0.02708938,27.08938,1000
701,0.000847133,0.847133,1000
702,0.002332497,2.332497,1000
703,0.000574815,0.574815,1000
704,0.000786564,0.786564,1000
705,0.000464343,0.464343,1000
706,0.027047857,27.047857,1000
707,0.329173953,329.173953,1000
708,0.008320207,8.320207,1000
709,0.003222594,3.222594,1000
710,0.000593611,0.593611,1000
711,0.040598177,40.598177,1000
712,0.002983499,2.983499,1000
713,0.001137589,1.137589,1000
714,0.001043007,1.043007,1000
715,0.121986186,121.986186,1000
716,0.008465231,8.465231,1000
717,0.000872451,0.872451,1000
718,0.001041789,1.041789,1000
719,0.001105714,1.105714,1000
720,0.001263851,1.263851,1000
721,0.008142136,8.142136,1000
722,0.000932738,0.932738,1000
723,0.000797951,0.797951,1000
724,0.000730557,0.730557,1000
725,0.041086092,41.086092,1000
726,0.001218607,1.218607,1000
727,0.000553697,0.553697,1000
728,0.00320422,3.20422,1000
729,0.000411194,0.411194,1000
730,0.075999652,75.999652,1000
731,0.0760103,76.0103,1000
732,0.000797951,0.797951,1000
733,0.027077453,27.077453,1000
734,0.000943847,0.943847,1000
735,0.008255509,8.255509,1000
736,0.016274612,16.274612,1000
737,0.003560181,3.560181,1000
738,0.008113708,8.113708,1000
739,0.016523308,16.523308,1000
740,0.001042957,1.042957,1000
741,0.001554338,1.554338,1000
742,0.000899791,0.899791,1000
743,0.008319728,8.319728,1000
744,0.001806673,1.806673,1000
745,0.006159047,6.159047,1000
746,0.003694847,3.694847,1000
747,0.003035152,3.035152,1000
748,0.008521028,8.521028,1000
749,0.000745121,0.745121,1000
750,0.097361167,97.361167,1000
751,0.008600974,8.600974,1000
752,0.040468398,40.468398,1000
753,0.016243194,16.243194,1000
754,0.001375999,1.375999,1000
755,0.000762893,0.762893,1000
756,0.097241746,97.241746,1000
757,0.001256038,1.256038,1000
758,0.008466489,8.466489,1000
759,0.000987114,0.987114,1000
760,0.001042281,1.042281,1000
761,0.000888733,0.888733,1000
762,0.000539538,0.539538,1000
763,0.001043007,1.043007,1000
764,0.075555557,75.555557,1000
765,0.001520493,1.520493,1000
766,0.001042979,1.042979,1000
767,0.001042979,1.042979,1000
768,0.000756242,0.756242,1000
769,0.003913793,3.913793,1000
770,0.000824522,0.824522,1000
771,0.000712867,0.712867,1000
772,0.003044151,3.044151,1000
773,0.027413973,27.413973,1000
774,0.000626183,0.626183,1000
775,0.001548993,1.548993,1000
776,0.000718911,0.718911,1000
777,0.000645273,0.645273,1000
778,0.001042817,1.042817,1000
779,0.000762871,0.762871,1000
780,0.001071105,1.071105,1000
781,0.008253634,8.253634,1000
782,0.000626601,0.626601,1000
783,0.000599929,0.599929,1000
784,0.017474326,17.474326,1000
785,0.001043007,1.043007,1000
786,0.001043007,1.043007,1000
787,0.000758276,0.758276,1000
788,0.003223804,3.223804,1000
789,0.000536799,0.536799,1000
790,0.005097311,5.097311,1000
791,0.003192187,3.192187,1000
792,0.002239397,2.239397,1000
793,0.008099497,8.099497,1000
794,0.002835022,2.835022,1000
795,0.001042957,1.042957,1000
796,0.001105854,1.105854,1000
797,0.0089282,8.9282,1000
798,0.003233306,3.233306,1000
799,0.003247956,3.247956,1000
800,0.097237141,97.237141,1000
801,0.016289812,16.289812,1000
802,0.041040801,41.040801,1000
803,0.211285311,211.285311,1000
804,0.002902424,2.902424,1000
805,0.001062569,1.062569,1000
806,0.001508912,1.508912,1000
807,0.008280656,8.280656,1000
808,0.001093622,1.093622,1000
809,0.027170542,27.170542,1000
810,0.00104294,1.04294,1000
811,0.001088682,1.088682,1000
812,0.001131756,1.131756,1000
813,0.000695229,0.695229,1000
814,0.003052671,3.052671,1000
815,0.003269552,3.269552,1000
816,0.000772554,0.772554,1000
817,0.211721608,211.721608,1000
818,0.001171024,1.171024,1000
819,0.002548317,2.548317,1000
820,0.001042957,1.042957,1000
821,0.001042957,1.042957,1000
822,0.001548993,1.548993,1000
823,0.075495774,75.495774,1000
824,0.056523726,56.523726,1000
825,0.075497898,75.497898,1000
826,0.016234654,16.234654,1000
827,0.006198637,6.198637,1000
828,0.001276271,1.276271,1000
829,0.121675203,121.675203,1000
830,0.000839661,0.839661,1000
831,0.001042979,1.042979,1000
832,0.000730235,0.730235,1000
833,0.001049652,1.049652,1000
834,0.042545836,42.545836,1000
835,0.000744726,0.744726,1000
836,0.008215141,8.215141,1000
837,0.040467353,40.467353,1000
838,0.056452793,56.452793,1000
839,0.005055815,5.055815,1000
840,0.001110762,1.110762,1000
841,0.003205661,3.205661,1000
842,0.027196805,27.196805,1000
843,0.001170493,1.170493,1000
844,0.003525199,3.525199,1000
845,0.246685006,246.685006,1000
846,0.001123047,1.123047,1000
847,0.284813225,284.813225,1000
848,0.001041789,1.041789,1000
849,0.056725015,56.725015,1000
850,0.001113699,1.113699,1000
851,0.001042817,1.042817,1000
852,0.008434371,8.434371,1000
853,0.000980322,0.980322,1000
854,0.001217114,1.217114,1000
855,0.008593491,8.593491,1000
856,0.001042957,1.042957,1000
857,0.003237354,3.237354,1000
858,0.040883707,40.883707,1000
859,0.000977081,0.977081,1000
860,0.003211186,3.211186,1000
861,0.003083892,3.083892,1000
862,0.000738207,0.738207,1000
863,0.00112316,1.12316,1000
864,0.000685355,0.685355,1000
865,0.002814084,2.814084,1000
866,0.040412288,40.412288,1000
867,0.056631262,56.631262,1000
868,0.148882616,148.882616,1000
869,0.017639206,17.639206,1000
870,0.006023407,6.023407,1000
871,0.001412327,1.412327,1000
872,0.001042957,1.042957,1000
873,0.12140319,121.40319,1000
874,0.000756167,0.756167,1000
875,0.000748674,0.748674,1000
876,0.00828368,8.28368,1000
877,0.056664436,56.664436,1000
878,0.003236256,3.236256,1000
879,0.001376162,1.376162,1000
880,0.001517562,1.517562,1000
881,0.016833838,16.833838,1000
882,0.002798641,2.798641,1000
883,0.000783076,0.783076,1000
884,0.002178997,2.178997,1000
885,0.041209944,41.209944,1000
886,0.001042957,1.042957,1000
887,0.001123176,1.123176,1000
888,0.001042817,1.042817,1000
889,0.016296153,16.296153,1000
890,0.002838029,2.838029,1000
891,0.000692804,0.692804,1000
892,0.001520388,1.520388,1000
893,0.002141521,2.141521,1000
894,0.003630559,3.630559,1000
895,0.008675622,8.675622,1000
896,0.000999821,0.999821,1000
897,0.001243319,1.243319,1000
898,0.003204195,3.204195,1000
899,0.000716966,0.716966,1000
900,0.003186535,3.186535,1000
901,0.072260091,72.260091,1000
902,0.027035743,27.035743,1000
903,0.027040444,27.040444,1000
904,0.000641138,0.641138,1000
905,0.008155813,8.155813,1000
906,0.000999859,0.999859,1000
907,0.003284661,3.284661,1000
908,0.001042957,1.042957,1000
909,0.026935317,26.935317,1000
910,0.001042979,1.042979,1000
911,0.001283549,1.283549,1000
912,0.246580392,246.580392,1000
913,0.001409184,1.409184,1000
914,0.001385415,1.385415,1000
915,0.001024352,1.024352,1000
916,0.00104294,1.04294,1000
917,0.001049602,1.049602,1000
918,0.008332546,8.332546,1000
919,0.001061713,1.061713,1000
920,0.121413993,121.413993,1000
921,0.00844999,8.44999,1000
922,0.00832497,8.32497,1000
923,0.179262556,179.262556,1000
924,0.002895157,2.895157,1000
925,0.001070943,1.070943,1000
926,0.000755837,0.755837,1000
927,0.000753323,0.753323,1000
928,0.008179025,8.179025,1000
929,0.001343688,1.343688,1000
930,0.008304844,8.304844,1000
931,0.001118831,1.118831,1000
932,0.003201008,3.201008,1000
933,0.001041789,1.041789,1000
934,0.001071083,1.071083,1000
935,0.002927013,2.927013,1000
936,0.008075109,8.075109,1000
937,0.003417072,3.417072,1000
938,0.017126669,17.126669,1000
939,0.006061541,6.061541,1000
940,0.001049602,1.049602,1000
941,0.001070943,1.070943,1000
942,0.003274998,3.274998,1000
943,0.178539008,178.539008,1000
944,0.001520309,1.520309,1000
945,0.284829399,284.829399,1000
946,0.008213674,8.213674,1000
947,0.008402119,8.402119,1000
948,0.016336255,16.336255,1000
949,0.0044766,4.4766,1000
950,0.001049602,1.049602,1000
951,0.000733568,0.733568,1000
952,0.000439751,0.439751,1000
953,0.001105714,1.105714,1000
954,0.008407138,8.407138,1000
955,0.001042957,1.042957,1000
956,0.001081965,1.081965,1000
957,0.003177344,3.177344,1000
958,0.148785944,148.785944,1000
959,0.001042957,1.042957,1000
960,0.00451039,4.51039,1000
961,0.018430672,18.430672,1000
962,0.001524997,1.524997,1000
963,0.001288585,1.288585,1000
964,0.00078731,0.78731,1000
965,0.003209524,3.209524,1000
966,0.000745034,0.745034,1000
967,0.001049652,1.049652,1000
968,0.007443821,7.443821,1000
969,0.001049462,1.049462,1000
970,0.000936819,0.936819,1000
971,0.121822322,121.822322,1000
972,0.001042957,1.042957,1000
973,0.001042957,1.042957,1000
974,0.000988301,0.988301,1000
975,0.001015836,1.015836,1000
976,0.001042957,1.042957,1000
977,0.001019778,1.019778,1000
978,0.00069443,0.69443,1000
979,0.178791488,178.791488,1000
980,0.075552323,75.552323,1000
981,0.001049624,1.049624,1000
982,0.001171661,1.171661,1000
983,0.016090336,16.090336,1000
984,0.003490297,3.490297,1000
985,0.001085188,1.085188,1000
986,0.001042957,1.042957,1000
987,0.000881513,0.881513,1000
988,0.00046579,0.46579,1000
989,0.001042957,1.042957,1000
990,0.009656192,9.656192,1000
991,0.00036648,0.36648,1000
992,0.003192361,3.192361,1000
993,0.00088486,0.88486,1000
994,0.003173142,3.173142,1000
995,0.41560149,415.60149,1000
996,0.056481573,56.481573,1000
997,0.000745121,0.745121,1000
998,0.000756217,0.756217,1000
999,0.001557631,1.557631,1000
1000,0.001043007,1.043007,1000
1001,0.075602424,75.602424,1000
1002,0.016410652,16.410652,1000
1003,0.003482674,3.482674,1000
1004,0.001070943,1.070943,1000
1005,0.026937759,26.937759,1000
1006,0.00846582,8.46582,1000
1007,0.369179255,369.179255,1000
1008,0.040446378,40.446378,1000
1009,0.00173923,1.73923,1000
1010,0.000692896,0.692896,1000
1011,0.001042979,1.042979,1000
1012,0.027027831,27.027831,1000
1013,0.056395121,56.395121,1000
1014,0.001049585,1.049585,1000
1015,0.000772579,0.772579,1000
1016,0.02669756,26.69756,1000
1017,0.000641234,0.641234,1000
1018,0.04037599,40.37599,1000
1019,0.008324862,8.324862,1000
1020,0.075651805,75.651805,1000
1021,0.325744396,325.744396,1000
1022,0.000874028,0.874028,1000
1023,0.001042957,1.042957,1000
1024,0.003304072,3.304072,1000
1025,0.001233762,1.233762,1000
1026,0.000839432,0.839432,1000
1027,0.001519731,1.519731,1000
1028,0.001258003,1.258003,1000
1029,0.001071066,1.071066,1000
1030,0.148617388,148.617388,1000
1031,0.003344677,3.344677,1000
1032,0.040361266,40.361266,1000
1033,0.001041789,1.041789,1000
1034,0.595287691,595.287691,1000
1035,0.003015819,3.015819,1000
1036,0.0968469,96.8469,1000
1037,0.008704321,8.704321,1000
1038,0.001042957,1.042957,1000
1039,0.000689805,0.689805,1000
1040,0.000651514,0.651514,1000
1041,0.097169124,97.169124,1000
1042,0.001116737,1.116737,1000
1043,0.00079146,0.79146,1000
1044,0.151834026,151.834026,1000
1045,0.001548993,1.548993,1000
1046,0.040396652,40.396652,1000
1047,0.001197056,1.197056,1000
1048,0.001151318,1.151318,1000
1049,0.001371919,1.371919,1000
1051,0.000745158,0.745158,1000
1052,0.00104294,1.04294,1000
1053,0.001303706,1.303706,1000
1054,0.000959916,0.959916,1000
1055,0.002297278,2.297278,1000
1056,0.21113378,211.13378,1000
1057,0.007871671,7.871671,1000
1058,0.000972834,0.972834,1000
1059,0.001042319,1.042319,1000
1060,0.000884216,0.884216,1000
1061,0.03739885,37.39885,1000
1062,0.000801823,0.801823,1000
1063,0.121514417,121.514417,1000
1064,0.001071083,1.071083,1000
1065,0.001071133,1.071133,1000
1066,0.00059383,0.59383,1000
1067,0.0005158,0.5158,1000
1068,0.003436748,3.436748,1000
1069,0.000679641,0.679641,1000
1070,0.001134926,1.134926,1000
1071,0.14840074,148.40074,1000
1072,0.040127605,40.127605,1000
1073,0.028464487,28.464487,1000
1074,0.000639254,0.639254,1000
1075,0.001153677,1.153677,1000
1076,0.003222475,3.222475,1000
1077,0.001042817,1.042817,1000
1078,0.097168725,97.168725,1000
1079,0.00151601,1.51601,1000
1080,0.001124571,1.124571,1000
1081,0.016780275,16.780275,1000
1082,0.000722868,0.722868,1000
1083,0.000931712,0.931712,1000
1084,0.007957619,7.957619,1000
1085,0.00177334,1.77334,1000
1086,0.007855516,7.855516,1000
1087,0.121406424,121.406424,1000
1088,0.002652119,2.652119,1000
1089,0.016195099,16.195099,1000
1090,0.001542492,1.542492,1000
1091,0.000706512,0.706512,1000
1092,0.001431955,1.431955,1000
1093,0.001256628,1.256628,1000
1094,0.000661408,0.661408,1000
1095,0.009653513,9.653513,1000
1096,0.002209025,2.209025,1000
1097,0.000781515,0.781515,1000
1098,0.001158353,1.158353,1000
1099,0.001134926,1.134926,1000
1100,0.004334882,4.334882,1000
1101,0.000892404,0.892404,1000
1102,0.002078233,2.078233,1000
1103,0.00081368,0.81368,1000
1104,0.017861196,17.861196,1000
1105,0.02792485,27.92485,1000
1106,0.018827838,18.827838,1000
1107,0.000727326,0.727326,1000
1108,0.001211739,1.211739,1000
1109,0.000550777,0.550777,1000
1110,0.002032874,2.032874,1000
1111,0.008276302,8.276302,1000
1112,0.000772707,0.772707,1000
1113,0.00103168,1.03168,1000
1114,0.000544797,0.544797,1000
1115,0.000993186,0.993186,1000
1116,0.001441869,1.441869,1000
1117,0.001141219,1.141219,1000
1118,0.010425061,10.425061,1000
1119,0.000845096,0.845096,1000
1120,0.00137604,1.37604,1000
1121,0.000622677,0.622677,1000
1122,0.001123686,1.123686,1000
1123,0.000589379,0.589379,1000
1124,0.000719328,0.719328,1000
1125,0.000372274,0.372274,1000
1126,0.001623754,1.623754,1000
1127,0.001134919,1.134919,1000
1128,0.000725634,0.725634,1000
1129,0.00115367,1.15367,1000
1130,0.00809483,8.09483,1000
1131,0.002102573,2.102573,1000
1132,0.00160342,1.60342,1000
1133,0.001062569,1.062569,1000
1134,0.004265611,4.265611,1000
1135,0.001785069,1.785069,1000
1136,0.000622676,0.622676,1000
1137,0.000780547,0.780547,1000
1138,0.001656285,1.656285,1000
1139,0.001746026,1.746026,1000
1140,0.000805276,0.805276,1000
1141,0.013371292,13.371292,1000
1142,0.00496448,4.96448,1000
1143,0.001592412,1.592412,1000
1144,0.000963771,0.963771,1000
1145,0.000882229,0.882229,1000
1146,0.000583717,0.583717,1000
1147,0.000862398,0.862398,1000
1148,0.001822092,1.822092,1000
1149,0.001382615,1.382615,1000
1150,0.001043007,1.043007,1000
1151,0.000733475,0.733475,1000
1152,0.000763894,0.763894,1000
1153,0.000959881,0.959881,1000
1154,0.001097456,1.097456,1000
1155,0.000839621,0.839621,1000
1156,0.000453476,0.453476,1000
1157,0.001619425,1.619425,1000
1158,0.000864134,0.864134,1000
1159,0.000939214,0.939214,1000
1160,0.001609939,1.609939,1000
1161,0.001088653,1.088653,1000
1162,0.001604228,1.604228,1000
1163,0.001231268,1.231268,1000
1165,0.002836884,2.836884,1000
1166,0.001010218,1.010218,1000
1167,0.000857012,0.857012,1000
1168,0.001115267,1.115267,1000
1169,0.001081154,1.081154,1000
1170,0.002245777,2.245777,1000
1171,0.000877814,0.877814,1000
1172,0.001203396,1.203396,1000
1173,0.0005775,0.5775,1000
1174,0.000680476,0.680476,1000
1175,0.011060475,11.060475,1000
1176,0.00127624,1.27624,1000
1177,0.003899763,3.899763,1000
1178,0.017520828,17.520828,1000
1179,0.001491057,1.491057,1000
1180,0.002954188,2.954188,1000
1181,0.016798522,16.798522,1000
1182,0.000630825,0.630825,1000
1183,0.000727829,0.727829,1000
1184,0.000512161,0.512161,1000
1185,0.00129585,1.29585,1000
1186,0.001719707,1.719707,1000
1187,0.000843525,0.843525,1000
1188,0.000838237,0.838237,1000
1189,0.002292515,2.292515,1000
1190,0.000919478,0.919478,1000
1191,0.012117801,12.117801,1000
1192,0.002731477,2.731477,1000
1193,0.004827348,4.827348,1000
1194,0.001746026,1.746026,1000
1195,0.001225035,1.225035,1000
1196,0.000732141,0.732141,1000
1197,0.000937371,0.937371,1000
1198,0.000924355,0.924355,1000
1199,0.000576778,0.576778,1000
1200,0.000924355,0.924355,1000
1201,0.000572429,0.572429,1000
1202,0.002569608,2.569608,1000
1203,0.001145322,1.145322,1000
1204,0.001321882,1.321882,1000
1205,0.0029404,2.9404,1000
1206,0.003864863,3.864863,1000
1207,0.000701862,0.701862,1000
1208,0.010484427,10.484427,1000
1209,0.000922584,0.922584,1000
1210,0.000847763,0.847763,1000
1211,0.001185902,1.185902,1000
1212,0.000585364,0.585364,1000
1213,0.000884242,0.884242,1000
1214,0.003710564,3.710564,1000
1215,0.001362491,1.362491,1000
1216,0.001187465,1.187465,1000
1217,0.001750714,1.750714,1000
1218,0.001122548,1.122548,1000
1219,0.000879684,0.879684,1000
1220,0.000909067,0.909067,1000
1221,0.001190563,1.190563,1000
1222,0.000734002,0.734002,1000
1223,0.008098674,8.098674,1000
1224,0.008036756,8.036756,1000
1225,0.000933648,0.933648,1000
1226,0.001270917,1.270917,1000
1227,0.000895438,0.895438,1000
1228,0.00171095,1.71095,1000
1229,0.000908547,0.908547,1000
1230,0.07521187,75.21187,1000
1231,0.000298932,0.298932,1000
1232,0.00136723,1.36723,1000
1233,0.000602902,0.602902,1000
1234,0.000856541,0.856541,1000
1235,0.001134919,1.134919,1000
1236,0.000606939,0.606939,1000
1237,0.000537472,0.537472,1000
1238,0.000894037,0.894037,1000
1239,0.003943457,3.943457,1000
1240,0.000716909,0.716909,1000
1241,0.000618588,0.618588,1000
1242,0.05626603,56.26603,1000
1243,0.000783777,0.783777,1000
1244,0.000834291,0.834291,1000
1245,0.001000935,1.000935,1000
1246,0.000947553,0.947553,1000
1247,0.000767653,0.767653,1000
1248,0.000719361,0.719361,1000
1249,0.001006227,1.006227,1000
1250,0.00721656,7.21656,1000
1251,0.005939056,5.939056,1000
1252,0.000763627,0.763627,1000
1253,0.004515476,4.515476,1000
1254,0.000908131,0.908131,1000
1255,0.001042979,1.042979,1000
1256,0.001553988,1.553988,1000
1257,0.000935513,0.935513,1000
1258,0.000778462,0.778462,1000
1259,0.001081154,1.081154,1000
1260,0.001184695,1.184695,1000
1261,0.001042957,1.042957,1000
1262,0.000446482,0.446482,1000
1263,0.001042957,1.042957,1000
1264,0.016335943,16.335943,1000
1265,0.019879711,19.879711,1000
1266,0.000906029,0.906029,1000
1267,0.001749287,1.749287,1000
1268,0.001042979,1.042979,1000
1269,0.002800335,2.800335,1000
1270,0.000725101,0.725101,1000
1271,0.001081154,1.081154,1000
1272,0.000829373,0.829373,1000
1273,0.000837977,0.837977,1000
1274,0.002264325,2.264325,1000
1275,0.008139244,8.139244,1000
1276,0.002997275,2.997275,1000
1277,0.00103168,1.03168,1000
1278,0.000830527,0.830527,1000
1279,0.002795982,2.795982,1000
1280,0.001684158,1.684158,1000
1281,0.001011567,1.011567,1000
1282,0.001258247,1.258247,1000
1283,0.001092865,1.092865,1000
1284,0.001006227,1.006227,1000
1285,0.001815965,1.815965,1000
1286,0.000762804,0.762804,1000
1287,0.000686375,0.686375,1000
1288,0.006820241,6.820241,1000
1289,0.000509782,0.509782,1000
1290,0.101472447,101.472447,1000
1291,0.056600318,56.600318,1000
1292,0.000882371,0.882371,1000
1293,0.000783777,0.783777,1000
1294,0.001633611,1.633611,1000
1295,0.006231248,6.231248,1000
1296,0.002118341,2.118341,1000
1297,0.000898989,0.898989,1000
1298,0.001469299,1.469299,1000
1299,0.000820061,0.820061,1000
1300,0.001554702,1.554702,1000
1301,0.000859531,0.859531,1000
1302,0.000657094,0.657094,1000
1303,0.001258836,1.258836,1000
1305,0.002019275,2.019275,1000
1306,0.000471893,0.471893,1000
1307,0.001586283,1.586283,1000
1308,0.000455416,0.455416,1000
1309,0.007810299,7.810299,1000
1310,0.016298742,16.298742,1000
1311,0.009253767,9.253767,1000
1312,0.001277304,1.277304,1000
1313,0.000864807,0.864807,1000
1314,0.001746026,1.746026,1000
1315,0.000990786,0.990786,1000
1316,0.002107125,2.107125,1000
1317,0.000769933,0.769933,1000
1318,0.001372139,1.372139,1000
1319,0.001129014,1.129014,1000
1320,0.000964089,0.964089,1000
1321,0.000993124,0.993124,1000
1322,0.001067881,1.067881,1000
1323,0.001520388,1.520388,1000
1324,0.000975911,0.975911,1000
1325,0.013062034,13.062034,1000
1326,0.000859937,0.859937,1000
1327,0.001150885,1.150885,1000
1328,0.00092668,0.92668,1000
1329,0.000852548,0.852548,1000
1330,0.000901214,0.901214,1000
1331,0.000717888,0.717888,1000
1332,0.000849687,0.849687,1000
1333,0.00114796,1.14796,1000
1334,0.001878162,1.878162,1000
1335,0.010764409,10.764409,1000
1336,0.000620028,0.620028,1000
1337,0.001006227,1.006227,1000
1338,0.000670877,0.670877,1000
1339,0.040600312,40.600312,1000
1340,0.001055008,1.055008,1000
1341,0.000923701,0.923701,1000
1342,0.001681739,1.681739,1000
1343,0.001595339,1.595339,1000
1344,0.016175659,16.175659,1000
1345,0.003316182,3.316182,1000
1346,0.026933819,26.933819,1000
1347,0.008373072,8.373072,1000
1348,0.003370743,3.370743,1000
1349,0.000483515,0.483515,1000
1350,0.000755641,0.755641,1000
1351,0.001043878,1.043878,1000
1352,0.003232797,3.232797,1000
1353,0.121971008,121.971008,1000
1354,0.179076442,179.076442,1000
1355,0.016758031,16.758031,1000
1356,0.008193313,8.193313,1000
1357,0.026862835,26.862835,1000
1358,0.009612218,9.612218,1000
1359,0.009351811,9.351811,1000
1360,0.002738482,2.738482,1000
1361,0.008229371,8.229371,1000
1362,0.000785974,0.785974,1000
1363,0.008816788,8.816788,1000
1364,0.000656585,0.656585,1000
1365,0.001001579,1.001579,1000
1366,0.00084936,0.84936,1000
1367,0.00083425,0.83425,1000
1368,0.001701991,1.701991,1000
1369,0.121795162,121.795162,1000
1370,0.003752932,3.752932,1000
1371,0.000571121,0.571121,1000
1372,0.000982646,0.982646,1000
1373,0.000745172,0.745172,1000
1374,0.000680514,0.680514,1000
1375,0.003145866,3.145866,1000
1376,0.001042957,1.042957,1000
1377,0.097600407,97.600407,1000
1378,0.001070943,1.070943,1000
1379,0.121618502,121.618502,1000
1380,0.001018703,1.018703,1000
1381,0.000569475,0.569475,1000
1382,0.000935507,0.935507,1000
1383,0.008978558,8.978558,1000
1384,0.00101503,1.01503,1000
1385,0.003203379,3.203379,1000
1386,0.001092761,1.092761,1000
1387,0.016336502,16.336502,1000
1388,0.075608082,75.608082,1000
1389,0.00097042,0.97042,1000
1390,0.097197334,97.197334,1000
1391,0.001433306,1.433306,1000
1392,0.000744733,0.744733,1000
1393,0.008592035,8.592035,1000
1394,0.008425405,8.425405,1000
1395,0.003184467,3.184467,1000
1396,0.00324534,3.24534,1000
1397,0.212295574,212.295574,1000
1398,0.178928268,178.928268,1000
1399,0.003154766,3.154766,1000
1400,0.001520388,1.520388,1000
1401,0.00104294,1.04294,1000
1402,0.006711323,6.711323,1000
1403,0.000959247,0.959247,1000
1404,0.001371919,1.371919,1000
1405,0.001520388,1.520388,1000
1406,0.016417501,16.417501,1000
1407,0.000976392,0.976392,1000
1408,0.00815878,8.15878,1000
1409,0.001516181,1.516181,1000
1410,0.246694953,246.694953,1000
1411,0.008293632,8.293632,1000
1412,0.007283954,7.283954,1000
1413,0.008324823,8.324823,1000
1414,0.001042817,1.042817,1000
1415,0.008462996,8.462996,1000
1416,0.026965363,26.965363,1000
1417,0.006749922,6.749922,1000
1418,0.00104294,1.04294,1000
1419,0.001071066,1.071066,1000
1420,0.040477303,40.477303,1000
1421,0.001091954,1.091954,1000
1422,0.001042957,1.042957,1000
1423,0.04029522,40.29522,1000
1424,0.096805051,96.805051,1000
1425,0.056420469,56.420469,1000
1426,0.040448014,40.448014,1000
1427,0.001042957,1.042957,1000
1428,0.097137993,97.137993,1000
1429,0.000922223,0.922223,1000
1430,0.016349759,16.349759,1000
1431,0.00332861,3.32861,1000
1432,0.026925748,26.925748,1000
1433,0.148607317,148.607317,1000
1434,0.027066036,27.066036,1000
1435,0.000741494,0.741494,1000
1436,0.008488486,8.488486,1000
1437,0.088774168,88.774168,1000
1438,0.002951226,2.951226,1000
1439,0.056196212,56.196212,1000
1440,0.016288768,16.288768,1000
1441,0.001256038,1.256038,1000
1442,0.003073871,3.073871,1000
1443,0.000869722,0.869722,1000
1444,0.001042817,1.042817,1000
1445,0.0006542,0.6542,1000
1446,0.0010663,1.0663,1000
1448,0.001042817,1.042817,1000
1449,0.000681485,0.681485,1000
1450,0.001070943,1.070943,1000
1451,0.001070943,1.070943,1000
1452,0.000856678,0.856678,1000
1453,0.000855632,0.855632,1000
1454,0.001134919,1.134919,1000
1455,0.000992011,0.992011,1000
1456,0.000725776,0.725776,1000
1457,0.000891027,0.891027,1000
1458,0.0050809,5.0809,1000
1459,0.001141219,1.141219,1000
1460,0.000613,0.613,1000
1461,0.000941993,0.941993,1000
1462,0.001520388,1.520388,1000
1463,0.004227956,4.227956,1000
1464,0.001548993,1.548993,1000
1465,0.001141219,1.141219,1000
1466,0.053886558,53.886558,1000
1467,0.002806368,2.806368,1000
1468,0.001000921,1.000921,1000
1469,0.00095048,0.95048,1000
1470,0.00319116,3.19116,1000
1471,0.000731229,0.731229,1000
1472,0.000962853,0.962853,1000
1473,0.004487772,4.487772,1000
1474,0.005861275,5.861275,1000
1475,0.001578506,1.578506,1000
1476,0.000973784,0.973784,1000
1477,0.001868514,1.868514,1000
1478,0.000774553,0.774553,1000
1479,0.001168178,1.168178,1000
1480,0.000423966,0.423966,1000
1481,0.001011874,1.011874,1000
1482,0.001480218,1.480218,1000
1483,0.001205656,1.205656,1000
1484,0.000813088,0.813088,1000
1485,0.000825966,0.825966,1000
1486,0.001015299,1.015299,1000
1487,0.013676784,13.676784,1000
1488,0.054436039,54.436039,1000
1489,0.000969223,0.969223,1000
1490,0.00103168,1.03168,1000
1491,0.02452973,24.52973,1000
1492,0.00114796,1.14796,1000
1493,0.000439138,0.439138,1000
1494,0.016097574,16.097574,1000
1495,0.00271374,2.71374,1000
1496,0.000721949,0.721949,1000
1497,0.003082233,3.082233,1000
1498,0.001042957,1.042957,1000
1499,0.009237505,9.237505,1000
1500,0.00081312,0.81312,1000
1501,0.006542396,6.542396,1000
1502,0.00287666,2.87666,1000
1503,0.000979701,0.979701,1000
1504,0.002787604,2.787604,1000
1505,0.122632712,122.632712,1000
1506,0.001042957,1.042957,1000
1507,0.000980418,0.980418,1000
1508,0.010113805,10.113805,1000
1509,0.000521025,0.521025,1000
1510,0.001608865,1.608865,1000
1511,0.000595839,0.595839,1000
1512,0.000753543,0.753543,1000
1513,0.001381172,1.381172,1000
1514,0.000839525,0.839525,1000
1515,0.000518734,0.518734,1000
1516,0.002711481,2.711481,1000
1517,0.000308065,0.308065,1000
1518,0.003080708,3.080708,1000
1519,0.001420585,1.420585,1000
1520,0.00081312,0.81312,1000
1521,0.015852016,15.852016,1000
1522,0.003527748,3.527748,1000
1523,0.595283003,595.283003,1000
1524,0.000993186,0.993186,1000
1525,0.011232422,11.232422,1000
1526,0.000622246,0.622246,1000
1527,0.000896191,0.896191,1000
1528,0.00103168,1.03168,1000
1529,0.000788818,0.788818,1000
1530,0.000993186,0.993186,1000
1531,0.002777254,2.777254,1000
1532,0.000375331,0.375331,1000
1533,0.002473811,2.473811,1000
1534,0.000758761,0.758761,1000
1535,0.000822717,0.822717,1000
1536,0.000927585,0.927585,1000
1537,0.00448507,4.48507,1000
1538,0.000783777,0.783777,1000
1539,0.000623469,0.623469,1000
1540,0.001043007,1.043007,1000
1541,0.002083936,2.083936,1000
1542,0.035873135,35.873135,1000
1543,0.014256469,14.256469,1000
1544,0.000810886,0.810886,1000
1545,0.001746026,1.746026,1000
1546,0.001162577,1.162577,1000
1547,0.001011936,1.011936,1000
1548,0.001087112,1.087112,1000
1549,0.000925473,0.925473,1000
1550,0.000937243,0.937243,1000
1551,0.000854476,0.854476,1000
1552,0.000628505,0.628505,1000
1553,0.000783777,0.783777,1000
1554,0.001609087,1.609087,1000
1555,0.525199748,525.199748,1000
1556,0.000590926,0.590926,1000
1557,0.000723918,0.723918,1000
1558,0.001730499,1.730499,1000
1559,0.026938626,26.938626,1000
1560,0.002729977,2.729977,1000
1561,0.001536237,1.536237,1000
1562,0.213857299,213.857299,1000
1563,0.008217639,8.217639,1000
1564,0.000994546,0.994546,1000
1565,0.001132976,1.132976,1000
1566,0.000434375,0.434375,1000
1567,0.000704512,0.704512,1000
1568,0.00398807,3.98807,1000
1569,0.0004225,0.4225,1000
1570,0.002740565,2.740565,1000
1571,0.000803487,0.803487,1000
1572,0.000753582,0.753582,1000
1573,0.000839297,0.839297,1000
1574,0.001266857,1.266857,1000
1575,0.001273327,1.273327,1000
1576,0.00074516,0.74516,1000
1577,0.000818583,0.818583,1000
1578,0.002935943,2.935943,1000
1579,0.00156057,1.56057,1000
1580,0.003437135,3.437135,1000
1581,0.002808024,2.808024,1000
1582,0.015736821,15.736821,1000
1583,0.001749287,1.749287,1000
1584,0.001129417,1.129417,1000
1585,0.001750714,1.750714,1000
1586,0.001750714,1.750714,1000
1587,0.000721982,0.721982,1000
1588,0.00122092,1.22092,1000
1589,0.000993124,0.993124,1000
1590,0.003113498,3.113498,1000
1591,0.001256303,1.256303,1000
1592,0.003591779,3.591779,1000
1593,0.000898043,0.898043,1000
1594,0.001141219,1.141219,1000
1595,0.000899435,0.899435,1000
1596,0.001687056,1.687056,1000
1597,0.001821889,1.821889,1000
1598,0.023937357,23.937357,1000
1599,0.000835138,0.835138,1000
1600,0.000993186,0.993186,1000
1601,0.001139001,1.139001,1000
1602,0.001148597,1.148597,1000
1603,0.003417483,3.417483,1000
1604,0.002284877,2.284877,1000
1605,0.001660394,1.660394,1000
1606,0.00122975,1.22975,1000
1607,0.001246149,1.246149,1000
1608,0.000655503,0.655503,1000
1609,0.001830032,1.830032,1000
1610,0.00147013,1.47013,1000
1611,0.000841385,0.841385,1000
1612,0.020115297,20.115297,1000
1613,0.001225214,1.225214,1000
1614,0.001134926,1.134926,1000
1615,0.001057527,1.057527,1000
1616,0.001089491,1.089491,1000
1617,0.001603065,1.603065,1000
1618,0.000953046,0.953046,1000
1619,0.001024494,1.024494,1000
1620,0.00103168,1.03168,1000
1621,0.000801032,0.801032,1000
1622,0.000993186,0.993186,1000
1623,0.001288232,1.288232,1000
1624,0.00082706,0.82706,1000
1625,0.000671184,0.671184,1000
1626,0.000649646,0.649646,1000
1627,0.002509676,2.509676,1000
1628,0.023264367,23.264367,1000
1629,0.001609389,1.609389,1000
1630,0.004850478,4.850478,1000
1631,0.000948554,0.948554,1000
1632,0.00064408,0.64408,1000
1633,0.000929847,0.929847,1000
1634,0.001188289,1.188289,1000
1635,0.002001524,2.001524,1000
1636,0.000789102,0.789102,1000
1637,0.000632902,0.632902,1000
1638,0.001821889,1.821889,1000
1639,0.000993124,0.993124,1000
1640,0.000938291,0.938291,1000
1641,0.000906343,0.906343,1000
1642,0.000902766,0.902766,1000
1643,0.000868242,0.868242,1000
1644,0.000877254,0.877254,1000
1645,0.001437959,1.437959,1000
1646,0.00075932,0.75932,1000
1647,0.016550911,16.550911,1000
1648,0.057596952,57.596952,1000
1649,0.001324896,1.324896,1000
1650,0.000663113,0.663113,1000
1651,0.001123671,1.123671,1000
1652,0.000882362,0.882362,1000
1653,0.000646026,0.646026,1000
1654,0.000852794,0.852794,1000
1655,0.004232199,4.232199,1000
1656,0.000713735,0.713735,1000
1657,0.000584545,0.584545,1000
1658,0.001313187,1.313187,1000
1659,0.000923345,0.923345,1000
1660,0.000746002,0.746002,1000
1661,0.001203396,1.203396,1000
1662,0.000872307,0.872307,1000
1663,0.001141556,1.141556,1000
1664,0.016620255,16.620255,1000
1665,0.001273169,1.273169,1000
1666,0.000728386,0.728386,1000
1667,0.000878213,0.878213,1000
1668,0.001825149,1.825149,1000
1669,0.000993186,0.993186,1000
1670,0.001524892,1.524892,1000
1671,0.000635282,0.635282,1000
1672,0.000752578,0.752578,1000
1673,0.001632638,1.632638,1000
1674,0.001144908,1.144908,1000
1675,0.000754107,0.754107,1000
1676,0.00063005,0.63005,1000
1677,0.001194905,1.194905,1000
1678,0.001011347,1.011347,1000
1679,0.000908998,0.908998,1000
1680,0.001032773,1.032773,1000
1681,0.000548179,0.548179,1000
1682,0.001134919,1.134919,1000
1683,0.001306471,1.306471,1000
1684,0.00065536,0.65536,1000
1685,0.000734286,0.734286,1000
1686,0.000575874,0.575874,1000
1687,0.000889448,0.889448,1000
1688,0.000958414,0.958414,1000
1689,0.000903105,0.903105,1000
1690,0.001044721,1.044721,1000
1691,0.001062569,1.062569,1000
1692,0.00149109,1.49109,1000
1693,0.008071483,8.071483,1000
1694,0.000751673,0.751673,1000
1695,0.000609264,0.609264,1000
1696,0.001453666,1.453666,1000
1697,0.000814964,0.814964,1000
1698,0.000865169,0.865169,1000
1699,0.001990293,1.990293,1000
1700,0.000692344,0.692344,1000
1701,0.002270035,2.270035,1000
1702,0.00103168,1.03168,1000
1703,0.000929552,0.929552,1000
1704,0.013124584,13.124584,1000
1705,0.001134919,1.134919,1000
1706,0.120582706,120.582706,1000
1707,0.023955632,23.955632,1000
1708,0.00081312,0.81312,1000
1709,0.06457915,64.57915,1000
1710,0.000891099,0.891099,1000
1711,0.000523379,0.523379,1000
1712,0.000961517,0.961517,1000
1713,0.000973784,0.973784,1000
1714,0.000441831,0.441831,1000
1715,0.001099781,1.099781,1000
1716,0.000993124,0.993124,1000
1717,0.002207987,2.207987,1000
1718,0.004819754,4.819754,1000
1719,0.000740493,0.740493,1000
1720,0.000861396,0.861396,1000
1721,0.000681153,0.681153,1000
1722,0.000977385,0.977385,1000
1723,0.001072764,1.072764,1000
1724,0.001122798,1.122798,1000
1725,0.001151372,1.151372,1000
1726,0.001545753,1.545753,1000
1727,0.001046595,1.046595,1000
1728,0.00060292,0.60292,1000
1729,0.001284044,1.284044,1000
1730,0.000894191,0.894191,1000
1731,0.331320242,331.320242,1000
1732,0.000286149,0.286149,1000
1733,0.005540605,5.540605,1000
1734,0.001044721,1.044721,1000
1735,0.000844461,0.844461,1000
1736,0.00068056,0.68056,1000
1737,0.001945226,1.945226,1000
1738,0.000953672,0.953672,1000
1739,0.001343344,1.343344,1000
1740,0.000685099,0.685099,1000
1741,0.001074071,1.074071,1000
1742,0.000787718,0.787718,1000
1743,0.000993186,0.993186,1000
1744,0.000993186,0.993186,1000
1745,0.000844307,0.844307,1000
1746,0.000336206,0.336206,1000
1747,0.000878348,0.878348,1000
1748,0.003055632,3.055632,1000
1749,0.001035124,1.035124,1000
1750,0.000700382,0.700382,1000
1751,0.001451932,1.451932,1000
1752,0.000732712,0.732712,1000
1753,0.000878348,0.878348,1000
1754,0.000878348,0.878348,1000
1755,0.000878348,0.878348,1000
1756,0.00149109,1.49109,1000
1757,0.000769018,0.769018,1000
1758,0.000834089,0.834089,1000
1759,0.000575569,0.575569,1000
1760,0.000949489,0.949489,1000
1761,0.111846471,111.846471,1000
1762,0.000340885,0.340885,1000
1763,0.00061594,0.61594,1000
1764,0.001520187,1.520187,1000
1765,0.001059361,1.059361,1000
1766,0.001601038,1.601038,1000
1767,0.000384009,0.384009,1000
1768,0.000931282,0.931282,1000
1769,0.016921527,16.921527,1000
1770,0.000795471,0.795471,1000
1771,0.000848419,0.848419,1000
1772,0.003610828,3.610828,1000
1773,0.001521794,1.521794,1000
1774,0.001104994,1.104994,1000
1775,0.001281766,1.281766,1000
1776,0.000755836,0.755836,1000
1777,0.01670173,16.70173,1000
1778,0.001592503,1.592503,1000
1779,0.000824951,0.824951,1000
1780,0.000791045,0.791045,1000
1781,0.001062502,1.062502,1000
1782,0.002703522,2.703522,1000
1783,0.000478449,0.478449,1000
1784,0.000848389,0.848389,1000
1785,0.001196004,1.196004,1000
1786,0.000370901,0.370901,1000
1787,0.00063408,0.63408,1000
1788,0.000820668,0.820668,1000
1789,0.004377114,4.377114,1000
1790,0.000802671,0.802671,1000
1791,0.000993186,0.993186,1000
1792,0.001004528,1.004528,1000
1793,0.000905232,0.905232,1000
1794,0.001384881,1.384881,1000
1795,0.143157562,143.157562,1000
1796,0.001746026,1.746026,1000
1797,0.000628464,0.628464,1000
1798,0.000924355,0.924355,1000
1799,0.001376094,1.376094,1000
1800,0.000639801,0.639801,1000
1801,0.001382615,1.382615,1000
1802,0.000835343,0.835343,1000
1803,0.00424115,4.24115,1000
1804,0.006917599,6.917599,1000
1805,0.001060469,1.060469,1000
1806,0.001357776,1.357776,1000
1807,0.000546051,0.546051,1000
1808,0.007379689,7.379689,1000
1809,0.001055984,1.055984,1000
1810,0.000770925,0.770925,1000
1811,0.000808158,0.808158,1000
1812,0.000909479,0.909479,1000
1813,0.000587763,0.587763,1000
1814,0.003474288,3.474288,1000
1815,0.000704203,0.704203,1000
1816,0.004006104,4.006104,1000
1817,0.000694007,0.694007,1000
1818,0.000602213,0.602213,1000
1819,0.000821209,0.821209,1000
1820,0.00072605,0.72605,1000
1821,0.000565407,0.565407,1000
1822,0.001134352,1.134352,1000
1823,0.000875001,0.875001,1000
1824,0.000908973,0.908973,1000
1825,0.001006227,1.006227,1000
1826,0.000935513,0.935513,1000
1827,0.001193174,1.193174,1000
1828,0.00103168,1.03168,1000
1829,0.003303548,3.303548,1000
1830,0.000630292,0.630292,1000
1831,0.00080002,0.80002,1000
1832,0.001188468,1.188468,1000
1833,0.00113415,1.13415,1000
1834,0.004763369,4.763369,1000
1835,0.003231737,3.231737,1000
1836,0.000691808,0.691808,1000
1837,0.001202036,1.202036,1000
1838,0.006260655,6.260655,1000
1839,0.015032786,15.032786,1000
1840,0.001683406,1.683406,1000
1841,0.001018248,1.018248,1000
1842,0.001292724,1.292724,1000
1843,0.000984223,0.984223,1000
1844,0.001307254,1.307254,1000
1845,0.08958188,89.58188,1000
1846,0.001240426,1.240426,1000
1847,0.002307693,2.307693,1000
1848,0.001598603,1.598603,1000
1849,0.000977131,0.977131,1000
1850,0.001557565,1.557565,1000
1851,0.000979319,0.979319,1000
1852,0.000693847,0.693847,1000
1853,0.017197801,17.197801,1000
1854,0.000858706,0.858706,1000
1856,0.017989355,17.989355,1000
1857,0.002718049,2.718049,1000
1858,0.002542528,2.542528,1000
1859,0.000391732,0.391732,1000
1860,0.005353625,5.353625,1000
1861,0.000932372,0.932372,1000
1862,0.002459611,2.459611,1000
1863,0.001615932,1.615932,1000
1864,0.001376094,1.376094,1000
1865,0.001043007,1.043007,1000
1866,0.000993186,0.993186,1000
1867,0.001502513,1.502513,1000
1868,0.00114796,1.14796,1000
1869,0.000520737,0.520737,1000
1870,0.000921448,0.921448,1000
1871,0.001023123,1.023123,1000
1872,0.00126384,1.26384,1000
1873,0.000567324,0.567324,1000
1874,0.005806638,5.806638,1000
1875,0.0008958,0.8958,1000
1876,0.000982924,0.982924,1000
1877,0.001064594,1.064594,1000
1878,0.001002329,1.002329,1000
1879,0.056184511,56.184511,1000
1880,0.002954205,2.954205,1000
1881,0.001404664,1.404664,1000
1882,0.000912652,0.912652,1000
1883,0.003418855,3.418855,1000
1884,0.000881303,0.881303,1000
1885,0.001204278,1.204278,1000
1886,0.001594541,1.594541,1000
1887,0.000956796,0.956796,1000
1888,0.00101079,1.01079,1000
1889,0.004092172,4.092172,1000
1890,0.000717496,0.717496,1000
1891,0.000823201,0.823201,1000
1892,0.00114796,1.14796,1000
1893,0.002495875,2.495875,1000
1894,0.00114907,1.14907,1000
1895,0.000920161,0.920161,1000
1896,0.001225702,1.225702,1000
1897,0.000847283,0.847283,1000
1898,0.000735277,0.735277,1000
1899,0.0216793,21.6793,1000
1900,0.000618142,0.618142,1000
1901,0.003118153,3.118153,1000
1902,0.001342952,1.342952,1000
1903,0.001372382,1.372382,1000
1904,0.06457589,64.57589,1000
1905,0.00104294,1.04294,1000
1906,0.001349062,1.349062,1000
1907,0.001725137,1.725137,1000
1908,0.00090982,0.90982,1000
1909,0.001201037,1.201037,1000
1910,0.001006227,1.006227,1000
1911,0.000714215,0.714215,1000
1912,0.016789782,16.789782,1000
1913,0.00103168,1.03168,1000
1914,0.005338526,5.338526,1000
1915,0.001073509,1.073509,1000
1916,0.001609087,1.609087,1000
1917,0.001152443,1.152443,1000
1918,0.001154041,1.154041,1000
1919,0.015767346,15.767346,1000
1920,0.000655594,0.655594,1000
1921,0.000665328,0.665328,1000
1922,0.000989246,0.989246,1000
1923,0.000765797,0.765797,1000
1924,0.001743289,1.743289,1000
1925,0.002706171,2.706171,1000
1926,0.000657745,0.657745,1000
1927,0.001644259,1.644259,1000
1928,0.001520388,1.520388,1000
1929,0.097408099,97.408099,1000
1930,0.003185027,3.185027,1000
1931,0.002489817,2.489817,1000
1932,0.000756225,0.756225,1000
1933,0.001009873,1.009873,1000
1934,0.000602369,0.602369,1000
1935,0.02691586,26.91586,1000
1936,0.001666464,1.666464,1000
1937,0.000814814,0.814814,1000
1938,0.000963458,0.963458,1000
1939,0.001042957,1.042957,1000
1940,0.003483966,3.483966,1000
1941,0.000765683,0.765683,1000
1942,0.005742257,5.742257,1000
1943,0.000669849,0.669849,1000
1944,0.001313765,1.313765,1000
1945,0.000793073,0.793073,1000
1946,0.000846375,0.846375,1000
1947,0.000849033,0.849033,1000
1948,0.001134919,1.134919,1000
1949,0.000736855,0.736855,1000
1950,0.001103525,1.103525,1000
1951,0.000753323,0.753323,1000
1952,0.000765768,0.765768,1000
1953,0.006878652,6.878652,1000
1954,0.001970789,1.970789,1000
1955,0.001217419,1.217419,1000
1956,0.000732825,0.732825,1000
1957,0.000643831,0.643831,1000
1958,0.000823413,0.823413,1000
1959,0.000689704,0.689704,1000
1960,0.000448794,0.448794,1000
1961,0.00110284,1.10284,1000
1962,0.003411664,3.411664,1000
1963,0.000680103,0.680103,1000
1964,0.001158949,1.158949,1000
1965,0.001523648,1.523648,1000
1966,0.001742468,1.742468,1000
1967,0.001134926,1.134926,1000
1968,0.000685067,0.685067,1000
1969,0.000756203,0.756203,1000
1970,0.001088963,1.088963,1000
1971,0.003288815,3.288815,1000
1972,0.000545662,0.545662,1000
1973,0.008628349,8.628349,1000
1974,0.000993186,0.993186,1000
1975,0.000772707,0.772707,1000
1976,0.00089736,0.89736,1000
1977,0.06457589,64.57589,1000
1978,0.001526408,1.526408,1000
1979,0.000903109,0.903109,1000
1980,0.001992448,1.992448,1000
1981,0.003406725,3.406725,1000
1982,0.000814847,0.814847,1000
1983,0.000686009,0.686009,1000
1984,0.002115726,2.115726,1000
1985,0.001151,1.151,1000
1986,0.000908666,0.908666,1000
1987,0.001043007,1.043007,1000
1988,0.000757351,0.757351,1000
1989,0.001081154,1.081154,1000
1990,0.001762996,1.762996,1000
1991,0.000554759,0.554759,1000
1992,0.001042957,1.042957,1000
1993,0.026734166,26.734166,1000
1994,0.00087871,0.87871,1000
1995,0.001081154,1.081154,1000
1996,0.000632332,0.632332,1000
1997,0.002626537,2.626537,1000
1998,0.00055603,0.55603,1000
1999,0.001555514,1.555514,1000
2000,0.001607969,1.607969,1000
2001,0.001555514,1.555514,1000
2002,0.006358696,6.358696,1000
2003,0.001281077,1.281077,1000
2004,0.001252979,1.252979,1000
2005,0.000307017,0.307017,1000
2006,0.001053429,1.053429,1000
2007,0.000614891,0.614891,1000
2008,0.000528477,0.528477,1000
2009,0.000573621,0.573621,1000
2010,0.001062569,1.062569,1000
2011,0.001030876,1.030876,1000
2012,0.026761051,26.761051,1000
2013,0.001705251,1.705251,1000
2014,0.000904477,0.904477,1000
2015,0.000994433,0.994433,1000
2016,0.009255401,9.255401,1000
2017,0.00049427,0.49427,1000
2018,0.000590396,0.590396,1000
2019,0.000846134,0.846134,1000
2020,0.000878358,0.878358,1000
2021,0.004036619,4.036619,1000
2022,0.000371197,0.371197,1000
2023,0.009195456,9.195456,1000
2024,0.026592929,26.592929,1000
2025,0.002883418,2.883418,1000
2026,0.000872003,0.872003,1000
2027,0.001183902,1.183902,1000
2028,0.029825382,29.825382,1000
2029,0.001001009,1.001009,1000
2030,0.00066182,0.66182,1000
2031,0.001571514,1.571514,1000
2032,0.008948469,8.948469,1000
2033,0.043477568,43.477568,1000
2034,0.001132976,1.132976,1000
2035,0.000965341,0.965341,1000
2036,0.000886025,0.886025,1000
2037,0.002530296,2.530296,1000
2039,0.0008053,0.8053,1000
2040,0.003335673,3.335673,1000
2041,0.00092626,0.92626,1000
2042,0.001548993,1.548993,1000
2043,0.001608681,1.608681,1000
2044,0.001609087,1.609087,1000
2045,0.000893937,0.893937,1000
2046,0.002563904,2.563904,1000
2047,0.001622053,1.622053,1000
2048,0.00076304,0.76304,1000
2049,0.000840638,0.840638,1000
2050,0.000822905,0.822905,1000
2051,0.001009957,1.009957,1000
2052,0.000646643,0.646643,1000
2053,0.001221487,1.221487,1000
2054,0.000642421,0.642421,1000
2055,0.000710346,0.710346,1000
2056,0.000334347,0.334347,1000
2057,0.001484882,1.484882,1000
2058,0.001295424,1.295424,1000
2059,0.001520388,1.520388,1000
2060,0.001525181,1.525181,1000
2061,0.001390748,1.390748,1000
2062,0.001698634,1.698634,1000
2063,0.000768962,0.768962,1000
2064,0.001484906,1.484906,1000
2065,0.001613775,1.613775,1000
2066,0.001071066,1.071066,1000
2067,0.064203007,64.203007,1000
2068,0.001723089,1.723089,1000
2069,0.001006165,1.006165,1000
2070,0.014127254,14.127254,1000
2071,0.00102201,1.02201,1000
2072,0.002416959,2.416959,1000
2073,0.037950378,37.950378,1000
2074,0.000850266,0.850266,1000
2075,0.000579108,0.579108,1000
2076,0.000757067,0.757067,1000
2077,0.001179829,1.179829,1000
2078,0.003632332,3.632332,1000
2079,0.001021108,1.021108,1000
2080,0.000551267,0.551267,1000
2081,0.000710328,0.710328,1000
2082,0.000451255,0.451255,1000
2083,0.000623126,0.623126,1000
2084,0.00103168,1.03168,1000
2085,0.006880503,6.880503,1000
2086,0.000961537,0.961537,1000
2087,0.001246131,1.246131,1000
2088,0.001471265,1.471265,1000
2089,0.000960809,0.960809,1000
2090,0.001062541,1.062541,1000
2091,0.000722738,0.722738,1000
2092,0.001654553,1.654553,1000
2093,0.000732922,0.732922,1000
2094,0.000821237,0.821237,1000
2095,0.000993186,0.993186,1000
2096,0.002743724,2.743724,1000
2097,0.001242727,1.242727,1000
2098,0.001141219,1.141219,1000
2099,0.016910714,16.910714,1000
2100,0.001090859,1.090859,1000
2101,0.000449995,0.449995,1000
2102,0.000872576,0.872576,1000
2103,0.00129342,1.29342,1000
2104,0.001096064,1.096064,1000
2105,0.000555904,0.555904,1000
2106,0.003401889,3.401889,1000
2107,0.000786448,0.786448,1000
2108,0.000866119,0.866119,1000
2109,0.000986359,0.986359,1000
2110,0.001212104,1.212104,1000
2111,0.000659955,0.659955,1000
2112,0.001403976,1.403976,1000
2113,0.000782595,0.782595,1000
2114,0.003334985,3.334985,1000
2115,0.000875635,0.875635,1000
2116,0.027357373,27.357373,1000
2117,0.001094735,1.094735,1000
2118,0.000469027,0.469027,1000
2119,0.001138877,1.138877,1000
2120,0.001517401,1.517401,1000
2121,0.001250234,1.250234,1000
2122,0.000923659,0.923659,1000
2123,0.000680506,0.680506,1000
2124,0.001609087,1.609087,1000
2125,0.001505839,1.505839,1000
2126,0.001071133,1.071133,1000
2127,0.00064782,0.64782,1000
2128,0.000975603,0.975603,1000
2129,0.003314892,3.314892,1000
2130,0.000821549,0.821549,1000
2131,0.001192433,1.192433,1000
2132,0.001792455,1.792455,1000
2133,0.056722913,56.722913,1000
2134,0.001261583,1.261583,1000
2135,0.002954112,2.954112,1000
2136,0.000669957,0.669957,1000
2137,0.000805114,0.805114,1000
2138,0.00056461,0.56461,1000
2139,0.001416618,1.416618,1000
2140,0.001062569,1.062569,1000
2141,0.000993186,0.993186,1000
2142,0.000816847,0.816847,1000
2143,0.001062569,1.062569,1000
2144,0.000590229,0.590229,1000
2145,0.003646777,3.646777,1000
2146,0.007674088,7.674088,1000
2147,0.001151,1.151,1000
2148,0.000608289,0.608289,1000
2149,0.000775103,0.775103,1000
2150,0.000882371,0.882371,1000
2151,0.000635931,0.635931,1000
2152,0.000412845,0.412845,1000
2153,0.001062519,1.062519,1000
2154,0.001316146,1.316146,1000
2155,0.002389742,2.389742,1000
2156,0.020741171,20.741171,1000
2157,0.003699353,3.699353,1000
2158,0.000791045,0.791045,1000
2159,0.003735211,3.735211,1000
2160,0.0007034,0.7034,1000
2161,0.000737167,0.737167,1000
2162,0.001150459,1.150459,1000
2163,0.001099846,1.099846,1000
2164,0.000616299,0.616299,1000
2165,0.001310293,1.310293,1000
2166,0.000676974,0.676974,1000
2167,0.000993186,0.993186,1000
2168,0.001238259,1.238259,1000
2169,0.005247598,5.247598,1000
2170,0.001782328,1.782328,1000
2171,0.000712181,0.712181,1000
2172,0.001315818,1.315818,1000
2173,0.002118288,2.118288,1000
2174,0.001041789,1.041789,1000
2175,0.00365012,3.65012,1000
2176,0.001440046,1.440046,1000
2177,0.001316146,1.316146,1000
2178,0.003714307,3.714307,1000
2179,0.001003579,1.003579,1000
2180,0.000905896,0.905896,1000
2181,0.000938517,0.938517,1000
2182,0.011465249,11.465249,1000
2183,0.001483893,1.483893,1000
2184,0.001342654,1.342654,1000
2185,0.001448066,1.448066,1000
2186,0.001308119,1.308119,1000
2187,0.001235477,1.235477,1000
2188,0.000553818,0.553818,1000
2189,0.000568944,0.568944,1000
2190,0.000934223,0.934223,1000
2191,0.002838588,2.838588,1000
2192,0.001089846,1.089846,1000
2193,0.005734823,5.734823,1000
2194,0.001144251,1.144251,1000
2195,0.001327025,1.327025,1000
2196,0.000682422,0.682422,1000
2197,0.001323761,1.323761,1000
2198,0.000666256,0.666256,1000
2199,0.002332043,2.332043,1000
2200,0.002546599,2.546599,1000
2201,0.000993186,0.993186,1000
2202,0.000939703,0.939703,1000
2203,0.000937243,0.937243,1000
2204,0.004536774,4.536774,1000
2205,0.006030836,6.030836,1000
2206,0.000696992,0.696992,1000
2207,0.004204678,4.204678,1000
2208,0.001675308,1.675308,1000
2209,0.000738343,0.738343,1000
2210,0.000993186,0.993186,1000
2211,0.001149474,1.149474,1000
2213,0.002800659,2.800659,1000
2214,0.595283003,595.283003,1000
2215,0.00105043,1.05043,1000
2216,0.595286263,595.286263,1000
2217,0.001897236,1.897236,1000
2218,0.001006227,1.006227,1000
2219,0.000768637,0.768637,1000
2220,0.001094359,1.094359,1000
2221,0.001042979,1.042979,1000
2222,0.007442455,7.442455,1000
2223,0.004188743,4.188743,1000
2224,0.016610113,16.610113,1000
2225,0.000725517,0.725517,1000
2226,0.001214844,1.214844,1000
2227,0.001026773,1.026773,1000
2228,0.000578761,0.578761,1000
2229,0.001221487,1.221487,1000
2230,0.001604209,1.604209,1000
2231,0.003509889,3.509889,1000
2232,0.001000921,1.000921,1000
2233,0.001071133,1.071133,1000
2234,0.003744831,3.744831,1000
2235,0.000613612,0.613612,1000
2236,0.001456359,1.456359,1000
2237,0.001631112,1.631112,1000
2238,0.001719444,1.719444,1000
2239,0.001348727,1.348727,1000
2240,0.000783777,0.783777,1000
2241,0.001162371,1.162371,1000
2242,0.005645005,5.645005,1000
2243,0.001035799,1.035799,1000
2244,0.003019085,3.019085,1000
2245,0.000423922,0.423922,1000
2246,0.012467897,12.467897,1000
2247,0.000795459,0.795459,1000
2248,0.000930101,0.930101,1000
2249,0.001134919,1.134919,1000
2250,0.001035434,1.035434,1000
2251,0.029863448,29.863448,1000
2252,0.000977893,0.977893,1000
2253,0.00042562,0.42562,1000
2254,0.001242727,1.242727,1000
2255,0.000962427,0.962427,1000
2256,0.001155091,1.155091,1000
2257,0.00077921,0.77921,1000
2258,0.00076041,0.76041,1000
2259,0.000969613,0.969613,1000
2260,0.001193156,1.193156,1000
2261,0.001394195,1.394195,1000
2262,0.002870103,2.870103,1000
2263,0.007902061,7.902061,1000
2264,0.00105945,1.05945,1000
2265,0.001284055,1.284055,1000
2266,0.001701991,1.701991,1000
2267,0.003357447,3.357447,1000
2268,0.001004558,1.004558,1000
2269,0.00045709,0.45709,1000
2270,0.001483931,1.483931,1000
2271,0.006852651,6.852651,1000
2272,0.001361493,1.361493,1000
2273,0.00311222,3.11222,1000
2274,0.000918908,0.918908,1000
2275,0.000542491,0.542491,1000
2276,0.001062502,1.062502,1000
2277,0.000856324,0.856324,1000
2278,0.001703656,1.703656,1000
2279,0.001006227,1.006227,1000
2280,0.001065727,1.065727,1000
2281,0.000882371,0.882371,1000
2282,0.001180568,1.180568,1000
2283,0.00041222,0.41222,1000
2284,0.000892287,0.892287,1000
2285,0.000438375,0.438375,1000
2286,0.001148669,1.148669,1000
2287,0.000500355,0.500355,1000
2288,0.001402599,1.402599,1000
2289,0.001181368,1.181368,1000
2290,0.00072928,0.72928,1000
2291,0.000783777,0.783777,1000
2292,0.000772707,0.772707,1000
2293,0.000278318,0.278318,1000
2294,0.001062519,1.062519,1000
2295,0.000341343,0.341343,1000
2296,0.001042957,1.042957,1000
2297,0.000890878,0.890878,1000
2298,0.00081312,0.81312,1000
2299,0.001272956,1.272956,1000
2300,0.000759064,0.759064,1000
2301,0.001678311,1.678311,1000
2302,0.001479204,1.479204,1000
2303,0.000811168,0.811168,1000
2304,0.000820744,0.820744,1000
2305,0.000783243,0.783243,1000
2306,0.001319315,1.319315,1000
2307,0.284678461,284.678461,1000
2308,0.000779386,0.779386,1000
2309,0.001081154,1.081154,1000
2310,0.001134926,1.134926,1000
2311,0.000829979,0.829979,1000
2312,0.000659043,0.659043,1000
2313,0.000963771,0.963771,1000
2314,0.009840565,9.840565,1000
2315,0.000613448,0.613448,1000
2316,0.009859896,9.859896,1000
2317,0.003512625,3.512625,1000
2318,0.001065335,1.065335,1000
2319,0.000656117,0.656117,1000
2320,0.00082602,0.82602,1000
2321,0.002971954,2.971954,1000
2322,0.0015091,1.5091,1000
2323,0.238466884,238.466884,1000
2324,0.004836093,4.836093,1000
2325,0.001073877,1.073877,1000
2326,0.000835138,0.835138,1000
2327,0.001452514,1.452514,1000
2328,0.001145278,1.145278,1000
2329,0.001134352,1.134352,1000
2330,0.000841754,0.841754,1000
2331,0.001469991,1.469991,1000
2332,0.000783777,0.783777,1000
2333,0.001620151,1.620151,1000
2334,0.001124495,1.124495,1000
2335,0.000320465,0.320465,1000
2336,0.001201032,1.201032,1000
2337,0.001609667,1.609667,1000
2338,0.002735765,2.735765,1000
2339,0.000993186,0.993186,1000
2340,0.000970235,0.970235,1000
2341,0.003389992,3.389992,1000
2342,0.000616784,0.616784,1000
2343,0.001044867,1.044867,1000
2344,0.002779051,2.779051,1000
2345,0.00106711,1.06711,1000
2346,0.001176271,1.176271,1000
2347,0.000638343,0.638343,1000
2348,0.000605998,0.605998,1000
2349,0.000976519,0.976519,1000
2350,0.004244362,4.244362,1000
2351,0.000855033,0.855033,1000
2352,0.000714071,0.714071,1000
2353,0.010605151,10.605151,1000
2354,0.001618431,1.618431,1000
2355,0.000803121,0.803121,1000
2356,0.001181174,1.181174,1000
2357,0.001653746,1.653746,1000
2358,0.001202392,1.202392,1000
2359,0.001086764,1.086764,1000
2360,0.064580577,64.580577,1000
2361,0.013339218,13.339218,1000
2362,0.000691521,0.691521,1000
2363,0.000729071,0.729071,1000
2364,0.00272303,2.72303,1000
2365,0.031860904,31.860904,1000
2366,0.004113797,4.113797,1000
2367,0.000772579,0.772579,1000
2368,0.00046147,0.46147,1000
2369,0.001042957,1.042957,1000
2370,0.000881939,0.881939,1000
2371,0.001132206,1.132206,1000
2372,0.001042957,1.042957,1000
2373,0.0005513,0.5513,1000
2374,0.00098954,0.98954,1000
2375,0.001138767,1.138767,1000
2376,0.012772542,12.772542,1000
2377,0.000575388,0.575388,1000
2378,0.001149026,1.149026,1000
2379,0.002692442,2.692442,1000
2380,0.010771285,10.771285,1000
2381,0.000993186,0.993186,1000
2382,0.001018768,1.018768,1000
2383,0.001505839,1.505839,1000
2384,0.00162479,1.62479,1000
2385,0.001525181,1.525181,1000
2386,0.000633742,0.633742,1000
2387,0.001143068,1.143068,1000
2388,0.000730616,0.730616,1000
2389,0.000715163,0.715163,1000
2390,0.000988593,0.988593,1000
2391,0.001592071,1.592071,1000
2392,0.001147967,1.147967,1000
2393,0.001134644,1.134644,1000
2394,0.00067996,0.67996,1000
2395,0.000879581,0.879581,1000
2396,0.008466748,8.466748,1000
2397,0.042200727,42.200727,1000
2398,0.000947702,0.947702,1000
2399,0.025213913,25.213913,1000
2400,0.010290624,10.290624,1000
2401,0.001147967,1.147967,1000
2402,0.001716583,1.716583,1000
2403,0.00081312,0.81312,1000
2404,0.000572585,0.572585,1000
2405,0.000966755,0.966755,1000
2406,0.001825149,1.825149,1000
2407,0.001039459,1.039459,1000
2408,0.001042957,1.042957,1000
2409,0.000735142,0.735142,1000
2410,0.005272465,5.272465,1000
2411,0.001940029,1.940029,1000
2412,0.001452177,1.452177,1000
2413,0.009903654,9.903654,1000
2414,0.000672349,0.672349,1000
2415,0.001042979,1.042979,1000
2416,0.000509486,0.509486,1000
2417,0.001209787,1.209787,1000
2418,0.000662941,0.662941,1000
2419,0.009507432,9.507432,1000
2420,0.019284415,19.284415,1000
2421,0.00117837,1.17837,1000
2422,0.0179316,17.9316,1000
2424,0.001427392,1.427392,1000
2425,0.004029798,4.029798,1000
2426,0.00078724,0.78724,1000
2427,0.005769259,5.769259,1000
2428,0.00087694,0.87694,1000
2429,0.00285603,2.85603,1000
2431,0.194588522,194.588522,1000
2432,0.001999799,1.999799,1000
2434,0.001614431,1.614431,1000
2435,0.001690048,1.690048,1000
2436,0.018816993,18.816993,1000
2437,0.001698969,1.698969,1000
2438,0.007495205,7.495205,1000
2439,0.016028775,16.028775,1000
2440,0.000937298,0.937298,1000
2441,0.001101552,1.101552,1000
2443,0.001252946,1.252946,1000
2444,0.001348721,1.348721,1000
2445,0.000776704,0.776704,1000
2446,0.008519545,8.519545,1000
2447,0.00110964,1.10964,1000
2448,0.000826773,0.826773,1000
2449,0.009242025,9.242025,1000
2450,0.000772579,0.772579,1000
2451,0.000735856,0.735856,1000
2452,0.000824578,0.824578,1000
2453,0.000783777,0.783777,1000
2454,0.002878838,2.878838,1000
2455,0.002502435,2.502435,1000
2456,0.004518517,4.518517,1000
2457,0.06457589,64.57589,1000
2458,0.001006227,1.006227,1000
2459,0.001365382,1.365382,1000
2460,0.011213436,11.213436,1000
2461,0.000622361,0.622361,1000
2462,0.00105043,1.05043,1000
2463,0.000910173,0.910173,1000
2464,0.000857142,0.857142,1000
2465,0.000628952,0.628952,1000
2466,0.0007054,0.7054,1000
2467,0.001399087,1.399087,1000
2468,0.00073381,0.73381,1000
2469,0.001512507,1.512507,1000
2470,0.000995621,0.995621,1000
2471,0.000688785,0.688785,1000
2472,0.000979319,0.979319,1000
2473,0.049535824,49.535824,1000
2474,0.001339782,1.339782,1000
2475,0.00093047,0.93047,1000
2476,0.008257684,8.257684,1000
2477,0.000815947,0.815947,1000
2478,0.001678587,1.678587,1000
2479,0.001362509,1.362509,1000
2480,0.001042957,1.042957,1000
2481,0.002403149,2.403149,1000
2482,0.00037627,0.37627,1000
2483,0.00764857,7.64857,1000
2484,0.003167188,3.167188,1000
2485,0.005441611,5.441611,1000
2486,0.001031531,1.031531,1000
2487,0.031023068,31.023068,1000
2488,0.000475791,0.475791,1000
2489,0.009261105,9.261105,1000
2490,0.001297425,1.297425,1000
2491,0.001787097,1.787097,1000
2492,0.000409937,0.409937,1000
2493,0.000753569,0.753569,1000
2494,0.001224785,1.224785,1000
2495,0.000975413,0.975413,1000
2496,0.001017612,1.017612,1000
2497,0.00085896,0.85896,1000
2498,0.001042957,1.042957,1000
2499,0.000730794,0.730794,1000
2500,0.016333373,16.333373,1000
2501,0.001062379,1.062379,1000
2502,0.000973784,0.973784,1000
2503,0.002658369,2.658369,1000
2504,0.000843081,0.843081,1000
2505,0.002212675,2.212675,1000
2506,0.001451824,1.451824,1000
2507,0.001706927,1.706927,1000
2508,0.000594096,0.594096,1000
2509,0.002713443,2.713443,1000
2510,0.004186098,4.186098,1000
2511,0.001026773,1.026773,1000
2512,0.007005251,7.005251,1000
2513,0.016780284,16.780284,1000
2514,0.000964884,0.964884,1000
2515,0.001703183,1.703183,1000
2516,0.001377223,1.377223,1000
2517,0.001080654,1.080654,1000
2518,0.000654099,0.654099,1000
2519,0.001242313,1.242313,1000
2520,0.001029247,1.029247,1000
2521,0.001011936,1.011936,1000
2522,0.000766085,0.766085,1000
2523,0.004990967,4.990967,1000
2524,0.003870541,3.870541,1000
2525,0.001273688,1.273688,1000
2526,0.001141219,1.141219,1000
2527,0.003958983,3.958983,1000
2528,0.001011936,1.011936,1000
2529,0.00075927,0.75927,1000
2530,0.009349093,9.349093,1000
2531,0.000770588,0.770588,1000
2532,0.001043007,1.043007,1000
2533,0.001504208,1.504208,1000
2534,0.004125714,4.125714,1000
2535,0.00064791,0.64791,1000
2536,0.000710232,0.710232,1000
2537,0.000740062,0.740062,1000
2538,0.027695756,27.695756,1000
2539,0.008864902,8.864902,1000
2540,0.000733968,0.733968,1000
2541,0.001560449,1.560449,1000
2542,0.000290529,0.290529,1000
2543,0.007114364,7.114364,1000
2544,0.00082805,0.82805,1000
2545,0.000875886,0.875886,1000
2546,0.008535347,8.535347,1000
2547,0.000923893,0.923893,1000
2548,0.000702161,0.702161,1000
2549,0.000866795,0.866795,1000
2550,0.001273799,1.273799,1000
2551,0.001046731,1.046731,1000
2552,0.001284056,1.284056,1000
2553,0.000841232,0.841232,1000
2554,0.131265654,131.265654,1000
2555,0.001774813,1.774813,1000
2556,0.000624388,0.624388,1000
2557,0.000730925,0.730925,1000
2558,0.001462746,1.462746,1000
2559,0.002025853,2.025853,1000
2560,0.000711074,0.711074,1000
2561,0.007422198,7.422198,1000
2562,0.000635232,0.635232,1000
2563,0.000460026,0.460026,1000
2564,0.001006227,1.006227,1000
2565,0.002609726,2.609726,1000
2566,0.00088496,0.88496,1000
2567,0.004403104,4.403104,1000
2568,0.00112596,1.12596,1000
2569,0.001052125,1.052125,1000
2570,0.001175004,1.175004,1000
2571,0.000993186,0.993186,1000
2572,0.040541051,40.541051,1000
2573,0.000822843,0.822843,1000
2574,0.000937175,0.937175,1000
2575,0.000780803,0.780803,1000
2576,0.000955554,0.955554,1000
2577,0.000932635,0.932635,1000
2578,0.000954851,0.954851,1000
2579,0.001034269,1.034269,1000
2580,0.023987437,23.987437,1000
2581,0.001084158,1.084158,1000
2582,0.001960848,1.960848,1000
2583,0.000678265,0.678265,1000
2584,0.001148031,1.148031,1000
2585,0.001081154,1.081154,1000
2586,0.001672701,1.672701,1000
2587,0.001450083,1.450083,1000
2588,0.000718356,0.718356,1000
2589,0.00103168,1.03168,1000
2590,0.001151,1.151,1000
2591,0.00060178,0.60178,1000
2592,0.001293089,1.293089,1000
2593,0.00103168,1.03168,1000
2594,0.001293399,1.293399,1000
2595,0.001716872,1.716872,1000
2596,0.000870642,0.870642,1000
2597,0.00170658,1.70658,1000
2598,0.003131941,3.131941,1000
2599,0.01607682,16.07682,1000
2600,0.000792467,0.792467,1000
2601,0.000619714,0.619714,1000
2602,0.001006227,1.006227,1000
2603,0.001777984,1.777984,1000
2604,0.000660137,0.660137,1000
2605,0.001001123,1.001123,1000
2606,0.001298444,1.298444,1000
2607,0.001612347,1.612347,1000
2608,0.001610478,1.610478,1000
2609,0.001079539,1.079539,1000
2610,0.001065745,1.065745,1000
2611,0.001137158,1.137158,1000
2612,0.002303459,2.303459,1000
2613,0.000960622,0.960622,1000
2614,0.001625621,1.625621,1000
2615,0.001328009,1.328009,1000
2616,0.000714106,0.714106,1000
2617,0.055640161,55.640161,1000
2618,0.00158478,1.58478,1000
2619,0.001826577,1.826577,1000
2620,0.00101295,1.01295,1000
2621,0.001591224,1.591224,1000
2622,0.001047998,1.047998,1000
2623,0.000867453,0.867453,1000
2624,0.000835331,0.835331,1000
2625,0.006269486,6.269486,1000
2626,0.000942893,0.942893,1000
2627,0.211007337,211.007337,1000
2628,0.000938989,0.938989,1000
2629,0.001516356,1.516356,1000
2630,0.002071181,2.071181,1000
2631,0.000960681,0.960681,1000
2632,0.00103168,1.03168,1000
2633,0.002207987,2.207987,1000
2634,0.001927662,1.927662,1000
2635,0.003494055,3.494055,1000
2636,0.000661232,0.661232,1000
2637,0.005124491,5.124491,1000
2638,0.001420344,1.420344,1000
2639,0.001160739,1.160739,1000
2640,0.001143068,1.143068,1000
2641,0.001376053,1.376053,1000
2642,0.00137604,1.37604,1000
2643,0.000661913,0.661913,1000
2644,0.041482814,41.482814,1000
2645,0.103266557,103.266557,1000
2646,0.000701829,0.701829,1000
2647,0.001505839,1.505839,1000
2648,0.001276176,1.276176,1000
2649,0.00072957,0.72957,1000
2650,0.000742555,0.742555,1000
2651,0.000761389,0.761389,1000
2652,0.001071105,1.071105,1000
2653,0.000797405,0.797405,1000
2654,0.000960809,0.960809,1000
2655,0.003121662,3.121662,1000
2656,0.001385374,1.385374,1000
2657,0.000485456,0.485456,1000
2658,0.000526139,0.526139,1000
2659,0.008177226,8.177226,1000
2660,0.001181318,1.181318,1000
2661,0.001048854,1.048854,1000
2662,0.000775376,0.775376,1000
2663,0.000684872,0.684872,1000
2664,0.001089846,1.089846,1000
2665,0.003559441,3.559441,1000
2666,0.001042957,1.042957,1000
2667,0.00117837,1.17837,1000
2668,0.000656474,0.656474,1000
2669,0.000901634,0.901634,1000
2670,0.001200689,1.200689,1000
2671,0.001143011,1.143011,1000
2672,0.000747877,0.747877,1000
2673,0.000592918,0.592918,1000
2674,0.000761692,0.761692,1000
2675,0.000613034,0.613034,1000
2676,0.000605881,0.605881,1000
2677,0.00098626,0.98626,1000
2678,0.001227537,1.227537,1000
2680,0.001042957,1.042957,1000
2681,0.001523648,1.523648,1000
2682,0.001194978,1.194978,1000
2683,0.001532057,1.532057,1000
2684,0.001746026,1.746026,1000
2685,0.000963771,0.963771,1000
2686,0.005046815,5.046815,1000
2687,0.00110964,1.10964,1000
2688,0.001631558,1.631558,1000
2689,0.000913189,0.913189,1000
2690,0.00139752,1.39752,1000
2691,0.000943648,0.943648,1000
2692,0.00054988,0.54988,1000
2693,0.000782813,0.782813,1000
2694,0.001170006,1.170006,1000
2695,0.006082588,6.082588,1000
2696,0.000269592,0.269592,1000
2697,0.002639345,2.639345,1000
2698,0.000629723,0.629723,1000
2699,0.008075534,8.075534,1000
2700,0.008331177,8.331177,1000
2701,0.00184144,1.84144,1000
2702,0.00071993,0.71993,1000
2703,0.00078378,0.78378,1000
2704,0.000783777,0.783777,1000
2705,0.00169303,1.69303,1000
2706,0.008225491,8.225491,1000
2707,0.001519616,1.519616,1000
2708,0.001613775,1.613775,1000
2709,0.001825149,1.825149,1000
2710,0.001321539,1.321539,1000
2711,0.000781133,0.781133,1000
2712,0.000578316,0.578316,1000
2713,0.003189582,3.189582,1000
2714,0.002081048,2.081048,1000
2715,0.005899965,5.899965,1000
2716,0.000866102,0.866102,1000
2717,0.003960544,3.960544,1000
2718,0.000823344,0.823344,1000
2719,0.000956262,0.956262,1000
2720,0.001508334,1.508334,1000
2721,0.001313253,1.313253,1000
2722,0.00078378,0.78378,1000
2723,0.001389522,1.389522,1000
2724,0.000652999,0.652999,1000
2725,0.001029247,1.029247,1000
2726,0.001251175,1.251175,1000
2727,0.000514804,0.514804,1000
2728,0.003706376,3.706376,1000
2729,0.000566374,0.566374,1000
2730,0.006636146,6.636146,1000
2731,0.001155282,1.155282,1000
2732,0.001483479,1.483479,1000
2733,0.000864837,0.864837,1000
2734,0.001230712,1.230712,1000
2735,0.01452556,14.52556,1000
2736,0.001271443,1.271443,1000
2737,0.001032626,1.032626,1000
2738,0.001071083,1.071083,1000
2739,0.000731546,0.731546,1000
2740,0.003481681,3.481681,1000
2741,0.003769256,3.769256,1000
2742,0.000835138,0.835138,1000
2743,0.097465985,97.465985,1000
2744,0.001042957,1.042957,1000
2745,0.006231758,6.231758,1000
2746,0.00076521,0.76521,1000
2747,0.000660796,0.660796,1000
2749,0.000837064,0.837064,1000
2750,0.00210466,2.10466,1000
2751,0.010370082,10.370082,1000
2752,0.013515912,13.515912,1000
2753,0.002046564,2.046564,1000
2754,0.000845094,0.845094,1000
2755,0.001281309,1.281309,1000
2756,0.001643966,1.643966,1000
2757,0.003845335,3.845335,1000
2758,0.001505839,1.505839,1000
2759,0.004377571,4.377571,1000
2760,0.000732292,0.732292,1000
2761,0.000682021,0.682021,1000
2762,0.000632046,0.632046,1000
2763,0.000993124,0.993124,1000
2764,0.000671469,0.671469,1000
2765,0.000586033,0.586033,1000
2766,0.000545738,0.545738,1000
2767,0.000549868,0.549868,1000
2768,0.002285366,2.285366,1000
2769,0.001639104,1.639104,1000
2771,0.001062519,1.062519,1000
2772,0.001345224,1.345224,1000
2773,0.001217419,1.217419,1000
2774,0.000736596,0.736596,1000
2775,0.001444188,1.444188,1000
2776,0.001749287,1.749287,1000
2777,0.001523648,1.523648,1000
2778,0.028201108,28.201108,1000
2779,0.001173469,1.173469,1000
2780,0.05647749,56.47749,1000
2781,0.001007951,1.007951,1000
2782,0.007158473,7.158473,1000
2783,0.000711397,0.711397,1000
2784,0.001749287,1.749287,1000
2785,0.000882371,0.882371,1000
2786,0.00104622,1.04622,1000
2787,0.000452168,0.452168,1000
2788,0.002892009,2.892009,1000
2789,0.000674727,0.674727,1000
2790,0.001487009,1.487009,1000
2791,0.000693972,0.693972,1000
2792,0.00494144,4.94144,1000
2793,0.000445105,0.445105,1000
2794,0.001110654,1.110654,1000
2795,0.016091227,16.091227,1000
2796,0.001091594,1.091594,1000
2797,0.002094536,2.094536,1000
2798,0.000685702,0.685702,1000
2799,0.000918383,0.918383,1000
2800,0.001586527,1.586527,1000
2801,0.000609028,0.609028,1000
2802,0.001600968,1.600968,1000
2803,0.00101079,1.01079,1000
2804,0.00057468,0.57468,1000
2805,0.001991326,1.991326,1000
2806,0.001580793,1.580793,1000
2807,0.00068606,0.68606,1000
2808,0.010271274,10.271274,1000
2809,0.000897603,0.897603,1000
2810,0.01754859,17.54859,1000
2811,0.000791045,0.791045,1000
2812,0.144552708,144.552708,1000
2813,0.007698195,7.698195,1000
2814,0.001443885,1.443885,1000
2815,0.000645715,0.645715,1000
2816,0.001312161,1.312161,1000
2817,0.002076034,2.076034,1000
2818,0.000777391,0.777391,1000
2819,0.008788116,8.788116,1000
2820,0.000735274,0.735274,1000
2821,0.000475129,0.475129,1000
2822,0.000887701,0.887701,1000
2823,0.001042957,1.042957,1000
2824,0.000853763,0.853763,1000
2825,0.027598402,27.598402,1000
2826,0.015965687,15.965687,1000
2827,0.001088983,1.088983,1000
2828,0.008542613,8.542613,1000
2829,0.002020567,2.020567,1000
2830,0.000637475,0.637475,1000
2831,0.000946452,0.946452,1000
2832,0.003310737,3.310737,1000
2833,0.000937243,0.937243,1000
2834,0.001009271,1.009271,1000
2835,0.001448074,1.448074,1000
2836,0.002927162,2.927162,1000
2837,0.001155357,1.155357,1000
2838,0.000754597,0.754597,1000
2839,0.000697023,0.697023,1000
2840,0.000920764,0.920764,1000
2841,0.001340132,1.340132,1000
2842,0.001102168,1.102168,1000
2843,0.001048338,1.048338,1000
2844,0.001330285,1.330285,1000
2845,0.001635382,1.635382,1000
2846,0.000772561,0.772561,1000
2847,0.000652797,0.652797,1000
2848,0.00103168,1.03168,1000
2849,0.001042957,1.042957,1000
2850,0.001018248,1.018248,1000
2851,0.001141219,1.141219,1000
2852,0.000987117,0.987117,1000
2853,0.000781905,0.781905,1000
2854,0.005473808,5.473808,1000
2855,0.007923535,7.923535,1000
2856,0.000417664,0.417664,1000
2857,0.001678311,1.678311,1000
2858,0.001002773,1.002773,1000
2859,0.001470798,1.470798,1000
2860,0.000710851,0.710851,1000
2861,0.001006165,1.006165,1000
2862,0.022888101,22.888101,1000
2863,0.001078079,1.078079,1000
2864,0.001028344,1.028344,1000
2865,0.001313531,1.313531,1000
2866,0.001217345,1.217345,1000
2867,0.00138496,1.38496,1000
2868,0.000989627,0.989627,1000
2869,0.003801815,3.801815,1000
2870,0.003099771,3.099771,1000
2871,0.001042957,1.042957,1000
2872,0.001520493,1.520493,1000
2873,0.001096676,1.096676,1000
2874,0.000933906,0.933906,1000
2875,0.000838086,0.838086,1000
2876,0.000915184,0.915184,1000
2877,0.016254505,16.254505,1000
2878,0.001151552,1.151552,1000
2879,0.001363587,1.363587,1000
2880,0.000926447,0.926447,1000
2881,0.000786285,0.786285,1000
2882,0.010310741,10.310741,1000
2883,0.085264025,85.264025,1000
2884,0.00060056,0.60056,1000
2885,0.00065578,0.65578,1000
2886,0.001497372,1.497372,1000
2887,0.000827257,0.827257,1000
2888,0.001011936,1.011936,1000
2889,0.001134926,1.134926,1000
2890,0.001609087,1.609087,1000
2891,0.008216809,8.216809,1000
2892,0.000995763,0.995763,1000
2893,0.012069279,12.069279,1000
2894,0.001279064,1.279064,1000
2895,0.001749287,1.749287,1000
2897,0.000799683,0.799683,1000
2898,0.00078369,0.78369,1000
2899,0.00104294,1.04294,1000
2900,0.000651102,0.651102,1000
2901,0.001363673,1.363673,1000
2902,0.001410807,1.410807,1000
2903,0.003449761,3.449761,1000
2904,0.001463983,1.463983,1000
2905,0.001828488,1.828488,1000
2906,0.002705474,2.705474,1000
2907,0.000993186,0.993186,1000
2908,0.001712642,1.712642,1000
2909,0.00139506,1.39506,1000
2910,0.001042957,1.042957,1000
2911,0.001116018,1.116018,1000
2912,0.000712573,0.712573,1000
2913,0.000887627,0.887627,1000
2914,0.001381621,1.381621,1000
2915,0.000716089,0.716089,1000
2916,0.064580577,64.580577,1000
2917,0.001366012,1.366012,1000
2918,0.001114185,1.114185,1000
2919,0.000568456,0.568456,1000
2920,0.001044721,1.044721,1000
2921,0.001612347,1.612347,1000
2922,0.001324896,1.324896,1000
2923,0.005054073,5.054073,1000
2924,0.00112596,1.12596,1000
2925,0.038733814,38.733814,1000
2926,0.000851736,0.851736,1000
2927,0.001062519,1.062519,1000
2928,0.001061402,1.061402,1000
2929,0.000771326,0.771326,1000
2930,0.001613775,1.613775,1000
2931,0.000719585,0.719585,1000
2932,0.001480218,1.480218,1000
2933,0.008322468,8.322468,1000
2934,0.000727164,0.727164,1000
2935,0.000880673,0.880673,1000
2936,0.002700787,2.700787,1000
2937,0.000941567,0.941567,1000
2938,0.001011936,1.011936,1000
2939,0.001009332,1.009332,1000
2940,0.001794999,1.794999,1000
2941,0.001411916,1.411916,1000
2942,0.000800625,0.800625,1000
2943,0.00129342,1.29342,1000
2944,0.001594352,1.594352,1000
2945,0.000844625,0.844625,1000
2946,0.00081475,0.81475,1000
2947,0.000893679,0.893679,1000
2948,0.004896951,4.896951,1000
2949,0.002376014,2.376014,1000
2950,0.002585797,2.585797,1000
2951,0.001755161,1.755161,1000
2952,0.001052825,1.052825,1000
2953,0.000923955,0.923955,1000
2954,0.005709309,5.709309,1000
2955,0.000829265,0.829265,1000
2956,0.000534554,0.534554,1000
2957,0.001447058,1.447058,1000
2958,0.003673464,3.673464,1000
2959,0.000646703,0.646703,1000
2960,0.000708638,0.708638,1000
2961,0.001526735,1.526735,1000
2962,0.001804615,1.804615,1000
2963,0.000836401,0.836401,1000
2964,0.000581331,0.581331,1000
2965,0.001505839,1.505839,1000
2966,0.000960809,0.960809,1000
2967,0.00108403,1.08403,1000
2968,0.005206922,5.206922,1000
2969,0.004877001,4.877001,1000
2970,0.010400941,10.400941,1000
2971,0.016942686,16.942686,1000
2972,0.001560833,1.560833,1000
2973,0.00068771,0.68771,1000
2974,0.000633077,0.633077,1000
2975,0.003083703,3.083703,1000
2976,0.000623258,0.623258,1000
2977,0.000628615,0.628615,1000
2978,0.001161075,1.161075,1000
2979,0.004376426,4.376426,1000
2980,0.000635254,0.635254,1000
2981,0.001786616,1.786616,1000
2982,0.000288139,0.288139,1000
2983,0.002920485,2.920485,1000
2984,0.001856504,1.856504,1000
2985,0.003067744,3.067744,1000
2986,0.000398175,0.398175,1000
2987,0.000871776,0.871776,1000
2988,0.001329098,1.329098,1000
2989,0.000695447,0.695447,1000
2990,0.043185691,43.185691,1000
2991,0.002817759,2.817759,1000
2992,0.002339266,2.339266,1000
2993,0.000797316,0.797316,1000
2994,0.000606959,0.606959,1000
2995,0.002922062,2.922062,1000
2996,0.001099811,1.099811,1000
2997,0.001097805,1.097805,1000
2998,0.0014115,1.4115,1000
2999,0.001104592,1.104592,1000
3000,0.000728679,0.728679,1000
3001,0.001385538,1.385538,1000
3002,0.001113214,1.113214,1000
3003,0.000682898,0.682898,1000
3004,0.00125219,1.25219,1000
3005,0.000960809,0.960809,1000
3006,0.001914539,1.914539,1000
3007,0.013344343,13.344343,1000
3008,0.001027832,1.027832,1000
3009,0.005584864,5.584864,1000
3010,0.000776969,0.776969,1000
3011,0.001326329,1.326329,1000
3012,0.000785037,0.785037,1000
3013,0.000883242,0.883242,1000
3014,0.000613091,0.613091,1000
3015,0.000603028,0.603028,1000
3016,0.001749287,1.749287,1000
3017,0.002216351,2.216351,1000
3018,0.00101829,1.01829,1000
3019,0.002615926,2.615926,1000
3020,0.00141239,1.41239,1000
3021,0.000929505,0.929505,1000
3022,0.001175725,1.175725,1000
3023,0.004074976,4.074976,1000
3024,0.000790328,0.790328,1000
3025,0.001141219,1.141219,1000
3026,0.000916276,0.916276,1000
3027,0.001746026,1.746026,1000
3028,0.002102035,2.102035,1000
3029,0.250147681,250.147681,1000
3030,0.001339365,1.339365,1000
3031,0.000720678,0.720678,1000
3032,0.000596132,0.596132,1000
3033,0.000550638,0.550638,1000
3034,0.000933048,0.933048,1000
3035,0.001703656,1.703656,1000
3036,0.002296949,2.296949,1000
3037,0.003284613,3.284613,1000
3038,0.003843448,3.843448,1000
3039,0.262264193,262.264193,1000
3040,0.000335802,0.335802,1000
3041,0.001184951,1.184951,1000
3042,0.000904703,0.904703,1000
3043,0.016172637,16.172637,1000
3044,0.001233762,1.233762,1000
3045,0.001042957,1.042957,1000
3046,0.003120837,3.120837,1000
3047,0.001150888,1.150888,1000
3048,0.000483775,0.483775,1000
3049,0.000643184,0.643184,1000
3050,0.006269748,6.269748,1000
3051,0.000772497,0.772497,1000
3052,0.000976817,0.976817,1000
3053,0.000761602,0.761602,1000
3054,0.000767411,0.767411,1000
3055,0.000974156,0.974156,1000
3056,0.001071066,1.071066,1000
3057,0.001359766,1.359766,1000
3058,0.115263815,115.263815,1000
3059,0.000601731,0.601731,1000
3060,0.001219402,1.219402,1000
3061,0.008202331,8.202331,1000
3062,0.00182678,1.82678,1000
3063,0.001197794,1.197794,1000
3064,0.001324896,1.324896,1000
3065,0.000580601,0.580601,1000
3066,0.001592071,1.592071,1000
3067,0.001015256,1.015256,1000
3068,0.001042957,1.042957,1000
3069,0.000993186,0.993186,1000
3070,0.001052976,1.052976,1000
3071,0.009138018,9.138018,1000
3072,0.000782595,0.782595,1000
3073,0.003945374,3.945374,1000
3074,0.001834267,1.834267,1000
3075,0.001071066,1.071066,1000
3076,0.000825299,0.825299,1000
3077,0.000914222,0.914222,1000
3078,0.001362609,1.362609,1000
3079,0.595287691,595.287691,1000
3080,0.000899083,0.899083,1000
3081,0.001068505,1.068505,1000
3082,0.000997434,0.997434,1000
3083,0.001369797,1.369797,1000
3084,0.000910853,0.910853,1000
3085,0.000850232,0.850232,1000
3086,0.000993186,0.993186,1000
3087,0.000584299,0.584299,1000
3088,0.000870075,0.870075,1000
3089,0.001195311,1.195311,1000
3090,0.000332647,0.332647,1000
3091,0.001027994,1.027994,1000
3092,0.000839855,0.839855,1000
3093,0.001196055,1.196055,1000
3094,0.001613369,1.613369,1000
3095,0.000682031,0.682031,1000
3096,0.001609087,1.609087,1000
3097,0.000615737,0.615737,1000
3098,0.001286687,1.286687,1000
3099,0.000921876,0.921876,1000
3100,0.000905193,0.905193,1000
3101,0.000742785,0.742785,1000
3102,0.001997803,1.997803,1000
3103,0.001246497,1.246497,1000
3104,0.087194031,87.194031,1000
3105,0.001715763,1.715763,1000
3106,0.001317843,1.317843,1000
3107,0.101423972,101.423972,1000
3108,0.003889852,3.889852,1000
3109,0.002209585,2.209585,1000
3110,0.001149588,1.149588,1000
3111,0.000581747,0.581747,1000
3112,0.00103435,1.03435,1000
3113,0.129283533,129.283533,1000
3114,0.001052585,1.052585,1000
3115,0.001480195,1.480195,1000
3116,0.001041789,1.041789,1000
3117,0.000613838,0.613838,1000
3118,0.002956715,2.956715,1000
3119,0.001075333,1.075333,1000
3120,0.002185012,2.185012,1000
3121,0.000780708,0.780708,1000
3122,0.001042979,1.042979,1000
3123,0.000788505,0.788505,1000
3124,0.000780708,0.780708,1000
3125,0.001062569,1.062569,1000
3126,0.001042979,1.042979,1000
3127,0.001041789,1.041789,1000
3128,0.00295037,2.95037,1000
3129,0.003251176,3.251176,1000
3130,0.00080002,0.80002,1000
3131,0.010411381,10.411381,1000
3132,0.001139001,1.139001,1000
3133,0.006912715,6.912715,1000
3134,0.011321647,11.321647,1000
3135,0.00072105,0.72105,1000
3136,0.001523042,1.523042,1000
3137,0.008829279,8.829279,1000
3138,0.000778396,0.778396,1000
3139,0.001206164,1.206164,1000
3140,0.087354192,87.354192,1000
3141,0.003634726,3.634726,1000
3142,0.000510163,0.510163,1000
3143,0.002115581,2.115581,1000
3144,0.003368841,3.368841,1000
3145,0.00199796,1.99796,1000
3146,0.00451691,4.51691,1000
3147,0.001803237,1.803237,1000
3148,0.00220021,2.20021,1000
3149,0.000705346,0.705346,1000
3150,0.000704252,0.704252,1000
3151,0.000813123,0.813123,1000
3152,0.00078378,0.78378,1000
3153,0.002122607,2.122607,1000
3154,0.001147677,1.147677,1000
3155,0.001520625,1.520625,1000
3156,0.006770113,6.770113,1000
3157,0.001008474,1.008474,1000
3158,0.00137604,1.37604,1000
3159,0.016728923,16.728923,1000
3160,0.004097829,4.097829,1000
3161,0.001097874,1.097874,1000
3162,0.056251723,56.251723,1000
3163,0.001042288,1.042288,1000
3164,0.000975314,0.975314,1000
3165,0.011709307,11.709307,1000
3166,0.001676387,1.676387,1000
3167,0.014127952,14.127952,1000
3168,0.00086615,0.86615,1000
3169,0.000772707,0.772707,1000
3170,0.001670348,1.670348,1000
3171,0.001520493,1.520493,1000
3172,0.004117451,4.117451,1000
3173,0.001958793,1.958793,1000
3174,0.001070445,1.070445,1000
3175,0.000740024,0.740024,1000
3176,0.000783777,0.783777,1000
3177,0.018951266,18.951266,1000
3178,0.00069671,0.69671,1000
3179,0.001942105,1.942105,1000
3180,0.008036822,8.036822,1000
3181,0.001330889,1.330889,1000
3182,0.001152443,1.152443,1000
3183,0.013436031,13.436031,1000
3184,0.001020937,1.020937,1000
3185,0.003067909,3.067909,1000
3186,0.000993186,0.993186,1000
3187,0.002013971,2.013971,1000
3188,0.001919561,1.919561,1000
3189,0.000945045,0.945045,1000
3190,0.001558646,1.558646,1000
3191,0.000723866,0.723866,1000
3192,0.003221491,3.221491,1000
3193,0.000910974,0.910974,1000
3194,0.001165501,1.165501,1000
3195,0.001114641,1.114641,1000
3196,0.015662646,15.662646,1000
3197,0.001282762,1.282762,1000
3198,0.002975803,2.975803,1000
3199,0.001408258,1.408258,1000
3200,0.000439587,0.439587,1000
3201,0.000502608,0.502608,1000
3202,0.000926598,0.926598,1000
3203,0.000267743,0.267743,1000
3204,0.001281075,1.281075,1000
3205,0.015927099,15.927099,1000
3206,0.016010009,16.010009,1000
3207,0.000872135,0.872135,1000
3208,0.000993186,0.993186,1000
3209,0.001678311,1.678311,1000
3210,0.000825018,0.825018,1000
3211,0.001020795,1.020795,1000
3212,0.00303595,3.03595,1000
3213,0.002894012,2.894012,1000
3214,0.001292567,1.292567,1000
3215,0.003019635,3.019635,1000
3216,0.000696107,0.696107,1000
3217,0.003510304,3.510304,1000
3218,0.027351393,27.351393,1000
3219,0.003112559,3.112559,1000
3220,0.007637619,7.637619,1000
3221,0.009876729,9.876729,1000
3222,0.016129855,16.129855,1000
3223,0.000695815,0.695815,1000
3224,0.001215,1.215,1000
3225,0.000917033,0.917033,1000
3226,0.001304344,1.304344,1000
3227,0.008795883,8.795883,1000
3228,0.000847904,0.847904,1000
3229,0.000769008,0.769008,1000
3230,0.000739212,0.739212,1000
3231,0.00103168,1.03168,1000
3232,0.001042817,1.042817,1000
3233,0.001141992,1.141992,1000
3234,0.00144012,1.44012,1000
3235,0.001217544,1.217544,1000
3236,0.000942382,0.942382,1000
3237,0.000938151,0.938151,1000
3238,0.012704724,12.704724,1000
3239,0.001222688,1.222688,1000
3240,0.009750577,9.750577,1000
3241,0.000584951,0.584951,1000
3242,0.001629313,1.629313,1000
3243,0.001042817,1.042817,1000
3244,0.003182584,3.182584,1000
3245,0.000334435,0.334435,1000
3246,0.001328944,1.328944,1000
3247,0.00892551,8.92551,1000
3248,0.001576132,1.576132,1000
3249,0.001542644,1.542644,1000
3250,0.003857392,3.857392,1000
3251,0.003706376,3.706376,1000
3252,0.001143068,1.143068,1000
3253,0.001418152,1.418152,1000
3254,0.016469233,16.469233,1000
3255,0.001515299,1.515299,1000
3256,0.001069915,1.069915,1000
3257,0.00146006,1.46006,1000
3258,0.001070943,1.070943,1000
3259,0.000845713,0.845713,1000
3260,0.0010852,1.0852,1000
3261,0.000763913,0.763913,1000
3262,0.000808639,0.808639,1000
3263,0.002969083,2.969083,1000
3264,0.000522051,0.522051,1000
3265,0.000993186,0.993186,1000
3266,0.000875362,0.875362,1000
3267,0.001363194,1.363194,1000
3268,0.001145515,1.145515,1000
3269,0.001237871,1.237871,1000
3270,0.000694832,0.694832,1000
3271,0.000895621,0.895621,1000
3272,0.001344858,1.344858,1000
3273,0.009553485,9.553485,1000
3274,0.000689839,0.689839,1000
3275,0.002233933,2.233933,1000
3276,0.011041916,11.041916,1000
3277,0.000833428,0.833428,1000
3278,0.000586802,0.586802,1000
3279,0.002117696,2.117696,1000
3280,0.011119924,11.119924,1000
3281,0.000634216,0.634216,1000
3282,0.076537981,76.537981,1000
3283,0.001122881,1.122881,1000
3284,0.004168089,4.168089,1000
3285,0.001042817,1.042817,1000
3286,0.001011936,1.011936,1000
3287,0.001002929,1.002929,1000
3288,0.000600673,0.600673,1000
3289,0.006541363,6.541363,1000
3290,0.000863264,0.863264,1000
3291,0.000882778,0.882778,1000
3292,0.000645286,0.645286,1000
3293,0.000539074,0.539074,1000
3294,0.004756904,4.756904,1000
3295,0.001535394,1.535394,1000
3296,0.001021917,1.021917,1000
3298,0.001038219,1.038219,1000
3300,0.000577343,0.577343,1000
3301,0.001629378,1.629378,1000
3302,0.00117837,1.17837,1000
3303,0.001376094,1.376094,1000
3304,0.001520493,1.520493,1000
3305,0.001520309,1.520309,1000
3306,0.001193921,1.193921,1000
3307,0.001520309,1.520309,1000
3308,0.000558937,0.558937,1000
3309,0.000657509,0.657509,1000
3310,0.000945045,0.945045,1000
3311,0.000663462,0.663462,1000
3312,0.001081154,1.081154,1000
3313,0.000818278,0.818278,1000
3314,0.000846226,0.846226,1000
3315,0.00112596,1.12596,1000
3316,0.003054895,3.054895,1000
3317,0.000650842,0.650842,1000
3318,0.004236171,4.236171,1000
3319,0.000977258,0.977258,1000
3320,0.00103168,1.03168,1000
3321,0.000772849,0.772849,1000
3322,0.000771323,0.771323,1000
3323,0.000911045,0.911045,1000
3324,0.000942361,0.942361,1000
3325,0.000749273,0.749273,1000
3326,0.00104294,1.04294,1000
3327,0.009089497,9.089497,1000
3328,0.001609087,1.609087,1000
3329,0.000857142,0.857142,1000
3330,0.00112596,1.12596,1000
3331,0.0011337,1.1337,1000
3332,0.001062502,1.062502,1000
3333,0.00261272,2.61272,1000
3334,0.000558556,0.558556,1000
3335,0.00055433,0.55433,1000
3336,0.003597815,3.597815,1000
3337,0.001623754,1.623754,1000
3338,0.00076855,0.76855,1000
3339,0.001039807,1.039807,1000
3340,0.000865433,0.865433,1000
3341,0.00075685,0.75685,1000
3342,0.001253941,1.253941,1000
3343,0.001085749,1.085749,1000
3344,0.00053381,0.53381,1000
3345,0.001612347,1.612347,1000
3346,0.001020129,1.020129,1000
3347,0.001412853,1.412853,1000
3348,0.000606237,0.606237,1000
3349,0.001108237,1.108237,1000
3350,0.001347081,1.347081,1000
3351,0.000942407,0.942407,1000
3352,0.001814881,1.814881,1000
3353,0.000888848,0.888848,1000
3354,0.000929923,0.929923,1000
3355,0.002700787,2.700787,1000
3356,0.001161772,1.161772,1000
3357,0.001505839,1.505839,1000
3358,0.001656428,1.656428,1000
3359,0.004671935,4.671935,1000
3360,0.001090404,1.090404,1000
3361,0.001043045,1.043045,1000
3362,0.000895461,0.895461,1000
3363,0.00132985,1.32985,1000
3364,0.000897326,0.897326,1000
3365,0.000650039,0.650039,1000
3366,0.000932445,0.932445,1000
3367,0.000890048,0.890048,1000
3368,0.000969304,0.969304,1000
3369,0.001080039,1.080039,1000
3370,0.001134919,1.134919,1000
3371,0.00114829,1.14829,1000
3372,0.001029251,1.029251,1000
3373,0.000819665,0.819665,1000
3374,0.002327506,2.327506,1000
3375,0.006063461,6.063461,1000
3376,0.001319304,1.319304,1000
3377,0.003211919,3.211919,1000
3378,0.008594592,8.594592,1000
3379,0.001623754,1.623754,1000
3380,0.000849029,0.849029,1000
3381,0.000904249,0.904249,1000
3382,0.011653164,11.653164,1000
3383,0.000896375,0.896375,1000
3384,0.000871096,0.871096,1000
3385,0.000485748,0.485748,1000
3386,0.000833459,0.833459,1000
3387,0.000814239,0.814239,1000
3388,0.000993186,0.993186,1000
3389,0.000529619,0.529619,1000
3390,0.000580102,0.580102,1000
3391,0.001192948,1.192948,1000
3392,0.000604177,0.604177,1000
3393,0.021267328,21.267328,1000
3394,0.001306114,1.306114,1000
3395,0.000681198,0.681198,1000
3396,0.001107499,1.107499,1000
3397,0.001520493,1.520493,1000
3398,0.006974099,6.974099,1000
3399,0.008394795,8.394795,1000
3400,0.015911821,15.911821,1000
3401,0.000618915,0.618915,1000
3402,0.000954314,0.954314,1000
3403,0.000707371,0.707371,1000
3404,0.008788155,8.788155,1000
3405,0.001350846,1.350846,1000
3406,0.001042957,1.042957,1000
3407,0.000833979,0.833979,1000
3408,0.001102482,1.102482,1000
3409,0.000600549,0.600549,1000
3410,0.000674617,0.674617,1000
3411,0.001099434,1.099434,1000
3412,0.001301387,1.301387,1000
3413,0.001246514,1.246514,1000
3414,0.002540902,2.540902,1000
3415,0.002024299,2.024299,1000
3416,0.008397698,8.397698,1000
3417,0.017185137,17.185137,1000
3418,0.000707841,0.707841,1000
3419,0.000718259,0.718259,1000
3420,0.001246141,1.246141,1000
3421,0.002704047,2.704047,1000
3422,0.000700455,0.700455,1000
3423,0.000627296,0.627296,1000
3424,0.000816551,0.816551,1000
3425,0.000877763,0.877763,1000
3426,0.000960622,0.960622,1000
3427,0.000885667,0.885667,1000
3428,0.001484882,1.484882,1000
3429,0.001068531,1.068531,1000
3430,0.001516399,1.516399,1000
3431,0.00137604,1.37604,1000
3432,0.001510527,1.510527,1000
3433,0.000708253,0.708253,1000
3434,0.000927442,0.927442,1000
3435,0.001905745,1.905745,1000
3436,0.001004169,1.004169,1000
3437,0.016780866,16.780866,1000
3438,0.001721705,1.721705,1000
3439,0.001244674,1.244674,1000
3440,0.001421347,1.421347,1000
3441,0.001674105,1.674105,1000
3443,0.000782324,0.782324,1000
3444,0.005568077,5.568077,1000
3445,0.000714429,0.714429,1000
3446,0.000890399,0.890399,1000
3447,0.000995922,0.995922,1000
3448,0.000981097,0.981097,1000
3449,0.001941473,1.941473,1000
3450,0.00101538,1.01538,1000
3451,0.002873171,2.873171,1000
3452,0.001252677,1.252677,1000
3453,0.000865987,0.865987,1000
3454,0.004488409,4.488409,1000
3455,0.000857056,0.857056,1000
3456,0.001505839,1.505839,1000
3457,0.001013661,1.013661,1000
3458,0.001398116,1.398116,1000
3459,0.003093868,3.093868,1000
3460,0.001505839,1.505839,1000
3461,0.001505839,1.505839,1000
3462,0.002293652,2.293652,1000
3463,0.002482321,2.482321,1000
3464,0.000675705,0.675705,1000
3465,0.001187699,1.187699,1000
3466,0.001221281,1.221281,1000
3467,0.000582092,0.582092,1000
3468,0.001543675,1.543675,1000
3469,0.002081023,2.081023,1000
3470,0.595287691,595.287691,1000
3471,0.000798789,0.798789,1000
3472,0.00443247,4.43247,1000
3473,0.001597145,1.597145,1000
3474,0.00069443,0.69443,1000
3475,0.001622287,1.622287,1000
3476,0.002992059,2.992059,1000
3477,0.017110809,17.110809,1000
3478,0.001670348,1.670348,1000
3479,0.002956864,2.956864,1000
3480,0.000768225,0.768225,1000
3481,0.155267515,155.267515,1000
3482,0.000911224,0.911224,1000
3483,0.000686718,0.686718,1000
3484,0.000779569,0.779569,1000
3485,0.001549985,1.549985,1000
3486,0.001436843,1.436843,1000
3487,0.000567613,0.567613,1000
3488,0.000569492,0.569492,1000
3489,0.000943444,0.943444,1000
3490,0.001550084,1.550084,1000
3491,0.000794288,0.794288,1000
3492,0.001524108,1.524108,1000
3493,0.001275816,1.275816,1000
3494,0.000739574,0.739574,1000
3495,0.009141278,9.141278,1000
3496,0.001011936,1.011936,1000
3497,0.000905506,0.905506,1000
3498,0.001106984,1.106984,1000
3499,0.000590546,0.590546,1000
3500,0.001028071,1.028071,1000
3501,0.00102949,1.02949,1000
3502,0.00077382,0.77382,1000
3503,0.001015072,1.015072,1000
3504,0.076638031,76.638031,1000
3505,0.000544198,0.544198,1000
3506,0.001513667,1.513667,1000
3507,0.001134919,1.134919,1000
3508,0.001227349,1.227349,1000
3509,0.000741108,0.741108,1000
3510,0.000338782,0.338782,1000
3511,0.001145984,1.145984,1000
3512,0.001086471,1.086471,1000
3513,0.000925167,0.925167,1000
3514,0.001134919,1.134919,1000
3515,0.00073602,0.73602,1000
3516,0.000672805,0.672805,1000
3517,0.001792401,1.792401,1000
3518,0.001760246,1.760246,1000
3519,0.000638249,0.638249,1000
3520,0.001480195,1.480195,1000
3521,0.000687003,0.687003,1000
3522,0.025675885,25.675885,1000
3523,0.001633611,1.633611,1000
3524,0.009516127,9.516127,1000
3525,0.000908551,0.908551,1000
3526,0.000388119,0.388119,1000
3527,0.00313544,3.13544,1000
3528,0.000628198,0.628198,1000
3529,0.001242418,1.242418,1000
3530,0.002896919,2.896919,1000
3531,0.000777809,0.777809,1000
3532,0.005301147,5.301147,1000
3533,0.000866795,0.866795,1000
3534,0.06457589,64.57589,1000
3535,0.000640977,0.640977,1000
3536,0.000796797,0.796797,1000
3537,0.01279338,12.79338,1000
3538,0.000908547,0.908547,1000
3539,0.000777903,0.777903,1000
3540,0.009319955,9.319955,1000
3541,0.001088968,1.088968,1000
3542,0.001141219,1.141219,1000
3543,0.000587609,0.587609,1000
3544,0.00115367,1.15367,1000
3545,0.000571816,0.571816,1000
3546,0.000755918,0.755918,1000
3547,0.000619575,0.619575,1000
3548,0.000678297,0.678297,1000
3549,0.003173863,3.173863,1000
3550,0.003230141,3.230141,1000
3551,0.000891204,0.891204,1000
3552,0.000519578,0.519578,1000
3553,0.001002773,1.002773,1000
3554,0.000622464,0.622464,1000
3555,0.000797476,0.797476,1000
3556,0.01610378,16.10378,1000
3557,0.001081378,1.081378,1000
3558,0.000982787,0.982787,1000
3559,0.001042957,1.042957,1000
3560,0.000732742,0.732742,1000
3561,0.001507322,1.507322,1000
3562,0.009673446,9.673446,1000
3563,0.000976558,0.976558,1000
3564,0.001128966,1.128966,1000
3565,0.00115367,1.15367,1000
3566,0.002495376,2.495376,1000
3567,0.001578465,1.578465,1000
3568,0.097194429,97.194429,1000
3569,0.000744733,0.744733,1000
3570,0.00062185,0.62185,1000
3571,0.000855985,0.855985,1000
3572,0.000535611,0.535611,1000
3573,0.000453108,0.453108,1000
3574,0.001066556,1.066556,1000
3575,0.001819986,1.819986,1000
3576,0.00099491,0.99491,1000
3577,0.016326438,16.326438,1000
3578,0.008403419,8.403419,1000
3579,0.002291837,2.291837,1000
3580,0.008894991,8.894991,1000
3581,0.000908865,0.908865,1000
3582,0.001013753,1.013753,1000
3583,0.00115432,1.15432,1000
3584,0.00026373,0.26373,1000
3585,0.000817724,0.817724,1000
3586,0.003179345,3.179345,1000
3587,0.000584496,0.584496,1000
3588,0.00137604,1.37604,1000
3589,0.000598641,0.598641,1000
3590,0.056344228,56.344228,1000
3591,0.0008489,0.8489,1000
3592,0.121409676,121.409676,1000
3593,0.000867685,0.867685,1000
3594,0.001105904,1.105904,1000
3595,0.002005007,2.005007,1000
3596,0.003776812,3.776812,1000
3597,0.000815863,0.815863,1000
3598,0.005070272,5.070272,1000
3599,0.000599918,0.599918,1000
3600,0.000532657,0.532657,1000
3601,0.015843903,15.843903,1000
3602,0.008449096,8.449096,1000
3603,0.001049602,1.049602,1000
3604,0.009253896,9.253896,1000
3605,0.09183227,91.83227,1000
3606,0.00086711,0.86711,1000
3607,0.000882482,0.882482,1000
3608,0.000634889,0.634889,1000
3609,0.005830845,5.830845,1000
3610,0.001091942,1.091942,1000
3611,0.000651713,0.651713,1000
3612,0.00084718,0.84718,1000
3613,0.000626485,0.626485,1000
3614,0.000364898,0.364898,1000
3615,0.001100657,1.100657,1000
3616,0.000758293,0.758293,1000
3617,0.000523186,0.523186,1000
3618,0.02747491,27.47491,1000
3619,0.00230997,2.30997,1000
3620,0.001115288,1.115288,1000
3621,0.000577009,0.577009,1000
3622,0.000639107,0.639107,1000
3623,0.00061074,0.61074,1000
3624,0.004122658,4.122658,1000
3625,0.001148693,1.148693,1000
3626,0.001108613,1.108613,1000
3627,0.000830268,0.830268,1000
3628,0.06372821,63.72821,1000
3629,0.000840384,0.840384,1000
3630,0.000640049,0.640049,1000
3631,0.000845094,0.845094,1000
3632,0.000858202,0.858202,1000
3633,0.000738481,0.738481,1000
3634,0.002218977,2.218977,1000
3635,0.00076719,0.76719,1000
3636,0.000727516,0.727516,1000
3637,0.001272081,1.272081,1000
3638,0.002962615,2.962615,1000
3639,0.000822732,0.822732,1000
3640,0.001905191,1.905191,1000
3641,0.000583562,0.583562,1000
3642,0.000977288,0.977288,1000
3643,0.001017818,1.017818,1000
3644,0.012552707,12.552707,1000
3645,0.00553419,5.53419,1000
3646,0.005097734,5.097734,1000
3647,0.000610175,0.610175,1000
3648,0.008166675,8.166675,1000
3649,0.000336129,0.336129,1000
3650,0.000410453,0.410453,1000
3651,0.001042957,1.042957,1000
3652,0.000657138,0.657138,1000
3653,0.002546293,2.546293,1000
3654,0.0086855,8.6855,1000
3655,0.002772612,2.772612,1000
3656,0.001071249,1.071249,1000
3657,0.000852629,0.852629,1000
3658,0.001042957,1.042957,1000
3659,0.000886471,0.886471,1000
3660,0.000928612,0.928612,1000
3661,0.000499899,0.499899,1000
3663,0.001238516,1.238516,1000
3664,0.000319382,0.319382,1000
3665,0.000827711,0.827711,1000
3666,0.001123106,1.123106,1000
3667,0.000982333,0.982333,1000
3668,0.000974918,0.974918,1000
3669,0.000736452,0.736452,1000
3670,0.000812963,0.812963,1000
3671,0.001195554,1.195554,1000
3672,0.000772561,0.772561,1000
3673,0.002993071,2.993071,1000
3674,0.001095238,1.095238,1000
3675,0.001665845,1.665845,1000
3676,0.000682216,0.682216,1000
3677,0.000884954,0.884954,1000
3678,0.000906856,0.906856,1000
3679,0.000753252,0.753252,1000
3680,0.000643602,0.643602,1000
3681,0.064273799,64.273799,1000
3682,0.000937371,0.937371,1000
3683,0.000758753,0.758753,1000
3684,0.000486601,0.486601,1000
3685,0.001296943,1.296943,1000
3686,0.003396327,3.396327,1000
3687,0.000954263,0.954263,1000
3688,0.014823857,14.823857,1000
3689,0.001385415,1.385415,1000
3690,0.000679698,0.679698,1000
3691,0.001746026,1.746026,1000
3692,0.001602241,1.602241,1000
3693,0.000846761,0.846761,1000
3694,0.001221487,1.221487,1000
3695,0.001006165,1.006165,1000
3696,0.007798243,7.798243,1000
3697,0.001623754,1.623754,1000
3698,0.000822982,0.822982,1000
3699,0.000788389,0.788389,1000
3700,0.0011851,1.1851,1000
3701,0.004190774,4.190774,1000
3702,0.001029247,1.029247,1000
3703,0.001520625,1.520625,1000
3704,0.001597191,1.597191,1000
3705,0.001385374,1.385374,1000
3706,0.001326841,1.326841,1000
3707,0.004440417,4.440417,1000
3708,0.000828083,0.828083,1000
3709,0.000642957,0.642957,1000
3710,0.000876942,0.876942,1000
3711,0.000832053,0.832053,1000
3712,0.003963165,3.963165,1000
3713,0.001525181,1.525181,1000
3714,0.001312863,1.312863,1000
3715,0.000983435,0.983435,1000
3716,0.000750622,0.750622,1000
3717,0.001212803,1.212803,1000
3718,0.002185025,2.185025,1000
3719,0.005987325,5.987325,1000
3720,0.000945779,0.945779,1000
3721,0.000762838,0.762838,1000
3722,0.000979883,0.979883,1000
3723,0.002806732,2.806732,1000
3724,0.001080654,1.080654,1000
3725,0.000924303,0.924303,1000
3726,0.000993186,0.993186,1000
3727,0.001142578,1.142578,1000
3728,0.001134926,1.134926,1000
3729,0.002764106,2.764106,1000
3730,0.154719944,154.719944,1000
3731,0.001081154,1.081154,1000
3732,0.000926293,0.926293,1000
3733,0.001053494,1.053494,1000
3734,0.002694599,2.694599,1000
3735,0.000753323,0.753323,1000
3736,0.001065235,1.065235,1000
3737,0.001450541,1.450541,1000
3738,0.000762387,0.762387,1000
3739,0.001746026,1.746026,1000
3740,0.001685507,1.685507,1000
3741,0.004305465,4.305465,1000
3742,0.00079486,0.79486,1000
3743,0.001141219,1.141219,1000
3744,0.002902588,2.902588,1000
3745,0.000715093,0.715093,1000
3746,0.001194517,1.194517,1000
3748,0.001525076,1.525076,1000
3749,0.000544357,0.544357,1000
3750,0.001021631,1.021631,1000
3751,0.021052461,21.052461,1000
3752,0.001339838,1.339838,1000
3753,0.001202284,1.202284,1000
3754,0.000682634,0.682634,1000
3755,0.001042957,1.042957,1000
3756,0.001846666,1.846666,1000
3757,0.000756225,0.756225,1000
3758,0.005154637,5.154637,1000
3759,0.001018431,1.018431,1000
3760,0.001134919,1.134919,1000
3761,0.000892448,0.892448,1000
3762,0.00081312,0.81312,1000
3763,0.000891092,0.891092,1000
3764,0.000853635,0.853635,1000
3765,0.000580089,0.580089,1000
3766,0.001883372,1.883372,1000
3767,0.002532252,2.532252,1000
3768,0.000895611,0.895611,1000
3769,0.013612927,13.612927,1000
3770,0.001382683,1.382683,1000
3771,0.00897673,8.97673,1000
3772,0.00065356,0.65356,1000
3773,0.012565934,12.565934,1000
3774,0.000609413,0.609413,1000
3775,0.001436679,1.436679,1000
3776,0.000838723,0.838723,1000
3777,0.001521373,1.521373,1000
3778,0.001209728,1.209728,1000
3779,0.000615047,0.615047,1000
3780,0.002378752,2.378752,1000
3781,0.001260235,1.260235,1000
3782,0.008099365,8.099365,1000
3783,0.005589647,5.589647,1000
3784,0.000882241,0.882241,1000
3785,0.000874464,0.874464,1000
3786,0.013201985,13.201985,1000
3787,0.001011936,1.011936,1000
3788,0.001022954,1.022954,1000
3789,0.000858252,0.858252,1000
3790,0.000567169,0.567169,1000
3791,0.000860225,0.860225,1000
3792,0.006958795,6.958795,1000
3793,0.001042957,1.042957,1000
3794,0.001736794,1.736794,1000
3795,0.0008737,0.8737,1000
3796,0.000604527,0.604527,1000
3797,0.000993124,0.993124,1000
3798,0.001042957,1.042957,1000
3799,0.000719639,0.719639,1000
3800,0.000914286,0.914286,1000
3801,0.016132012,16.132012,1000
3802,0.000930683,0.930683,1000
3803,0.000789661,0.789661,1000
3804,0.008472733,8.472733,1000
3805,0.003047699,3.047699,1000
3806,0.000840826,0.840826,1000
3807,0.000795043,0.795043,1000
3808,0.000897099,0.897099,1000
3809,0.026743622,26.743622,1000
3810,0.000862358,0.862358,1000
3811,0.000953613,0.953613,1000
3812,0.001736899,1.736899,1000
3813,0.001072286,1.072286,1000
3814,0.000745443,0.745443,1000
3815,0.001044721,1.044721,1000
3816,0.001321649,1.321649,1000
3817,0.000806591,0.806591,1000
3818,0.001218698,1.218698,1000
3819,0.000579171,0.579171,1000
3820,0.003143263,3.143263,1000
3821,0.000948234,0.948234,1000
3822,0.000794941,0.794941,1000
3823,0.000703266,0.703266,1000
3824,0.003706376,3.706376,1000
3825,0.000843617,0.843617,1000
3826,0.001352029,1.352029,1000
3827,0.001826577,1.826577,1000
3828,0.001097456,1.097456,1000
3829,0.004444362,4.444362,1000
3830,0.001177864,1.177864,1000
3831,0.001991645,1.991645,1000
3832,0.000837835,0.837835,1000
3833,0.001033313,1.033313,1000
3834,0.000993368,0.993368,1000
3835,0.000876057,0.876057,1000
3836,0.001255414,1.255414,1000
3837,0.00071517,0.71517,1000
3838,0.001525076,1.525076,1000
3839,0.000954263,0.954263,1000
3840,0.001198722,1.198722,1000
3841,0.001594327,1.594327,1000
3842,0.000910322,0.910322,1000
3843,0.00105043,1.05043,1000
3844,0.000669244,0.669244,1000
3845,0.00081312,0.81312,1000
3846,0.00258036,2.58036,1000
3847,0.000879257,0.879257,1000
3848,0.000895893,0.895893,1000
3849,0.001042817,1.042817,1000
3850,0.002303256,2.303256,1000
3851,0.001092906,1.092906,1000
3852,0.000917895,0.917895,1000
3853,0.000948206,0.948206,1000
3854,0.001049076,1.049076,1000
3855,0.003454634,3.454634,1000
3856,0.001070943,1.070943,1000
3857,0.000653397,0.653397,1000
3858,0.000823729,0.823729,1000
3859,0.001042979,1.042979,1000
3860,0.000784003,0.784003,1000
3861,0.001033247,1.033247,1000
3862,0.00278682,2.78682,1000
3863,0.001104592,1.104592,1000
3864,0.001376162,1.376162,1000
3865,0.001557204,1.557204,1000
3866,0.000816593,0.816593,1000
3867,0.001749287,1.749287,1000
3868,0.000845481,0.845481,1000
3869,0.001480218,1.480218,1000
3870,0.000579439,0.579439,1000
3871,0.001029247,1.029247,1000
3872,0.000886837,0.886837,1000
3873,0.001505839,1.505839,1000
3874,0.000681006,0.681006,1000
3875,0.001203396,1.203396,1000
3876,0.000942845,0.942845,1000
3877,0.000834216,0.834216,1000
3878,0.001608681,1.608681,1000
3879,0.001314557,1.314557,1000
3880,0.001151318,1.151318,1000
3881,0.000995621,0.995621,1000
3882,0.000881759,0.881759,1000
3883,0.000993124,0.993124,1000
3884,0.001029247,1.029247,1000
3885,0.000894163,0.894163,1000
3886,0.000993186,0.993186,1000
3887,0.001577665,1.577665,1000
3888,0.000764498,0.764498,1000
3889,0.001283805,1.283805,1000
3890,0.006176024,6.176024,1000
3891,0.002258905,2.258905,1000
3892,0.000970087,0.970087,1000
3893,0.0018238,1.8238,1000
3894,0.001501699,1.501699,1000
3895,0.000953476,0.953476,1000
3896,0.000759204,0.759204,1000
3897,0.00070197,0.70197,1000
3898,0.000706736,0.706736,1000
3899,0.000629183,0.629183,1000
3900,0.000483406,0.483406,1000
3901,0.00123111,1.23111,1000
3902,0.003004602,3.004602,1000
3903,0.000580262,0.580262,1000
3904,0.000889478,0.889478,1000
3905,0.00089042,0.89042,1000
3906,0.008503436,8.503436,1000
3907,0.002499928,2.499928,1000
3908,0.000784918,0.784918,1000
3909,0.001327913,1.327913,1000
3910,0.000767589,0.767589,1000
3911,0.001143068,1.143068,1000
3912,0.001120919,1.120919,1000
3913,0.000991347,0.991347,1000
3914,0.001198794,1.198794,1000
3915,0.001201605,1.201605,1000
3916,0.00353615,3.53615,1000
3917,0.008627578,8.627578,1000
3918,0.007604599,7.604599,1000
3919,0.000740319,0.740319,1000
3920,0.001139436,1.139436,1000
3921,0.002785009,2.785009,1000
3922,0.000655358,0.655358,1000
3923,0.077228259,77.228259,1000
3924,0.016495929,16.495929,1000
3925,0.000993186,0.993186,1000
3926,0.001292847,1.292847,1000
3927,0.000993186,0.993186,1000
3928,0.000423184,0.423184,1000
3929,0.000886019,0.886019,1000
3930,0.000968865,0.968865,1000
3931,0.001782014,1.782014,1000
3932,0.001081154,1.081154,1000
3933,0.000565089,0.565089,1000
3934,0.000844673,0.844673,1000
3935,0.003566488,3.566488,1000
3936,0.001217472,1.217472,1000
3937,0.001604209,1.604209,1000
3938,0.000723498,0.723498,1000
3939,0.000835933,0.835933,1000
3940,0.00069153,0.69153,1000
3941,0.023434336,23.434336,1000
3942,0.004807112,4.807112,1000
3943,0.000695428,0.695428,1000
3944,0.002038435,2.038435,1000
3945,0.000836395,0.836395,1000
3946,0.003288657,3.288657,1000
3947,0.00112164,1.12164,1000
3948,0.002384409,2.384409,1000
3949,0.000965633,0.965633,1000
3950,0.003839704,3.839704,1000
3951,0.002625301,2.625301,1000
3952,0.000819028,0.819028,1000
3953,0.000844132,0.844132,1000
3954,0.001037064,1.037064,1000
3955,0.000861396,0.861396,1000
3956,0.000855577,0.855577,1000
3957,0.000525714,0.525714,1000
3958,0.001006227,1.006227,1000
3959,0.001041289,1.041289,1000
3960,0.006474116,6.474116,1000
3961,0.0009252,0.9252,1000
3962,0.004298018,4.298018,1000
3963,0.000810238,0.810238,1000
3964,0.001116044,1.116044,1000
3965,0.00288682,2.88682,1000
3966,0.000963771,0.963771,1000
3967,0.001071083,1.071083,1000
3968,0.001011936,1.011936,1000
3969,0.0017544,1.7544,1000
3970,0.003018137,3.018137,1000
3971,0.00076363,0.76363,1000
3972,0.001338216,1.338216,1000
3973,0.001205964,1.205964,1000
3974,0.001804836,1.804836,1000
3975,0.00063038,0.63038,1000
3976,0.001702934,1.702934,1000
3977,0.002732936,2.732936,1000
3978,0.000878351,0.878351,1000
3979,0.000595131,0.595131,1000
3980,0.001079247,1.079247,1000
3981,0.001373057,1.373057,1000
3982,0.00103168,1.03168,1000
3983,0.000572983,0.572983,1000
3984,0.000867421,0.867421,1000
3985,0.001071066,1.071066,1000
3986,0.001510527,1.510527,1000
3987,0.000583703,0.583703,1000
3988,0.001011936,1.011936,1000
3989,0.091512097,91.512097,1000
3990,0.000625405,0.625405,1000
3991,0.001139786,1.139786,1000
3992,0.000988784,0.988784,1000
3993,0.003284922,3.284922,1000
3994,0.00088129,0.88129,1000
3995,0.000862351,0.862351,1000
3996,0.001253671,1.253671,1000
3997,0.000962746,0.962746,1000
3998,0.001250798,1.250798,1000
3999,0.001542645,1.542645,1000
4000,0.002545654,2.545654,1000
4001,0.001121965,1.121965,1000
4002,0.000954955,0.954955,1000
4003,0.001535429,1.535429,1000
4004,0.002619839,2.619839,1000
4005,0.000985791,0.985791,1000
4006,0.000549411,0.549411,1000
4007,0.001607469,1.607469,1000
4008,0.001196786,1.196786,1000
4009,0.000732895,0.732895,1000
4010,0.001725534,1.725534,1000
4011,0.001217744,1.217744,1000
4012,0.000668016,0.668016,1000
4013,0.023161708,23.161708,1000
4014,0.005521025,5.521025,1000
4015,0.001007825,1.007825,1000
4016,0.000917936,0.917936,1000
4017,0.000979319,0.979319,1000
4018,0.001081154,1.081154,1000
4019,0.000746524,0.746524,1000
4020,0.005958575,5.958575,1000
4021,0.001034269,1.034269,1000
4022,0.001263048,1.263048,1000
4023,0.00104294,1.04294,1000
4024,0.000768011,0.768011,1000
4025,0.000490289,0.490289,1000
4026,0.000896909,0.896909,1000
4027,0.00074302,0.74302,1000
4028,0.000813406,0.813406,1000
4029,0.000993186,0.993186,1000
4030,0.000864463,0.864463,1000
4031,0.000954641,0.954641,1000
4032,0.000970413,0.970413,1000
4033,0.000798789,0.798789,1000
4034,0.001632122,1.632122,1000
4035,0.001044721,1.044721,1000
4036,0.000988686,0.988686,1000
4037,0.001042817,1.042817,1000
4038,0.001044305,1.044305,1000
4039,0.002765669,2.765669,1000
4040,0.001982504,1.982504,1000
4041,0.000795157,0.795157,1000
4042,0.005158329,5.158329,1000
4043,0.000851126,0.851126,1000
4044,0.014585444,14.585444,1000
4045,0.001041789,1.041789,1000
4046,0.001125634,1.125634,1000
4047,0.001317245,1.317245,1000
4048,0.001532258,1.532258,1000
4049,0.000825969,0.825969,1000
4050,0.000993124,0.993124,1000
4051,0.000674381,0.674381,1000
4052,0.000849015,0.849015,1000
4053,0.001520388,1.520388,1000
4054,0.002076648,2.076648,1000
4055,0.000880791,0.880791,1000
4056,0.001896324,1.896324,1000
4057,0.005185274,5.185274,1000
4058,0.00067961,0.67961,1000
4059,0.00083168,0.83168,1000
4061,0.000610174,0.610174,1000
4062,0.002812992,2.812992,1000
4063,0.000794119,0.794119,1000
4064,0.000558171,0.558171,1000
4065,0.000935513,0.935513,1000
4066,0.001045953,1.045953,1000
4067,0.000993186,0.993186,1000
4068,0.000905849,0.905849,1000
4069,0.001006165,1.006165,1000
4070,0.000822265,0.822265,1000
4071,0.000993124,0.993124,1000
4072,0.000746838,0.746838,1000
4073,0.001019007,1.019007,1000
4075,0.001484882,1.484882,1000
4076,0.000611547,0.611547,1000
4077,0.001423652,1.423652,1000
4078,0.001142861,1.142861,1000
4079,0.000924355,0.924355,1000
4080,0.001644607,1.644607,1000
4081,0.001375699,1.375699,1000
4082,0.00103168,1.03168,1000
4083,0.000916276,0.916276,1000
4084,0.001277437,1.277437,1000
4085,0.001044243,1.044243,1000
4086,0.010389644,10.389644,1000
4087,0.001075067,1.075067,1000
4088,0.005322948,5.322948,1000
4089,0.001627974,1.627974,1000
4090,0.142760564,142.760564,1000
4091,0.00121112,1.21112,1000
4092,0.000618495,0.618495,1000
4093,0.001746026,1.746026,1000
4094,0.001457786,1.457786,1000
4095,0.001628219,1.628219,1000
4096,0.001312558,1.312558,1000
4097,0.000761982,0.761982,1000
4098,0.00120605,1.20605,1000
4099,0.001903973,1.903973,1000
4100,0.002927114,2.927114,1000
4101,0.001044094,1.044094,1000
4102,0.001039737,1.039737,1000
4103,0.001229139,1.229139,1000
4104,0.000996698,0.996698,1000
4105,0.002180852,2.180852,1000
4106,0.001724124,1.724124,1000
4107,0.001107924,1.107924,1000
4108,0.012855179,12.855179,1000
4109,0.002558461,2.558461,1000
4110,0.001011486,1.011486,1000
4111,0.000941005,0.941005,1000
4112,0.003805549,3.805549,1000
4113,0.000332796,0.332796,1000
4114,0.000609736,0.609736,1000
4115,0.001190355,1.190355,1000
4116,0.00125872,1.25872,1000
4117,0.001530252,1.530252,1000
4118,0.002844336,2.844336,1000
4119,0.002914012,2.914012,1000
4120,0.000968848,0.968848,1000
4121,0.001141219,1.141219,1000
4122,0.040070907,40.070907,1000
4123,0.00848424,8.48424,1000
4124,0.000644596,0.644596,1000
4125,0.002571982,2.571982,1000
4126,0.00290996,2.90996,1000
4127,0.000364036,0.364036,1000
4128,0.003779484,3.779484,1000
4129,0.000340259,0.340259,1000
4130,0.000798251,0.798251,1000
4131,0.00103168,1.03168,1000
4132,0.000707067,0.707067,1000
4133,0.001330285,1.330285,1000
4134,0.001121216,1.121216,1000
4135,0.000692255,0.692255,1000
4136,0.001054392,1.054392,1000
4137,0.000342858,0.342858,1000
4138,0.002236454,2.236454,1000
4139,0.001426255,1.426255,1000
4140,0.001231268,1.231268,1000
4141,0.001519731,1.519731,1000
4142,0.001097456,1.097456,1000
4143,0.000638744,0.638744,1000
4144,0.000937371,0.937371,1000
4145,0.000665565,0.665565,1000
4146,0.000447547,0.447547,1000
4147,0.000927015,0.927015,1000
4148,0.000335438,0.335438,1000
4149,0.000866827,0.866827,1000
4150,0.001804297,1.804297,1000
4151,0.001400598,1.400598,1000
4152,0.00108041,1.08041,1000
4153,0.01283346,12.83346,1000
4154,0.02277248,22.77248,1000
4155,0.001049679,1.049679,1000
4156,0.000764041,0.764041,1000
4157,0.000963458,0.963458,1000
4158,0.001116044,1.116044,1000
4159,0.002176938,2.176938,1000
4160,0.001317652,1.317652,1000
4161,0.000690923,0.690923,1000
4162,0.001367882,1.367882,1000
4163,0.002704047,2.704047,1000
4164,0.001501995,1.501995,1000
4165,0.000962659,0.962659,1000
4166,0.002950926,2.950926,1000
4167,0.00094802,0.94802,1000
4168,0.001225569,1.225569,1000
4169,0.000661978,0.661978,1000
4170,0.001108861,1.108861,1000
4171,0.001324896,1.324896,1000
4172,0.000824425,0.824425,1000
4173,0.003742803,3.742803,1000
4174,0.00128798,1.28798,1000
4175,0.000891204,0.891204,1000
4176,0.003315854,3.315854,1000
4177,0.000943105,0.943105,1000
4178,0.000797405,0.797405,1000
4179,0.000751565,0.751565,1000
4180,0.000471066,0.471066,1000
4181,0.000681842,0.681842,1000
4182,0.003767534,3.767534,1000
4183,0.001008995,1.008995,1000
4184,0.000993186,0.993186,1000
4185,0.000844307,0.844307,1000
4186,0.002438331,2.438331,1000
4187,0.01198276,11.98276,1000
4188,0.001054906,1.054906,1000
4189,0.001062379,1.062379,1000
4190,0.000570148,0.570148,1000
4191,0.004847544,4.847544,1000
4192,0.001205656,1.205656,1000
4193,0.001412704,1.412704,1000
4194,0.000819249,0.819249,1000
4195,0.000837289,0.837289,1000
4196,0.022136415,22.136415,1000
4197,0.000658262,0.658262,1000
4198,0.001006165,1.006165,1000
4199,0.010459327,10.459327,1000
4200,0.000727765,0.727765,1000
4201,0.000895737,0.895737,1000
4202,0.005795425,5.795425,1000
4203,0.000689615,0.689615,1000
4204,0.000562735,0.562735,1000
4205,0.000927797,0.927797,1000
4206,0.002061123,2.061123,1000
4207,0.00081312,0.81312,1000
4208,0.001062519,1.062519,1000
4209,0.00103168,1.03168,1000
4210,0.000954558,0.954558,1000
4211,0.002299652,2.299652,1000
4212,0.000527012,0.527012,1000
4213,0.00104294,1.04294,1000
4214,0.000890586,0.890586,1000
4215,0.062245369,62.245369,1000
4216,0.000839952,0.839952,1000
4217,0.009483524,9.483524,1000
4218,0.000646703,0.646703,1000
4219,0.001746026,1.746026,1000
4220,0.001034275,1.034275,1000
4221,0.002955403,2.955403,1000
4222,0.000270495,0.270495,1000
4223,0.001699011,1.699011,1000
4224,0.071142592,71.142592,1000
4225,0.001218698,1.218698,1000
4226,0.002848,2.848,1000
4227,0.000885063,0.885063,1000
4228,0.00098725,0.98725,1000
4229,0.000749341,0.749341,1000
4230,0.048531193,48.531193,1000
4231,0.001525181,1.525181,1000
4232,0.001520388,1.520388,1000
4233,0.000589844,0.589844,1000
4234,0.00047903,0.47903,1000
4235,0.001283471,1.283471,1000
4236,0.000993186,0.993186,1000
4237,0.001316081,1.316081,1000
4238,0.001539219,1.539219,1000
4239,0.042772039,42.772039,1000
4240,0.001746026,1.746026,1000
4241,0.001525076,1.525076,1000
4242,0.001533985,1.533985,1000
4243,0.00100217,1.00217,1000
4244,0.001155604,1.155604,1000
4245,0.000935513,0.935513,1000
4246,0.000924355,0.924355,1000
4247,0.001466494,1.466494,1000
4248,0.000918344,0.918344,1000
4249,0.000592556,0.592556,1000
4250,0.001079155,1.079155,1000
4251,0.00037424,0.37424,1000
4252,0.00064531,0.64531,1000
4253,0.001621453,1.621453,1000
4254,0.000920344,0.920344,1000
4255,0.000702365,0.702365,1000
4256,0.003835565,3.835565,1000
4257,0.000606799,0.606799,1000
4258,0.000868532,0.868532,1000
4259,0.000786763,0.786763,1000
4260,0.001351176,1.351176,1000
4261,0.0012869,1.2869,1000
4262,0.006325943,6.325943,1000
4263,0.000868079,0.868079,1000
4264,0.000723954,0.723954,1000
4265,0.001071083,1.071083,1000
4266,0.040418966,40.418966,1000
4267,0.001020209,1.020209,1000
4268,0.001600968,1.600968,1000
4269,0.001270367,1.270367,1000
4270,0.016136112,16.136112,1000
4271,0.001120845,1.120845,1000
4272,0.004290339,4.290339,1000
4273,0.001006227,1.006227,1000
4274,0.000773882,0.773882,1000
4275,0.001109718,1.109718,1000
4276,0.000760249,0.760249,1000
4277,0.001173097,1.173097,1000
4278,0.000912911,0.912911,1000
4279,0.001542492,1.542492,1000
4280,0.001011936,1.011936,1000
4281,0.000745213,0.745213,1000
4282,0.003300287,3.300287,1000
4283,0.000860163,0.860163,1000
4284,0.001062512,1.062512,1000
4285,0.000577886,0.577886,1000
4286,0.001243719,1.243719,1000
4287,0.001525076,1.525076,1000
4288,0.001417541,1.417541,1000
4289,0.001071083,1.071083,1000
4290,0.003108759,3.108759,1000
4291,0.001055087,1.055087,1000
4292,0.000668389,0.668389,1000
4293,0.001294376,1.294376,1000
4294,0.000941128,0.941128,1000
4295,0.000877362,0.877362,1000
4296,0.008250533,8.250533,1000
4297,0.000765639,0.765639,1000
4298,0.001523885,1.523885,1000
4299,0.001062541,1.062541,1000
4300,0.001217544,1.217544,1000
4301,0.001139456,1.139456,1000
4302,0.001062519,1.062519,1000
4303,0.000804302,0.804302,1000
4304,0.001062541,1.062541,1000
4305,0.000765605,0.765605,1000
4306,0.000877359,0.877359,1000
4307,0.000874684,0.874684,1000
4308,0.001084777,1.084777,1000
4309,0.000730472,0.730472,1000
4310,0.00073774,0.73774,1000
4311,0.001071066,1.071066,1000
4312,0.000753463,0.753463,1000
4313,0.000833577,0.833577,1000
4314,0.003745597,3.745597,1000
4315,0.001071083,1.071083,1000
4316,0.001061504,1.061504,1000
4317,0.001019928,1.019928,1000
4318,0.001011936,1.011936,1000
4319,0.001066625,1.066625,1000
4320,0.000291616,0.291616,1000
4321,0.002185092,2.185092,1000
4322,0.001328009,1.328009,1000
4323,0.000819069,0.819069,1000
4324,0.001170193,1.170193,1000
4325,0.001328011,1.328011,1000
4326,0.000824063,0.824063,1000
4327,0.000938287,0.938287,1000
4328,0.006005634,6.005634,1000
4329,0.001087795,1.087795,1000
4330,0.00129011,1.29011,1000
4331,0.001015045,1.015045,1000
4332,0.001775766,1.775766,1000
4333,0.0005967,0.5967,1000
4334,0.002707688,2.707688,1000
4335,0.001011936,1.011936,1000
4336,0.001018422,1.018422,1000
4337,0.000566165,0.566165,1000
4338,0.001006227,1.006227,1000
4339,0.000508532,0.508532,1000
4340,0.000701713,0.701713,1000
4341,0.001012445,1.012445,1000
4342,0.001603291,1.603291,1000
4343,0.000465802,0.465802,1000
4344,0.000908895,0.908895,1000
4345,0.001178614,1.178614,1000
4346,0.005328898,5.328898,1000
4347,0.000599872,0.599872,1000
4348,0.059408068,59.408068,1000
4349,0.00104294,1.04294,1000
4350,0.001042979,1.042979,1000
4351,0.001523753,1.523753,1000
4352,0.001691201,1.691201,1000
4353,0.001070943,1.070943,1000
4354,0.00310337,3.10337,1000
4355,0.001126925,1.126925,1000
4356,0.000933709,0.933709,1000
4357,0.00080298,0.80298,1000
4358,0.00112212,1.12212,1000
4359,0.001071105,1.071105,1000
4360,0.001524419,1.524419,1000
4361,0.001373057,1.373057,1000
4362,0.001071105,1.071105,1000
4363,0.001071066,1.071066,1000
4364,0.001385374,1.385374,1000
4365,0.000549971,0.549971,1000
4366,0.000969862,0.969862,1000
4367,0.000962751,0.962751,1000
4368,0.595286263,595.286263,1000
4369,0.001500432,1.500432,1000
4370,0.008111293,8.111293,1000
4371,0.000896137,0.896137,1000
4372,0.000821517,0.821517,1000
4373,0.002240184,2.240184,1000
4374,0.000786759,0.786759,1000
4375,0.000783759,0.783759,1000
4377,0.001274046,1.274046,1000
4378,0.002930471,2.930471,1000
4379,0.00308526,3.08526,1000
4380,0.000462748,0.462748,1000
4381,0.001635382,1.635382,1000
4382,0.001235469,1.235469,1000
4383,0.001525312,1.525312,1000
4384,0.001254699,1.254699,1000
4385,0.001525076,1.525076,1000
4386,0.001062541,1.062541,1000
4387,0.001375648,1.375648,1000
4388,0.000780864,0.780864,1000
4389,0.000881578,0.881578,1000
4390,0.001071083,1.071083,1000
4391,0.000804462,0.804462,1000
4392,0.001804898,1.804898,1000
4393,0.000931831,0.931831,1000
4394,0.000914631,0.914631,1000
4395,0.000724841,0.724841,1000
4396,0.001887932,1.887932,1000
4397,0.001071133,1.071133,1000
4398,0.002093233,2.093233,1000
4399,0.001071105,1.071105,1000
4400,0.00073963,0.73963,1000
4401,0.001071066,1.071066,1000
4402,0.01387294,13.87294,1000
4403,0.001566043,1.566043,1000
4404,0.000852707,0.852707,1000
4405,0.001048507,1.048507,1000
4406,0.00105043,1.05043,1000
4407,0.004066327,4.066327,1000
4408,0.003931656,3.931656,1000
4409,0.001687941,1.687941,1000
4410,0.010464014,10.464014,1000
4411,0.01045395,10.45395,1000
4412,0.000447048,0.447048,1000
4413,0.001144711,1.144711,1000
4414,0.001069915,1.069915,1000
4415,0.001070943,1.070943,1000
4416,0.071727042,71.727042,1000
4417,0.000725627,0.725627,1000
4418,0.000732946,0.732946,1000
4419,0.001150211,1.150211,1000
4420,0.001071083,1.071083,1000
4421,0.000812451,0.812451,1000
4422,0.006399832,6.399832,1000
4423,0.001071105,1.071105,1000
4424,0.003123684,3.123684,1000
4425,0.001071083,1.071083,1000
4426,0.00085655,0.85655,1000
4427,0.001141219,1.141219,1000
4428,0.007741197,7.741197,1000
4429,0.000993576,0.993576,1000
4430,0.000764386,0.764386,1000
4431,0.002932483,2.932483,1000
4432,0.000853925,0.853925,1000
4433,0.015533961,15.533961,1000
4434,0.000832707,0.832707,1000
4435,0.008137051,8.137051,1000
4436,0.00101366,1.01366,1000
4437,0.000823687,0.823687,1000
4438,0.001797267,1.797267,1000
4439,0.00088076,0.88076,1000
4440,0.000955037,0.955037,1000
4441,0.000981935,0.981935,1000
4442,0.000798421,0.798421,1000
4443,0.000954263,0.954263,1000
4444,0.006343968,6.343968,1000
4445,0.002489351,2.489351,1000
4446,0.000739492,0.739492,1000
4447,0.00142087,1.42087,1000
4448,0.000807883,0.807883,1000
4449,0.002747832,2.747832,1000
4450,0.001062502,1.062502,1000
4451,0.001825149,1.825149,1000
4452,0.001564513,1.564513,1000
4453,0.001062519,1.062519,1000
4454,0.001226756,1.226756,1000
4455,0.000965699,0.965699,1000
4456,0.001035087,1.035087,1000
4457,0.000993186,0.993186,1000
4458,0.000705666,0.705666,1000
4459,0.002781228,2.781228,1000
4460,0.001222324,1.222324,1000
4461,0.001071066,1.071066,1000
4462,0.001002757,1.002757,1000
4464,0.000899877,0.899877,1000
4465,0.00128482,1.28482,1000
4466,0.009845356,9.845356,1000
4467,0.001292577,1.292577,1000
4468,0.000900444,0.900444,1000
4469,0.00098284,0.98284,1000
4470,0.001682999,1.682999,1000
4471,0.011751116,11.751116,1000
4472,0.00107386,1.07386,1000
4473,0.000961041,0.961041,1000
4474,0.002848554,2.848554,1000
4475,0.000668578,0.668578,1000
4476,0.000681433,0.681433,1000
4477,0.000933915,0.933915,1000
4478,0.000770937,0.770937,1000
4479,0.001736464,1.736464,1000
4480,0.000795732,0.795732,1000
4481,0.002961249,2.961249,1000
4482,0.00105043,1.05043,1000
4483,0.000978393,0.978393,1000
4484,0.000890483,0.890483,1000
4485,0.001141219,1.141219,1000
4486,0.000633233,0.633233,1000
4487,0.000341393,0.341393,1000
4488,0.000931537,0.931537,1000
4489,0.001071133,1.071133,1000
4490,0.00097391,0.97391,1000
4491,0.000836188,0.836188,1000
4492,0.000987274,0.987274,1000
4493,0.000633905,0.633905,1000
4494,0.003134529,3.134529,1000
4495,0.001017502,1.017502,1000
4496,0.001006227,1.006227,1000
4497,0.001147967,1.147967,1000
4498,0.001199478,1.199478,1000
4499,0.000701555,0.701555,1000
4500,0.001077578,1.077578,1000
4501,0.004207396,4.207396,1000
4502,0.002574017,2.574017,1000
4503,0.000953613,0.953613,1000
4504,0.00055451,0.55451,1000
4505,0.001525076,1.525076,1000
4506,0.000802091,0.802091,1000
4507,0.000824774,0.824774,1000
4508,0.001420131,1.420131,1000
4509,0.001011936,1.011936,1000
4510,0.000785513,0.785513,1000
4511,0.000961119,0.961119,1000
4512,0.001520625,1.520625,1000
4513,0.001746026,1.746026,1000
4514,0.000878349,0.878349,1000
4515,0.002776361,2.776361,1000
4516,0.000993186,0.993186,1000
4517,0.001520388,1.520388,1000
4518,0.016698041,16.698041,1000
4519,0.000996726,0.996726,1000
4520,0.000854896,0.854896,1000
4521,0.001203396,1.203396,1000
4522,0.001158113,1.158113,1000
4523,0.001029247,1.029247,1000
4524,0.000808824,0.808824,1000
4525,0.00086458,0.86458,1000
4526,0.001181368,1.181368,1000
4527,0.001201323,1.201323,1000
4528,0.00307815,3.07815,1000
4529,0.02099663,20.99663,1000
4530,0.00192464,1.92464,1000
4531,0.001422876,1.422876,1000
4532,0.001150308,1.150308,1000
4533,0.016801664,16.801664,1000
4534,0.001837768,1.837768,1000
4535,0.003114065,3.114065,1000
4536,0.00028983,0.28983,1000
4537,0.000888624,0.888624,1000
4538,0.000357896,0.357896,1000
4539,0.000683639,0.683639,1000
4540,0.003450053,3.450053,1000
4541,0.01991047,19.91047,1000
4542,0.001713242,1.713242,1000
4543,0.00062995,0.62995,1000
4544,0.000690723,0.690723,1000
4545,0.001054323,1.054323,1000
4546,0.01145827,11.45827,1000
4547,0.003365888,3.365888,1000
4548,0.001190563,1.190563,1000
4549,0.001182893,1.182893,1000
4550,0.001194978,1.194978,1000
4551,0.001605656,1.605656,1000
4552,0.001042288,1.042288,1000
4553,0.001154542,1.154542,1000
4554,0.001636874,1.636874,1000
4555,0.001171504,1.171504,1000
4556,0.002152178,2.152178,1000
4557,0.000937243,0.937243,1000
4558,0.001015484,1.015484,1000
4559,0.001609087,1.609087,1000
4560,0.00198831,1.98831,1000
4562,0.00078043,0.78043,1000
4563,0.001002942,1.002942,1000
4564,0.000758042,0.758042,1000
4565,0.001150772,1.150772,1000
4566,0.000839534,0.839534,1000
4567,0.001062379,1.062379,1000
4568,0.001167729,1.167729,1000
4569,0.000749728,0.749728,1000
4570,0.004770487,4.770487,1000
4571,0.001902605,1.902605,1000
4572,0.000937243,0.937243,1000
4573,0.001124571,1.124571,1000
4574,0.000875833,0.875833,1000
4575,0.001081154,1.081154,1000
4576,0.001491126,1.491126,1000
4577,0.000822663,0.822663,1000
4578,0.000824337,0.824337,1000
4579,0.000839171,0.839171,1000
4580,0.000563103,0.563103,1000
4581,0.001753349,1.753349,1000
4582,0.001062541,1.062541,1000
4583,0.000672263,0.672263,1000
4584,0.001108175,1.108175,1000
4585,0.000797316,0.797316,1000
4586,0.0015756,1.5756,1000
4587,0.000640948,0.640948,1000
4588,0.002978475,2.978475,1000
4589,0.002858964,2.858964,1000
4590,0.000893313,0.893313,1000
4591,0.000879832,0.879832,1000
4592,0.000845438,0.845438,1000
4593,0.001472313,1.472313,1000
4594,0.000906852,0.906852,1000
4595,0.003506066,3.506066,1000
4596,0.00159392,1.59392,1000
4597,0.016424635,16.424635,1000
4598,0.000702934,0.702934,1000
4599,0.001040705,1.040705,1000
4600,0.000881283,0.881283,1000
4601,0.003056457,3.056457,1000
4602,0.000695017,0.695017,1000
4603,0.000864775,0.864775,1000
4604,0.001205656,1.205656,1000
4605,0.000849008,0.849008,1000
4606,0.000445746,0.445746,1000
4607,0.000848776,0.848776,1000
4608,0.001198722,1.198722,1000
4609,0.000326698,0.326698,1000
4610,0.000916462,0.916462,1000
4611,0.00103168,1.03168,1000
4612,0.00164292,1.64292,1000
4613,0.001295787,1.295787,1000
4614,0.001062495,1.062495,1000
4616,0.007654548,7.654548,1000
4617,0.000606667,0.606667,1000
4618,0.000700424,0.700424,1000
4620,0.000843923,0.843923,1000
4621,0.009843896,9.843896,1000
4622,0.000626886,0.626886,1000
4623,0.016037934,16.037934,1000
4624,0.000613699,0.613699,1000
4625,0.001531488,1.531488,1000
4626,0.000849762,0.849762,1000
4627,0.000641207,0.641207,1000
4628,0.001879935,1.879935,1000
4629,0.001100003,1.100003,1000
4630,0.000944255,0.944255,1000
4631,0.001020363,1.020363,1000
4632,0.006738554,6.738554,1000
4633,0.000334071,0.334071,1000
4634,0.027039065,27.039065,1000
4635,0.001809123,1.809123,1000
4636,0.004329556,4.329556,1000
4637,0.000418021,0.418021,1000
4638,0.000799803,0.799803,1000
4639,0.001725766,1.725766,1000
4640,0.005117108,5.117108,1000
4641,0.115686034,115.686034,1000
4642,0.000624418,0.624418,1000
4643,0.008188903,8.188903,1000
4644,0.001168654,1.168654,1000
4645,0.000789723,0.789723,1000
4646,0.001198722,1.198722,1000
4647,0.000741072,0.741072,1000
4648,0.011779678,11.779678,1000
4649,0.001149474,1.149474,1000
4650,0.001116018,1.116018,1000
4651,0.001929572,1.929572,1000
4652,0.000992068,0.992068,1000
4653,0.001587363,1.587363,1000
4654,0.008272253,8.272253,1000
4655,0.000673743,0.673743,1000
4656,0.000878879,0.878879,1000
4657,0.001020721,1.020721,1000
4658,0.239143467,239.143467,1000
4659,0.000809548,0.809548,1000
4660,0.00232704,2.32704,1000
4661,0.001277391,1.277391,1000
4662,0.000763338,0.763338,1000
4663,0.000887968,0.887968,1000
4664,0.001062569,1.062569,1000
4665,0.000891235,0.891235,1000
4666,0.001103889,1.103889,1000
4667,0.000868532,0.868532,1000
4668,0.00321559,3.21559,1000
4669,0.008331059,8.331059,1000
4670,0.001006227,1.006227,1000
4671,0.000481051,0.481051,1000
4672,0.030557306,30.557306,1000
4673,0.002102329,2.102329,1000
4674,0.000883375,0.883375,1000
4675,0.000948554,0.948554,1000
4676,0.001280428,1.280428,1000
4677,0.00117199,1.17199,1000
4678,0.001334149,1.334149,1000
4679,0.000800328,0.800328,1000
4680,0.001412371,1.412371,1000
4681,0.001178304,1.178304,1000
4682,0.005048734,5.048734,1000
4683,0.011014388,11.014388,1000
4684,0.017742358,17.742358,1000
4685,0.001525076,1.525076,1000
4686,0.001082424,1.082424,1000
4687,0.001317245,1.317245,1000
4688,0.001403402,1.403402,1000
4689,0.000781739,0.781739,1000
4690,0.001457808,1.457808,1000
4691,0.001746026,1.746026,1000
4692,0.001520493,1.520493,1000
4693,0.002373404,2.373404,1000
4694,0.000943105,0.943105,1000
4695,0.001841648,1.841648,1000
4696,0.001428695,1.428695,1000
4697,0.000718139,0.718139,1000
4698,0.029270139,29.270139,1000
4699,0.001505839,1.505839,1000
4700,0.000542099,0.542099,1000
4701,0.00089053,0.89053,1000
4702,0.00805218,8.05218,1000
4703,0.000836186,0.836186,1000
4704,0.164531357,164.531357,1000
4705,0.001184301,1.184301,1000
4706,0.00553502,5.53502,1000
4707,0.001598572,1.598572,1000
4708,0.000735894,0.735894,1000
4709,0.000688736,0.688736,1000
4710,0.003423185,3.423185,1000
4711,0.001152427,1.152427,1000
4712,0.000894289,0.894289,1000
4713,0.005320266,5.320266,1000
4714,0.000712882,0.712882,1000
4715,0.001818321,1.818321,1000
4716,0.000704262,0.704262,1000
4717,0.001158618,1.158618,1000
4718,0.002155032,2.155032,1000
4719,0.002159206,2.159206,1000
4720,0.000648638,0.648638,1000
4721,0.001033556,1.033556,1000
4722,0.000588144,0.588144,1000
4723,0.000638558,0.638558,1000
4724,0.001027532,1.027532,1000
4725,0.017620179,17.620179,1000
4726,0.00095741,0.95741,1000
4727,0.000273977,0.273977,1000
4728,0.000797976,0.797976,1000
4729,0.002151142,2.151142,1000
4730,0.001042817,1.042817,1000
4731,0.000922362,0.922362,1000
4732,0.001096696,1.096696,1000
4733,0.001147397,1.147397,1000
4734,0.005723537,5.723537,1000
4735,0.000644752,0.644752,1000
4736,0.003031634,3.031634,1000
4737,0.007209769,7.209769,1000
4738,0.001036304,1.036304,1000
4739,0.012720139,12.720139,1000
4740,0.001406155,1.406155,1000
4741,0.001131756,1.131756,1000
4742,0.000954011,0.954011,1000
4743,0.000921358,0.921358,1000
4744,0.000765594,0.765594,1000
4745,0.004834295,4.834295,1000
4746,0.000993124,0.993124,1000
4747,0.001525076,1.525076,1000
4748,0.000799998,0.799998,1000
4749,0.001520493,1.520493,1000
4750,0.001828488,1.828488,1000
4751,0.001042957,1.042957,1000
4752,0.000700488,0.700488,1000
4753,0.008173812,8.173812,1000
4754,0.000783777,0.783777,1000
4755,0.000362196,0.362196,1000
4756,0.001055881,1.055881,1000
4757,0.000507656,0.507656,1000
4758,0.000870856,0.870856,1000
4759,0.000622674,0.622674,1000
4760,0.000813096,0.813096,1000
4761,0.000782915,0.782915,1000
4762,0.000937396,0.937396,1000
4763,0.001657966,1.657966,1000
4764,0.004455129,4.455129,1000
4765,0.000669005,0.669005,1000
4766,0.000725884,0.725884,1000
4767,0.000849375,0.849375,1000
4768,0.001231268,1.231268,1000
4769,0.000785886,0.785886,1000
4770,0.000577082,0.577082,1000
4771,0.003014079,3.014079,1000
4772,0.001417541,1.417541,1000
4773,0.016955441,16.955441,1000
4774,0.02721355,27.21355,1000
4775,0.001333301,1.333301,1000
4776,0.001580067,1.580067,1000
4777,0.000581226,0.581226,1000
4778,0.001109718,1.109718,1000
4779,0.000490858,0.490858,1000
4780,0.002491394,2.491394,1000
4781,0.001035348,1.035348,1000
4782,0.151549092,151.549092,1000
4783,0.000976813,0.976813,1000
4784,0.000912456,0.912456,1000
4785,0.00071022,0.71022,1000
4786,0.000886493,0.886493,1000
4787,0.001004692,1.004692,1000
4788,0.000945063,0.945063,1000
4789,0.000443963,0.443963,1000
4790,0.001177645,1.177645,1000
4791,0.008601907,8.601907,1000
4792,0.000618849,0.618849,1000
4793,0.001029247,1.029247,1000
4794,0.001143068,1.143068,1000
4795,0.000977131,0.977131,1000
4796,0.000874203,0.874203,1000
4797,0.000993186,0.993186,1000
4798,0.000924355,0.924355,1000
4799,0.006098453,6.098453,1000
4800,0.000813371,0.813371,1000
4801,0.000927433,0.927433,1000
4802,0.000851462,0.851462,1000
4803,0.009882304,9.882304,1000
4804,0.010406916,10.406916,1000
4805,0.012962369,12.962369,1000
4806,0.001139001,1.139001,1000
4807,0.001062502,1.062502,1000
4808,0.00083708,0.83708,1000
4809,0.001794194,1.794194,1000
4810,0.000745174,0.745174,1000
4811,0.001017697,1.017697,1000
4812,0.000928181,0.928181,1000
4813,0.000691002,0.691002,1000
4814,0.026661654,26.661654,1000
4815,0.003487222,3.487222,1000
4816,0.004389155,4.389155,1000
4817,0.000911918,0.911918,1000
4818,0.000926046,0.926046,1000
4819,0.00069116,0.69116,1000
4820,0.001305908,1.305908,1000
4821,0.00158615,1.58615,1000
4822,0.000901826,0.901826,1000
4823,0.000867645,0.867645,1000
4824,0.002452182,2.452182,1000
4825,0.00105785,1.05785,1000
4826,0.008132609,8.132609,1000
4827,0.002522541,2.522541,1000
4828,0.001096982,1.096982,1000
4829,0.001205656,1.205656,1000
4830,0.001368724,1.368724,1000
4831,0.007668588,7.668588,1000
4832,0.001042957,1.042957,1000
4833,0.000935513,0.935513,1000
4834,0.006283881,6.283881,1000
4836,0.00176843,1.76843,1000
4837,0.00120715,1.20715,1000
4838,0.002211248,2.211248,1000
4839,0.000993186,0.993186,1000
4840,0.000789686,0.789686,1000
4841,0.000592187,0.592187,1000
4842,0.001121858,1.121858,1000
4843,0.000512678,0.512678,1000
4844,0.001090264,1.090264,1000
4845,0.003363151,3.363151,1000
4846,0.001043007,1.043007,1000
4847,0.001312558,1.312558,1000
4848,0.002059911,2.059911,1000
4849,0.000254558,0.254558,1000
4850,0.017544242,17.544242,1000
4851,0.001316655,1.316655,1000
4852,0.001385374,1.385374,1000
4853,0.00073279,0.73279,1000
4854,0.000850844,0.850844,1000
4855,0.001350815,1.350815,1000
4856,0.016095217,16.095217,1000
4857,0.001006754,1.006754,1000
4858,0.000816751,0.816751,1000
4859,0.000958192,0.958192,1000
4860,0.000739552,0.739552,1000
4861,0.001194978,1.194978,1000
4862,0.001597145,1.597145,1000
4863,0.060134657,60.134657,1000
4864,0.001048854,1.048854,1000
4865,0.001504758,1.504758,1000
4866,0.000949663,0.949663,1000
4867,0.000909337,0.909337,1000
4868,0.000762367,0.762367,1000
4869,0.000550995,0.550995,1000
4870,0.001112343,1.112343,1000
4871,0.001026773,1.026773,1000
4872,0.000897925,0.897925,1000
4873,0.000866795,0.866795,1000
4874,0.000721337,0.721337,1000
4875,0.000923602,0.923602,1000
4876,0.000805903,0.805903,1000
4877,0.008051272,8.051272,1000
4878,0.000882421,0.882421,1000
4879,0.003040335,3.040335,1000
4880,0.000977131,0.977131,1000
4881,0.001520388,1.520388,1000
4882,0.00069352,0.69352,1000
4883,0.001059412,1.059412,1000
4884,0.000624105,0.624105,1000
4885,0.001228454,1.228454,1000
4886,0.00291268,2.91268,1000
4887,0.001525076,1.525076,1000
4888,0.000825966,0.825966,1000
4889,0.000981404,0.981404,1000
4890,0.001490238,1.490238,1000
4891,0.000754341,0.754341,1000
4892,0.00164262,1.64262,1000
4893,0.000993623,0.993623,1000
4894,0.000656909,0.656909,1000
4895,0.001681739,1.681739,1000
4896,0.000963069,0.963069,1000
4897,0.001143068,1.143068,1000
4898,0.000953485,0.953485,1000
4899,0.000840456,0.840456,1000
4900,0.000623936,0.623936,1000
4901,0.011853749,11.853749,1000
4902,0.000836781,0.836781,1000
4903,0.001251389,1.251389,1000
4904,0.000889017,0.889017,1000
4905,0.001044721,1.044721,1000
4906,0.001113155,1.113155,1000
4907,0.001065158,1.065158,1000
4908,0.000801449,0.801449,1000
4909,0.006951339,6.951339,1000
4910,0.000717064,0.717064,1000
4911,0.001006227,1.006227,1000
4912,0.000862946,0.862946,1000
4913,0.001749287,1.749287,1000
4914,0.001176933,1.176933,1000
4915,0.000795958,0.795958,1000
4916,0.075044462,75.044462,1000
4917,0.000578958,0.578958,1000
4918,0.000840791,0.840791,1000
4919,0.001203552,1.203552,1000
4920,0.000922241,0.922241,1000
4921,0.001661413,1.661413,1000
4922,0.000877814,0.877814,1000
4923,0.000750106,0.750106,1000
4924,0.000945425,0.945425,1000
4925,0.004095495,4.095495,1000
4926,0.001746026,1.746026,1000
4927,0.064580577,64.580577,1000
4928,0.001121953,1.121953,1000
4929,0.030090556,30.090556,1000
4930,0.001006227,1.006227,1000
4931,0.000972857,0.972857,1000
4932,0.000937243,0.937243,1000
4933,0.001044721,1.044721,1000
4934,0.001134919,1.134919,1000
4936,0.001150691,1.150691,1000
4937,0.000444427,0.444427,1000
4938,0.00110162,1.10162,1000
4939,0.016354516,16.354516,1000
4940,0.000693871,0.693871,1000
4941,0.001115476,1.115476,1000
4942,0.000630516,0.630516,1000
4943,0.000794694,0.794694,1000
4944,0.001043007,1.043007,1000
4945,0.013727449,13.727449,1000
4946,0.000863345,0.863345,1000
4947,0.000676829,0.676829,1000
4948,0.000681472,0.681472,1000
4949,0.010059305,10.059305,1000
4950,0.000612438,0.612438,1000
4951,0.001043857,1.043857,1000
4952,0.001189851,1.189851,1000
4953,0.004652962,4.652962,1000
4954,0.001149588,1.149588,1000
4955,0.002832398,2.832398,1000
4956,0.000685171,0.685171,1000
4957,0.000928825,0.928825,1000
4958,0.056223128,56.223128,1000
4959,0.003817938,3.817938,1000
4960,0.010211693,10.211693,1000
4961,0.006655397,6.655397,1000
4962,0.003180519,3.180519,1000
4963,0.002600764,2.600764,1000
4964,0.015983854,15.983854,1000
4965,0.004278227,4.278227,1000
4966,0.026681206,26.681206,1000
4967,0.016175441,16.175441,1000
4968,0.01644187,16.44187,1000
4969,0.029000624,29.000624,1000
4970,0.001768276,1.768276,1000
4971,0.017819769,17.819769,1000
4972,0.0015091,1.5091,1000
4973,0.000799964,0.799964,1000
4974,0.001445344,1.445344,1000
4975,0.008792779,8.792779,1000
4976,0.001829465,1.829465,1000
4977,0.001053831,1.053831,1000
4978,0.001143068,1.143068,1000
4979,0.066010286,66.010286,1000
4980,0.004495888,4.495888,1000
4981,0.001350732,1.350732,1000
4982,0.004756693,4.756693,1000
4983,0.058910326,58.910326,1000
4984,0.016469522,16.469522,1000
4985,0.00158567,1.58567,1000
4986,0.009672698,9.672698,1000
4987,0.001372139,1.372139,1000
4988,0.00316384,3.16384,1000
4989,0.001339593,1.339593,1000
4990,0.026743097,26.743097,1000
4991,0.001149558,1.149558,1000
4992,0.00072597,0.72597,1000
4994,0.024005624,24.005624,1000
4995,0.001373694,1.373694,1000
4996,0.000613645,0.613645,1000
4997,0.00114796,1.14796,1000
4998,0.02708922,27.08922,1000
4999,0.001446869,1.446869,1000
5000,0.001104057,1.104057,1000
5001,0.001593884,1.593884,1000
5002,0.001134352,1.134352,1000
5003,0.01703902,17.03902,1000
5004,0.00330548,3.30548,1000
5005,0.008988986,8.988986,1000
5006,0.000725101,0.725101,1000
5007,0.004853996,4.853996,1000
5008,0.001062569,1.062569,1000
5009,0.000931897,0.931897,1000
5010,0.007734338,7.734338,1000
5011,0.001179871,1.179871,1000
5012,0.000569482,0.569482,1000
5013,0.000746518,0.746518,1000
5014,0.001006227,1.006227,1000
5015,0.001354609,1.354609,1000
5016,0.014860007,14.860007,1000
5017,0.000810471,0.810471,1000
5018,0.002195493,2.195493,1000
5019,0.001069727,1.069727,1000
5020,0.000997433,0.997433,1000
5021,0.000864227,0.864227,1000
5022,0.000533763,0.533763,1000
5023,0.007196476,7.196476,1000
5024,0.000888827,0.888827,1000
5025,0.001130472,1.130472,1000
5026,0.001141219,1.141219,1000
5027,0.001393222,1.393222,1000
5028,0.002871097,2.871097,1000
5029,0.000783777,0.783777,1000
5030,0.001201195,1.201195,1000
5031,0.000937137,0.937137,1000
5032,0.000937184,0.937184,1000
5033,0.000714718,0.714718,1000
5034,0.00108709,1.08709,1000
5035,0.000621606,0.621606,1000
5036,0.007724865,7.724865,1000
5037,0.003650973,3.650973,1000
5038,0.000993124,0.993124,1000
5039,0.001859113,1.859113,1000
5040,0.000752791,0.752791,1000
5041,0.001611942,1.611942,1000
5042,0.000753817,0.753817,1000
5043,0.001329583,1.329583,1000
5044,0.027359049,27.359049,1000
5045,0.000763022,0.763022,1000
5046,0.000607759,0.607759,1000
5047,0.002388274,2.388274,1000
5048,0.000843923,0.843923,1000
5049,0.000839197,0.839197,1000
5050,0.001039779,1.039779,1000
5051,0.000660436,0.660436,1000
5052,0.001801348,1.801348,1000
5053,0.000993186,0.993186,1000
5054,0.000612234,0.612234,1000
5055,0.001061351,1.061351,1000
5056,0.001238442,1.238442,1000
5057,0.001517668,1.517668,1000
5058,0.010468011,10.468011,1000
5059,0.00072896,0.72896,1000
5060,0.000906046,0.906046,1000
5061,0.000985247,0.985247,1000
5062,0.000858413,0.858413,1000
5065,0.000754243,0.754243,1000
5066,0.000953613,0.953613,1000
5067,0.000771895,0.771895,1000
5068,0.007160621,7.160621,1000
5069,0.001449664,1.449664,1000
5070,0.001542971,1.542971,1000
5071,0.001046603,1.046603,1000
5072,0.001555514,1.555514,1000
5073,0.0014869,1.4869,1000
5074,0.001070943,1.070943,1000
5075,0.001006227,1.006227,1000
5076,0.00077105,0.77105,1000
5077,0.001524419,1.524419,1000
5078,0.001525076,1.525076,1000
5079,0.000924965,0.924965,1000
5080,0.00114829,1.14829,1000
5081,0.000939849,0.939849,1000
5082,0.027403855,27.403855,1000
5083,0.006477178,6.477178,1000
5084,0.001349068,1.349068,1000
5085,0.000993711,0.993711,1000
5086,0.063741778,63.741778,1000
5087,0.001505839,1.505839,1000
5088,0.000854428,0.854428,1000
5089,0.00095339,0.95339,1000
5090,0.001317245,1.317245,1000
5091,0.001385075,1.385075,1000
5092,0.001608681,1.608681,1000
5093,0.002364703,2.364703,1000
5094,0.001016876,1.016876,1000
5095,0.000929891,0.929891,1000
5096,0.004093425,4.093425,1000
5097,0.000877325,0.877325,1000
5098,0.001143068,1.143068,1000
5099,0.000846659,0.846659,1000
5100,0.00103168,1.03168,1000
5101,0.001544124,1.544124,1000
5102,0.000871068,0.871068,1000
5103,0.001141219,1.141219,1000
5104,0.001307274,1.307274,1000
5105,0.000815478,0.815478,1000
5106,0.000861805,0.861805,1000
5107,0.001071105,1.071105,1000
5108,0.001176319,1.176319,1000
5109,0.001750714,1.750714,1000
5110,0.000717485,0.717485,1000
5111,0.001091942,1.091942,1000
5112,0.000984726,0.984726,1000
5113,0.000770303,0.770303,1000
5114,0.002448198,2.448198,1000
5115,0.00068106,0.68106,1000
5117,0.000703156,0.703156,1000
5118,0.000644074,0.644074,1000
5119,0.000309633,0.309633,1000
5120,0.004033258,4.033258,1000
5121,0.001064288,1.064288,1000
5122,0.00075675,0.75675,1000
5123,0.002352755,2.352755,1000
5124,0.001101068,1.101068,1000
5125,0.001000744,1.000744,1000
5126,0.000825966,0.825966,1000
5127,0.001598542,1.598542,1000
5128,0.000895717,0.895717,1000
5129,0.000749393,0.749393,1000
5130,0.001525312,1.525312,1000
5131,0.004006489,4.006489,1000
5132,0.000503185,0.503185,1000
5133,0.000918925,0.918925,1000
5134,0.00104294,1.04294,1000
5135,0.001010389,1.010389,1000
5136,0.001181551,1.181551,1000
5137,0.001230167,1.230167,1000
5138,0.000440813,0.440813,1000
5139,0.007281666,7.281666,1000
5140,0.001218698,1.218698,1000
5141,0.000782942,0.782942,1000
5142,0.000924355,0.924355,1000
5143,0.002211248,2.211248,1000
5144,0.01597051,15.97051,1000
5145,0.003959493,3.959493,1000
5146,0.001127488,1.127488,1000
5147,0.001032349,1.032349,1000
5149,0.000892347,0.892347,1000
5150,0.001108753,1.108753,1000
5151,0.002305723,2.305723,1000
5152,0.011275357,11.275357,1000
5153,0.001164475,1.164475,1000
5155,0.001866202,1.866202,1000
5156,0.001656285,1.656285,1000
5157,0.001375699,1.375699,1000
5158,0.003125537,3.125537,1000
5159,0.000738424,0.738424,1000
5160,0.000636468,0.636468,1000
5161,0.000961861,0.961861,1000
5162,0.001153183,1.153183,1000
5163,0.007737834,7.737834,1000
5164,0.000502909,0.502909,1000
5165,0.008576853,8.576853,1000
5166,0.000731637,0.731637,1000
5167,0.000729466,0.729466,1000
5168,0.002954112,2.954112,1000
5169,0.000953545,0.953545,1000
5170,0.000791146,0.791146,1000
5171,0.00818333,8.18333,1000
5172,0.000993186,0.993186,1000
5173,0.000440771,0.440771,1000
5174,0.001703005,1.703005,1000
5175,0.0043874,4.3874,1000
5176,0.008416107,8.416107,1000
5177,0.01621766,16.21766,1000
5178,0.000885911,0.885911,1000
5179,0.008526872,8.526872,1000
5180,0.000993124,0.993124,1000
5181,0.000577166,0.577166,1000
5182,0.000739379,0.739379,1000
5183,0.001816449,1.816449,1000
5184,0.000353892,0.353892,1000
5185,0.000890558,0.890558,1000
5186,0.003968584,3.968584,1000
5187,0.015722193,15.722193,1000
5188,0.000825966,0.825966,1000
5189,0.000855455,0.855455,1000
5190,0.00116055,1.16055,1000
5191,0.004721133,4.721133,1000
5192,0.00090905,0.90905,1000
5193,0.000801201,0.801201,1000
5194,0.000982932,0.982932,1000
5195,0.056193244,56.193244,1000
5196,0.001312161,1.312161,1000
5197,0.00070276,0.70276,1000
5198,0.000655695,0.655695,1000
5199,0.000687869,0.687869,1000
5200,0.000908835,0.908835,1000
5201,0.001081154,1.081154,1000
5202,0.00085799,0.85799,1000
5203,0.000575971,0.575971,1000
5204,0.001141219,1.141219,1000
5205,0.001205656,1.205656,1000
5206,0.001277089,1.277089,1000
5207,0.008888256,8.888256,1000
5208,0.000799899,0.799899,1000
5209,0.00052985,0.52985,1000
5210,0.595283003,595.283003,1000
5211,0.001056709,1.056709,1000
5212,0.001069193,1.069193,1000
5213,0.000838655,0.838655,1000
5214,0.000899309,0.899309,1000
5215,0.000593956,0.593956,1000
5216,0.001427868,1.427868,1000
5217,0.000661582,0.661582,1000
5218,0.001329239,1.329239,1000
5219,0.00115367,1.15367,1000
5220,0.000367653,0.367653,1000
5221,0.001330889,1.330889,1000
5222,0.001624985,1.624985,1000
5223,0.005564042,5.564042,1000
5224,0.001006227,1.006227,1000
5226,0.026859417,26.859417,1000
5227,0.004006148,4.006148,1000
5228,0.000993186,0.993186,1000
5229,0.001002089,1.002089,1000
5230,0.001456641,1.456641,1000
5231,0.00066142,0.66142,1000
5232,0.002251537,2.251537,1000
5233,0.00117199,1.17199,1000
5234,0.008065775,8.065775,1000
5235,0.000861396,0.861396,1000
5236,0.061397953,61.397953,1000
5237,0.000783777,0.783777,1000
5238,0.001115998,1.115998,1000
5239,0.000959319,0.959319,1000
5240,0.000858252,0.858252,1000
5241,0.001042288,1.042288,1000
5242,0.001218698,1.218698,1000
5243,0.001669354,1.669354,1000
5244,0.001374489,1.374489,1000
5245,0.00035073,0.35073,1000
5246,0.001379542,1.379542,1000
5247,0.001024221,1.024221,1000
5248,0.000938208,0.938208,1000
5249,0.001014121,1.014121,1000
5250,0.00056223,0.56223,1000
5251,0.001018462,1.018462,1000
5252,0.001250902,1.250902,1000
5253,0.010487688,10.487688,1000
5254,0.00154718,1.54718,1000
5255,0.00086627,0.86627,1000
5256,0.001019495,1.019495,1000
5257,0.000795237,0.795237,1000
5258,0.001826577,1.826577,1000
5259,0.001068475,1.068475,1000
5260,0.000889726,0.889726,1000
5261,0.000959089,0.959089,1000
5262,0.001720871,1.720871,1000
5263,0.001186513,1.186513,1000
5264,0.001258918,1.258918,1000
5265,0.000993186,0.993186,1000
5266,0.007093939,7.093939,1000
5267,0.001392524,1.392524,1000
5268,0.000960622,0.960622,1000
5269,0.001795081,1.795081,1000
5270,0.000839908,0.839908,1000
5271,0.003129079,3.129079,1000
5272,0.001632122,1.632122,1000
5273,0.000648408,0.648408,1000
5274,0.000826826,0.826826,1000
5275,0.001397216,1.397216,1000
5276,0.00164463,1.64463,1000
5277,0.001151,1.151,1000
5278,0.001042957,1.042957,1000
5279,0.000860837,0.860837,1000
5280,0.000866795,0.866795,1000
5281,0.001390953,1.390953,1000
5282,0.003711064,3.711064,1000
5283,0.000948554,0.948554,1000
5284,0.000748578,0.748578,1000
5285,0.001312558,1.312558,1000
5286,0.000861396,0.861396,1000
5287,0.000861396,0.861396,1000
5288,0.004096806,4.096806,1000
5289,0.001519731,1.519731,1000
5290,0.000796091,0.796091,1000
5291,0.02658229,26.58229,1000
5292,0.003122074,3.122074,1000
5293,0.001011936,1.011936,1000
5294,0.002078251,2.078251,1000
5295,0.001463008,1.463008,1000
5296,0.00103168,1.03168,1000
5297,0.003503537,3.503537,1000
5298,0.001557963,1.557963,1000
5299,0.003295353,3.295353,1000
5300,0.001069134,1.069134,1000
5301,0.000602352,0.602352,1000
5302,0.000802744,0.802744,1000
5303,0.000993186,0.993186,1000
5304,0.000778567,0.778567,1000
5305,0.001116635,1.116635,1000
5306,0.001138871,1.138871,1000
5307,0.001065369,1.065369,1000
5308,0.000783777,0.783777,1000
5309,0.103710198,103.710198,1000
5310,0.000589321,0.589321,1000
5311,0.000551905,0.551905,1000
5312,0.000953197,0.953197,1000
5313,0.001029247,1.029247,1000
5314,0.000859269,0.859269,1000
5315,0.000877814,0.877814,1000
5316,0.000957404,0.957404,1000
5317,0.000854939,0.854939,1000
5318,0.04638432,46.38432,1000
5319,0.000622323,0.622323,1000
5320,0.001061762,1.061762,1000
5321,0.00123555,1.23555,1000
5322,0.000993186,0.993186,1000
5323,0.002540902,2.540902,1000
5324,0.000819536,0.819536,1000
5325,0.001121216,1.121216,1000
5326,0.000744583,0.744583,1000
5327,0.000902271,0.902271,1000
5328,0.087655923,87.655923,1000
5329,0.000869101,0.869101,1000
5330,0.001042817,1.042817,1000
5331,0.000993186,0.993186,1000
5332,0.001062541,1.062541,1000
5333,0.001520309,1.520309,1000
5334,0.000993186,0.993186,1000
5335,0.000780521,0.780521,1000
5336,0.000982787,0.982787,1000
5337,0.004188622,4.188622,1000
5338,0.000478396,0.478396,1000
5339,0.000740327,0.740327,1000
5340,0.00049333,0.49333,1000
5341,0.001042817,1.042817,1000
5342,0.00103168,1.03168,1000
5343,0.000691333,0.691333,1000
5344,0.001506372,1.506372,1000
5345,0.001666066,1.666066,1000
5346,0.000777883,0.777883,1000
5347,0.001321031,1.321031,1000
5348,0.000881271,0.881271,1000
5349,0.000856257,0.856257,1000
5350,0.028690659,28.690659,1000
5351,0.002363294,2.363294,1000
5352,0.001323698,1.323698,1000
5353,0.001154653,1.154653,1000
5354,0.001750714,1.750714,1000
5355,0.001649589,1.649589,1000
5356,0.001388083,1.388083,1000
5357,0.001112102,1.112102,1000
5358,0.001409129,1.409129,1000
5359,0.004539953,4.539953,1000
5360,0.000260511,0.260511,1000
5361,0.000749408,0.749408,1000
5362,0.001384826,1.384826,1000
5363,0.035072145,35.072145,1000
5364,0.001159434,1.159434,1000
5365,0.000995922,0.995922,1000
5366,0.001604209,1.604209,1000
5367,0.001011936,1.011936,1000
5368,0.00769631,7.69631,1000
5369,0.001750714,1.750714,1000
5370,0.001420977,1.420977,1000
5371,0.001259014,1.259014,1000
5372,0.00137604,1.37604,1000
5373,0.001139516,1.139516,1000
5374,0.001013068,1.013068,1000
5375,0.001829663,1.829663,1000
5376,0.001021652,1.021652,1000
5377,0.005744989,5.744989,1000
5378,0.000664437,0.664437,1000
5379,0.000935513,0.935513,1000
5380,0.002207987,2.207987,1000
5381,0.040211737,40.211737,1000
5382,0.001558783,1.558783,1000
5383,0.00378626,3.78626,1000
5384,0.005806781,5.806781,1000
5385,0.000937243,0.937243,1000
5386,0.002343306,2.343306,1000
5387,0.001767697,1.767697,1000
5388,0.001446812,1.446812,1000
5389,0.000692072,0.692072,1000
5390,0.001071083,1.071083,1000
5391,0.001332825,1.332825,1000
5392,0.0005466,0.5466,1000
5393,0.000816393,0.816393,1000
5394,0.001746026,1.746026,1000
5395,0.000600448,0.600448,1000
5396,0.001315818,1.315818,1000
5397,0.001827142,1.827142,1000
5398,0.001617852,1.617852,1000
5399,0.000625719,0.625719,1000
5400,0.006231628,6.231628,1000
5401,0.00159217,1.59217,1000
5402,0.000786124,0.786124,1000
5403,0.000667508,0.667508,1000
5404,0.000812816,0.812816,1000
5405,0.001099484,1.099484,1000
5406,0.001220972,1.220972,1000
5407,0.000728585,0.728585,1000
5408,0.007707878,7.707878,1000
5409,0.00153273,1.53273,1000
5410,0.001538286,1.538286,1000
5411,0.000802742,0.802742,1000
5412,0.001656428,1.656428,1000
5413,0.000515914,0.515914,1000
5414,0.001339906,1.339906,1000
5415,0.000626853,0.626853,1000
5416,0.001000921,1.000921,1000
5417,0.001324714,1.324714,1000
5418,0.000849015,0.849015,1000
5419,0.001359912,1.359912,1000
5420,0.008859826,8.859826,1000
5421,0.001035984,1.035984,1000
5422,0.001462539,1.462539,1000
5423,0.001062541,1.062541,1000
5424,0.003057112,3.057112,1000
5425,0.005996587,5.996587,1000
5426,0.001153677,1.153677,1000
5427,0.000529764,0.529764,1000
5428,0.008172299,8.172299,1000
5429,0.000923714,0.923714,1000
5430,0.001042817,1.042817,1000
5431,0.001343322,1.343322,1000
5432,0.000937243,0.937243,1000
5433,0.000745578,0.745578,1000
5434,0.001687941,1.687941,1000
5435,0.001798952,1.798952,1000
5436,0.001670445,1.670445,1000
5437,0.000830709,0.830709,1000
5438,0.000814789,0.814789,1000
5439,0.000997749,0.997749,1000
5440,0.001167583,1.167583,1000
5441,0.001168224,1.168224,1000
5442,0.001414639,1.414639,1000
5443,0.001656285,1.656285,1000
5444,0.001374012,1.374012,1000
5445,0.001397467,1.397467,1000
5446,0.001134919,1.134919,1000
5447,0.001298542,1.298542,1000
5448,0.0015091,1.5091,1000
5449,0.002248017,2.248017,1000
5450,0.002336355,2.336355,1000
5451,0.001505839,1.505839,1000
5452,0.005020536,5.020536,1000
5453,0.000861396,0.861396,1000
5454,0.00091208,0.91208,1000
5455,0.000786241,0.786241,1000
5456,0.008806402,8.806402,1000
5457,0.001671316,1.671316,1000
5458,0.001623754,1.623754,1000
5459,0.000581374,0.581374,1000
5460,0.001143068,1.143068,1000
5461,0.000825969,0.825969,1000
5462,0.000413479,0.413479,1000
5463,0.004522603,4.522603,1000
5464,0.001000921,1.000921,1000
5465,0.00089139,0.89139,1000
5466,0.001554702,1.554702,1000
5467,0.001144266,1.144266,1000
5468,0.014298192,14.298192,1000
5469,0.003939003,3.939003,1000
5470,0.000758096,0.758096,1000
5471,0.000682176,0.682176,1000
5472,0.040232023,40.232023,1000
5473,0.001234216,1.234216,1000
5474,0.000614114,0.614114,1000
5475,0.001593199,1.593199,1000
5476,0.000984432,0.984432,1000
5477,0.001045251,1.045251,1000
5478,0.000993124,0.993124,1000
5479,0.001095314,1.095314,1000
5480,0.000616282,0.616282,1000
5481,0.000863126,0.863126,1000
5482,0.00244105,2.44105,1000
5483,0.000869573,0.869573,1000
5484,0.000824953,0.824953,1000
5485,0.000811146,0.811146,1000
5486,0.001040107,1.040107,1000
5487,0.001510527,1.510527,1000
5488,0.000728066,0.728066,1000
5489,0.000970644,0.970644,1000
5490,0.001157665,1.157665,1000
5491,0.001216604,1.216604,1000
5492,0.001604209,1.604209,1000
5493,0.001385347,1.385347,1000
5494,0.000816662,0.816662,1000
5495,0.016292193,16.292193,1000
5496,0.001062519,1.062519,1000
5497,0.000720736,0.720736,1000
5498,0.003077262,3.077262,1000
5499,0.001854645,1.854645,1000
5500,0.000993186,0.993186,1000
5501,0.00147305,1.47305,1000
5502,0.008799881,8.799881,1000
5503,0.001192302,1.192302,1000
5504,0.001149588,1.149588,1000
5505,0.01431416,14.31416,1000
5506,0.001968952,1.968952,1000
5507,0.00663125,6.63125,1000
5508,0.00115479,1.15479,1000
5509,0.00112596,1.12596,1000
5510,0.003097625,3.097625,1000
5511,0.001935727,1.935727,1000
5512,0.000774325,0.774325,1000
5513,0.00132985,1.32985,1000
5514,0.001217759,1.217759,1000
5515,0.000745405,0.745405,1000
5516,0.000905204,0.905204,1000
5517,0.000797405,0.797405,1000
5518,0.00531641,5.31641,1000
5519,0.010178791,10.178791,1000
5520,0.005851461,5.851461,1000
5521,0.000471613,0.471613,1000
5522,0.000711861,0.711861,1000
5523,0.000425827,0.425827,1000
5524,0.000549456,0.549456,1000
5525,0.000869345,0.869345,1000
5526,0.051905543,51.905543,1000
5527,0.000563672,0.563672,1000
5528,0.003330377,3.330377,1000
5529,0.000590661,0.590661,1000
5530,0.001341082,1.341082,1000
5531,0.001111805,1.111805,1000
5532,0.000744307,0.744307,1000
5533,0.000609829,0.609829,1000
5534,0.000727617,0.727617,1000
5535,0.001280804,1.280804,1000
5536,0.001034275,1.034275,1000
5537,0.001656285,1.656285,1000
5538,0.000937786,0.937786,1000
5539,0.001398779,1.398779,1000
5540,0.00089139,0.89139,1000
5541,0.001777951,1.777951,1000
5542,0.000783777,0.783777,1000
5543,0.000908472,0.908472,1000
5544,0.001088531,1.088531,1000
5545,0.000892825,0.892825,1000
5546,0.000843498,0.843498,1000
5547,0.000890483,0.890483,1000
5548,0.000908865,0.908865,1000
5549,0.001291275,1.291275,1000
5550,0.016123471,16.123471,1000
5551,0.001119421,1.119421,1000
5552,0.000588248,0.588248,1000
5553,0.005608745,5.608745,1000
5554,0.003460673,3.460673,1000
5555,0.001572768,1.572768,1000
5556,0.000959709,0.959709,1000
5557,0.00102305,1.02305,1000
5558,0.000418903,0.418903,1000
5559,0.001109247,1.109247,1000
5560,0.000729769,0.729769,1000
5561,0.001460393,1.460393,1000
5562,0.000804105,0.804105,1000
5563,0.001408295,1.408295,1000
5564,0.000783777,0.783777,1000
5565,0.001694707,1.694707,1000
5566,0.000879846,0.879846,1000
5567,0.001554702,1.554702,1000
5568,0.001609087,1.609087,1000
5569,0.000836116,0.836116,1000
5570,0.000772561,0.772561,1000
5571,0.001044721,1.044721,1000
5572,0.000589988,0.589988,1000
5573,0.001002757,1.002757,1000
5574,0.001328923,1.328923,1000
5575,0.001274907,1.274907,1000
5576,0.001781908,1.781908,1000
5577,0.001290565,1.290565,1000
5578,0.000749539,0.749539,1000
5579,0.001432407,1.432407,1000
5580,0.009735578,9.735578,1000
5581,0.000848506,0.848506,1000
5582,0.001147967,1.147967,1000
5583,0.06457589,64.57589,1000
5584,0.000808226,0.808226,1000
5585,0.002688696,2.688696,1000
5586,0.002040274,2.040274,1000
5587,0.000993186,0.993186,1000
5588,0.001382683,1.382683,1000
5589,0.001027347,1.027347,1000
5590,0.000660673,0.660673,1000
5591,0.000751429,0.751429,1000
5592,0.000873966,0.873966,1000
5593,0.002358555,2.358555,1000
5594,0.000607291,0.607291,1000
5595,0.000993124,0.993124,1000
5596,0.001080643,1.080643,1000
5597,0.000876044,0.876044,1000
5598,0.000729073,0.729073,1000
5599,0.000867464,0.867464,1000
5600,0.008088463,8.088463,1000
5601,0.001635382,1.635382,1000
5602,0.000772561,0.772561,1000
5603,0.002364423,2.364423,1000
5604,0.000770133,0.770133,1000
5605,0.001236838,1.236838,1000
5606,0.001393021,1.393021,1000
5607,0.000849033,0.849033,1000
5608,0.000747073,0.747073,1000
5609,0.001542492,1.542492,1000
5610,0.001136502,1.136502,1000
5611,0.001071083,1.071083,1000
5612,0.000830853,0.830853,1000
5613,0.001227478,1.227478,1000
5614,0.000820941,0.820941,1000
5615,0.000588941,0.588941,1000
5616,0.000507255,0.507255,1000
5617,0.001603291,1.603291,1000
5618,0.001374484,1.374484,1000
5619,0.00054127,0.54127,1000
5620,0.000542645,0.542645,1000
5621,0.000674573,0.674573,1000
5622,0.038052345,38.052345,1000
5623,0.001062569,1.062569,1000
5624,0.002907388,2.907388,1000
5625,0.001475425,1.475425,1000
5626,0.004882124,4.882124,1000
5627,0.016240328,16.240328,1000
5628,0.000560319,0.560319,1000
5629,0.001698969,1.698969,1000
5630,0.001604209,1.604209,1000
5631,0.000824228,0.824228,1000
5632,0.001326714,1.326714,1000
5633,0.000931424,0.931424,1000
5634,0.008757945,8.757945,1000
5635,0.002882862,2.882862,1000
5636,0.000730657,0.730657,1000
5637,0.000448573,0.448573,1000
5638,0.001413549,1.413549,1000
5639,0.00103168,1.03168,1000
5640,0.00104294,1.04294,1000
5641,0.000978104,0.978104,1000
5642,0.001160369,1.160369,1000
5643,0.000658315,0.658315,1000
5644,0.000882371,0.882371,1000
5645,0.00116045,1.16045,1000
5646,0.000802251,0.802251,1000
5647,0.001090856,1.090856,1000
5648,0.001211838,1.211838,1000
5649,0.000783278,0.783278,1000
5650,0.000791045,0.791045,1000
5651,0.002280959,2.280959,1000
5652,0.000772321,0.772321,1000
5653,0.000762889,0.762889,1000
5654,0.008101764,8.101764,1000
5655,0.001218698,1.218698,1000
5656,0.001746026,1.746026,1000
5657,0.000993186,0.993186,1000
5658,0.001574828,1.574828,1000
5659,0.001055609,1.055609,1000
5660,0.000681755,0.681755,1000
5661,0.000816529,0.816529,1000
5662,0.000999745,0.999745,1000
5663,0.001505839,1.505839,1000
5664,0.000822982,0.822982,1000
5665,0.000975286,0.975286,1000
5666,0.001412218,1.412218,1000
5667,0.001510527,1.510527,1000
5668,0.003097724,3.097724,1000
5669,0.004026912,4.026912,1000
5670,0.001913041,1.913041,1000
5671,0.006041264,6.041264,1000
5672,0.000638045,0.638045,1000
5673,0.001046759,1.046759,1000
5674,0.000780745,0.780745,1000
5675,0.001011936,1.011936,1000
5676,0.001044721,1.044721,1000
5677,0.000871883,0.871883,1000
5678,0.001609639,1.609639,1000
5679,0.000980731,0.980731,1000
5680,0.00117664,1.17664,1000
5681,0.001510527,1.510527,1000
5682,0.041176045,41.176045,1000
5683,0.001043007,1.043007,1000
5684,0.013791459,13.791459,1000
5685,0.000830705,0.830705,1000
5686,0.027571216,27.571216,1000
5687,0.002118622,2.118622,1000
5688,0.003032005,3.032005,1000
5689,0.00060243,0.60243,1000
5690,0.001246514,1.246514,1000
5691,0.000937724,0.937724,1000
5692,0.00367999,3.67999,1000
5693,0.000564606,0.564606,1000
5694,0.00070567,0.70567,1000
5695,0.001076123,1.076123,1000
5696,0.002956251,2.956251,1000
5697,0.000803727,0.803727,1000
5698,0.000484813,0.484813,1000
5699,0.000784511,0.784511,1000
5700,0.00112596,1.12596,1000
5701,0.000956349,0.956349,1000
5702,0.001480542,1.480542,1000
5703,0.000747816,0.747816,1000
5704,0.000575644,0.575644,1000
5705,0.00379269,3.79269,1000
5706,0.001375699,1.375699,1000
5707,0.00078378,0.78378,1000
5708,0.001034223,1.034223,1000
5709,0.000719302,0.719302,1000
5710,0.002808319,2.808319,1000
5711,0.003035536,3.035536,1000
5712,0.003506471,3.506471,1000
5713,0.00188789,1.88789,1000
5715,0.003104082,3.104082,1000
5716,0.000542172,0.542172,1000
5717,0.000707781,0.707781,1000
5718,0.001310376,1.310376,1000
5719,0.000989696,0.989696,1000
5720,0.004818408,4.818408,1000
5721,0.000811494,0.811494,1000
5722,0.002722621,2.722621,1000
5723,0.000271652,0.271652,1000
5724,0.000857268,0.857268,1000
5725,0.001749287,1.749287,1000
5726,0.000686451,0.686451,1000
5727,0.008673145,8.673145,1000
5728,0.00132558,1.32558,1000
5729,0.000802317,0.802317,1000
5730,0.008739533,8.739533,1000
5731,0.00069539,0.69539,1000
5732,0.001104474,1.104474,1000
5733,0.00103168,1.03168,1000
5734,0.001047138,1.047138,1000
5736,0.001081154,1.081154,1000
5737,0.000888259,0.888259,1000
5738,0.000350845,0.350845,1000
5739,0.000966346,0.966346,1000
5740,0.001505839,1.505839,1000
5741,0.000342727,0.342727,1000
5742,0.001022796,1.022796,1000
5743,0.000744236,0.744236,1000
5744,0.002745045,2.745045,1000
5745,0.003947889,3.947889,1000
5746,0.001065448,1.065448,1000
5747,0.001666066,1.666066,1000
5748,0.002088374,2.088374,1000
5749,0.003402059,3.402059,1000
5750,0.000712674,0.712674,1000
5751,0.000783777,0.783777,1000
5752,0.000659938,0.659938,1000
5753,0.000768702,0.768702,1000
5754,0.000882371,0.882371,1000
5755,0.004154064,4.154064,1000
5756,0.001037328,1.037328,1000
5757,0.000835216,0.835216,1000
5759,0.003392769,3.392769,1000
5760,0.000637248,0.637248,1000
5761,0.001908637,1.908637,1000
5762,0.004444031,4.444031,1000
5763,0.00145727,1.45727,1000
5764,0.000756689,0.756689,1000
5765,0.001432407,1.432407,1000
5766,0.000969546,0.969546,1000
5767,0.00105785,1.05785,1000
5768,0.000700225,0.700225,1000
5769,0.031653694,31.653694,1000
5770,0.000564614,0.564614,1000
5771,0.000572268,0.572268,1000
5772,0.002089138,2.089138,1000
5773,0.001011547,1.011547,1000
5774,0.001042817,1.042817,1000
5775,0.000857624,0.857624,1000
5776,0.001664461,1.664461,1000
5777,0.001049232,1.049232,1000
5778,0.000792467,0.792467,1000
5779,0.001467664,1.467664,1000
5780,0.009379532,9.379532,1000
5781,0.000694568,0.694568,1000
5782,0.001006227,1.006227,1000
5783,0.001749287,1.749287,1000
5784,0.001006227,1.006227,1000
5785,0.00119515,1.19515,1000
5786,0.00088792,0.88792,1000
5787,0.001679542,1.679542,1000
5788,0.001006227,1.006227,1000
5789,0.001557963,1.557963,1000
5790,0.001165972,1.165972,1000
5791,0.000575655,0.575655,1000
5792,0.000993186,0.993186,1000
5793,0.001313181,1.313181,1000
5794,0.001460755,1.460755,1000
5795,0.000810419,0.810419,1000
5796,0.001623754,1.623754,1000
5797,0.013164305,13.164305,1000
5798,0.001335576,1.335576,1000
5799,0.001161779,1.161779,1000
5800,0.000855981,0.855981,1000
5801,0.000995922,0.995922,1000
5802,0.001319675,1.319675,1000
5803,0.001043007,1.043007,1000
5804,0.000789819,0.789819,1000
5805,0.001042979,1.042979,1000
5806,0.001421781,1.421781,1000
5807,0.000725368,0.725368,1000
5808,0.001316072,1.316072,1000
5809,0.001015484,1.015484,1000
5810,0.000844545,0.844545,1000
5811,0.016293197,16.293197,1000
5812,0.00104294,1.04294,1000
5813,0.000949245,0.949245,1000
5814,0.012921982,12.921982,1000
5815,0.012226067,12.226067,1000
5816,0.000981935,0.981935,1000
5817,0.001208909,1.208909,1000
5818,0.002245984,2.245984,1000
5819,0.003767248,3.767248,1000
5820,0.008178855,8.178855,1000
5821,0.000690463,0.690463,1000
5822,0.001674988,1.674988,1000
5823,0.001042957,1.042957,1000
5824,0.010287707,10.287707,1000
5826,0.001186187,1.186187,1000
5827,0.001363194,1.363194,1000
5828,0.000864178,0.864178,1000
5829,0.000881954,0.881954,1000
5830,0.000622381,0.622381,1000
5831,0.001051863,1.051863,1000
5832,0.000826252,0.826252,1000
5833,0.001116573,1.116573,1000
5834,0.001000404,1.000404,1000
5835,0.001097456,1.097456,1000
5836,0.001083343,1.083343,1000
5837,0.000599796,0.599796,1000
5838,0.000963771,0.963771,1000
5839,0.000858252,0.858252,1000
5840,0.004691115,4.691115,1000
5841,0.000654441,0.654441,1000
5842,0.000783777,0.783777,1000
5843,0.00068286,0.68286,1000
5844,0.000683136,0.683136,1000
5845,0.00117199,1.17199,1000
5846,0.001097456,1.097456,1000
5847,0.002690357,2.690357,1000
5848,0.00103168,1.03168,1000
5849,0.000993124,0.993124,1000
5850,0.001015703,1.015703,1000
5851,0.000645873,0.645873,1000
5852,0.002692086,2.692086,1000
5853,0.00227154,2.27154,1000
5854,0.0009574,0.9574,1000
5855,0.000569095,0.569095,1000
5856,0.000655884,0.655884,1000
5857,0.00075059,0.75059,1000
5858,0.004693739,4.693739,1000
5859,0.001002226,1.002226,1000
5860,0.000993186,0.993186,1000
5861,0.00114748,1.14748,1000
5862,0.001184496,1.184496,1000
5863,0.000959792,0.959792,1000
5864,0.000750217,0.750217,1000
5865,0.00075962,0.75962,1000
5866,0.000551545,0.551545,1000
5867,0.000885305,0.885305,1000
5868,0.002803094,2.803094,1000
5869,0.000889405,0.889405,1000
5870,0.00742963,7.42963,1000
5871,0.000848675,0.848675,1000
5872,0.002941657,2.941657,1000
5873,0.000595639,0.595639,1000
5874,0.000857423,0.857423,1000
5875,0.000993186,0.993186,1000
5876,0.001340354,1.340354,1000
5877,0.001134926,1.134926,1000
5878,0.001141219,1.141219,1000
5879,0.001075945,1.075945,1000
5880,0.000592951,0.592951,1000
5881,0.001436634,1.436634,1000
5882,0.001172505,1.172505,1000
5883,0.000812963,0.812963,1000
5884,0.000802985,0.802985,1000
5885,0.004162616,4.162616,1000
5886,0.001201049,1.201049,1000
5887,0.000884073,0.884073,1000
5888,0.077104139,77.104139,1000
5889,0.002238537,2.238537,1000
5890,0.025663377,25.663377,1000
5891,0.001041501,1.041501,1000
5892,0.00073966,0.73966,1000
5893,0.000583007,0.583007,1000
5894,0.054652275,54.652275,1000
5895,0.002063884,2.063884,1000
5896,0.000378967,0.378967,1000
5897,0.001047664,1.047664,1000
5898,0.001835499,1.835499,1000
5899,0.001631479,1.631479,1000
5900,0.000929613,0.929613,1000
5901,0.000845235,0.845235,1000
5902,0.000726119,0.726119,1000
5903,0.000793276,0.793276,1000
5904,0.002117912,2.117912,1000
5905,0.000739712,0.739712,1000
5906,0.001593387,1.593387,1000
5907,0.001187942,1.187942,1000
5908,0.00125593,1.25593,1000
5909,0.000893921,0.893921,1000
5910,0.000740652,0.740652,1000
5911,0.001062519,1.062519,1000
5912,0.215434988,215.434988,1000
5913,0.000614275,0.614275,1000
5914,0.000878348,0.878348,1000
5915,0.001042817,1.042817,1000
5916,0.004131839,4.131839,1000
5917,0.194588522,194.588522,1000
5918,0.001421982,1.421982,1000
5919,0.002663726,2.663726,1000
5920,0.262393709,262.393709,1000
5921,0.001185546,1.185546,1000
5922,0.000875886,0.875886,1000
5923,0.001480218,1.480218,1000
5924,0.001209321,1.209321,1000
5925,0.001621724,1.621724,1000
5926,0.000798126,0.798126,1000
5927,0.001473696,1.473696,1000
5928,0.001019802,1.019802,1000
5929,0.004748958,4.748958,1000
5930,0.007921827,7.921827,1000
5931,0.000963771,0.963771,1000
5932,0.000821957,0.821957,1000
5933,0.00097783,0.97783,1000
5934,0.075383573,75.383573,1000
5935,0.001723089,1.723089,1000
5936,0.001246149,1.246149,1000
5937,0.002608437,2.608437,1000
5938,0.000755343,0.755343,1000
5939,0.000545116,0.545116,1000
5940,0.000689901,0.689901,1000
5941,0.001274907,1.274907,1000
5942,0.000691766,0.691766,1000
5943,0.006628543,6.628543,1000
5944,0.001460812,1.460812,1000
5945,0.181403136,181.403136,1000
5946,0.008439318,8.439318,1000
5947,0.000854775,0.854775,1000
5948,0.002861006,2.861006,1000
5949,0.003536391,3.536391,1000
5950,0.001562335,1.562335,1000
5951,0.01661066,16.61066,1000
5952,0.001746026,1.746026,1000
5953,0.000798836,0.798836,1000
5954,0.00084873,0.84873,1000
5955,0.001491057,1.491057,1000
5956,0.00245362,2.45362,1000
5957,0.000718293,0.718293,1000
5958,0.001090628,1.090628,1000
5959,0.001600968,1.600968,1000
5960,0.000870149,0.870149,1000
5961,0.001171098,1.171098,1000
5962,0.000503806,0.503806,1000
5963,0.001147968,1.147968,1000
5964,0.000995649,0.995649,1000
5965,0.001043007,1.043007,1000
5966,0.000828791,0.828791,1000
5967,0.001035123,1.035123,1000
5968,0.003017776,3.017776,1000
5969,0.000953545,0.953545,1000
5970,0.004632684,4.632684,1000
5971,0.001452964,1.452964,1000
5972,0.001035603,1.035603,1000
5973,0.00521915,5.21915,1000
5974,0.00103953,1.03953,1000
5975,0.001042979,1.042979,1000
5976,0.017002778,17.002778,1000
5977,0.001626412,1.626412,1000
5978,0.000811669,0.811669,1000
5979,0.002944135,2.944135,1000
5980,0.001548185,1.548185,1000
5981,0.001221487,1.221487,1000
5982,0.002767091,2.767091,1000
5983,0.000986052,0.986052,1000
5984,0.000664608,0.664608,1000
5985,0.001093729,1.093729,1000
5986,0.000836498,0.836498,1000
5987,0.001010701,1.010701,1000
5988,0.000843923,0.843923,1000
5989,0.053506397,53.506397,1000
5990,0.001257828,1.257828,1000
5991,0.000982753,0.982753,1000
5992,0.001349121,1.349121,1000
5993,0.000656528,0.656528,1000
5994,0.003274704,3.274704,1000
5995,0.001620833,1.620833,1000
5996,0.001517401,1.517401,1000
5997,0.000792606,0.792606,1000
5998,0.000918995,0.918995,1000
5999,0.001746026,1.746026,1000
6000,0.015220473,15.220473,1000
6001,0.000978658,0.978658,1000
6002,0.010899484,10.899484,1000
6003,0.004002324,4.002324,1000
6004,0.000878349,0.878349,1000
6005,0.000853014,0.853014,1000
6006,0.000697014,0.697014,1000
6007,0.002019478,2.019478,1000
6008,0.001023105,1.023105,1000
6009,0.001666066,1.666066,1000
6010,0.003227607,3.227607,1000
6011,0.001231268,1.231268,1000
6012,0.000525743,0.525743,1000
6013,0.001649008,1.649008,1000
6014,0.003168647,3.168647,1000
6015,0.01598225,15.98225,1000
6016,0.000847775,0.847775,1000
6017,0.002117242,2.117242,1000
6018,0.000706776,0.706776,1000
6019,0.001134919,1.134919,1000
6020,0.001336247,1.336247,1000
6021,0.001153677,1.153677,1000
6022,0.000640105,0.640105,1000
6023,0.000801621,0.801621,1000
6024,0.001288485,1.288485,1000
6025,0.001062379,1.062379,1000
6026,0.004993871,4.993871,1000
6027,0.001134919,1.134919,1000
6028,0.001600968,1.600968,1000
6029,0.000385538,0.385538,1000
6030,0.001246149,1.246149,1000
6031,0.001042957,1.042957,1000
6032,0.000636892,0.636892,1000
6033,0.001143068,1.143068,1000
6034,0.000280534,0.280534,1000
6035,0.001607469,1.607469,1000
6036,0.000654599,0.654599,1000
6037,0.000631461,0.631461,1000
6038,0.000853551,0.853551,1000
6039,0.595286263,595.286263,1000
6040,0.002154041,2.154041,1000
6041,0.002935138,2.935138,1000
6042,0.001548993,1.548993,1000
6043,0.003142066,3.142066,1000
6044,0.007582653,7.582653,1000
6045,0.00284311,2.84311,1000
6046,0.06457915,64.57915,1000
6047,0.026832632,26.832632,1000
6048,0.008062407,8.062407,1000
6049,0.000715045,0.715045,1000
6050,0.001225433,1.225433,1000
6051,0.000569349,0.569349,1000
6052,0.008159431,8.159431,1000
6053,0.001039476,1.039476,1000
6054,0.001106441,1.106441,1000
6055,0.0011077,1.1077,1000
6056,0.002886438,2.886438,1000
6057,0.001041789,1.041789,1000
6058,0.000855847,0.855847,1000
6059,0.000837329,0.837329,1000
6060,0.001085114,1.085114,1000
6061,0.001043007,1.043007,1000
6062,0.001533515,1.533515,1000
6063,0.000855231,0.855231,1000
6064,0.0009126,0.9126,1000
6065,0.06457915,64.57915,1000
6066,0.000671413,0.671413,1000
6067,0.00295686,2.95686,1000
6068,0.002075605,2.075605,1000
6069,0.000537506,0.537506,1000
6070,0.001106206,1.106206,1000
6071,0.001242727,1.242727,1000
6072,0.001060235,1.060235,1000
6073,0.001163095,1.163095,1000
6074,0.000690072,0.690072,1000
6075,0.008039128,8.039128,1000
6076,0.001336872,1.336872,1000
6077,0.006283113,6.283113,1000
6078,0.008131893,8.131893,1000
6079,0.016382887,16.382887,1000
6080,0.001656285,1.656285,1000
6081,0.008098797,8.098797,1000
6082,0.003343625,3.343625,1000
6083,0.003385434,3.385434,1000
6084,0.000602948,0.602948,1000
6085,0.003192214,3.192214,1000
6086,0.595283003,595.283003,1000
6087,0.04975867,49.75867,1000
6088,0.000973492,0.973492,1000
6089,0.000785669,0.785669,1000
6090,0.001143068,1.143068,1000
6091,0.000742842,0.742842,1000
6092,0.001174474,1.174474,1000
6093,0.001623754,1.623754,1000
6094,0.000578775,0.578775,1000
6095,0.194591783,194.591783,1000
6096,0.000908865,0.908865,1000
6097,0.595286263,595.286263,1000
6098,0.000921672,0.921672,1000
6099,0.012718875,12.718875,1000
6100,0.016126848,16.126848,1000
6101,0.001169506,1.169506,1000
6102,0.000580913,0.580913,1000
6103,0.00068559,0.68559,1000
6104,0.001148693,1.148693,1000
6105,0.001091397,1.091397,1000
6106,0.000670864,0.670864,1000
6107,0.003004149,3.004149,1000
6108,0.000698131,0.698131,1000
6109,0.001134926,1.134926,1000
6110,0.000622926,0.622926,1000
6111,0.000998008,0.998008,1000
6112,0.000500381,0.500381,1000
6113,0.002821818,2.821818,1000
6114,0.005687664,5.687664,1000
6115,0.003116299,3.116299,1000
6116,0.026794469,26.794469,1000
6117,0.000814832,0.814832,1000
6118,0.002700787,2.700787,1000
6119,0.000557036,0.557036,1000
6120,0.003088685,3.088685,1000
6121,0.031651509,31.651509,1000
6122,0.001134919,1.134919,1000
6123,0.000731176,0.731176,1000
6124,0.001442835,1.442835,1000
6125,0.000457993,0.457993,1000
6126,0.000741677,0.741677,1000
6127,0.001042957,1.042957,1000
6128,0.001042957,1.042957,1000
6129,0.000981008,0.981008,1000
6130,0.001042957,1.042957,1000
6131,0.000857974,0.857974,1000
6132,0.001472083,1.472083,1000
6133,0.000540889,0.540889,1000
6134,0.00085815,0.85815,1000
6135,0.002502228,2.502228,1000
6136,0.000825425,0.825425,1000
6137,0.001042957,1.042957,1000
6138,0.000963771,0.963771,1000
6139,0.001505839,1.505839,1000
6140,0.097143503,97.143503,1000
6141,0.000866943,0.866943,1000
6142,0.000774186,0.774186,1000
6143,0.016481692,16.481692,1000
6144,0.00149408,1.49408,1000
6145,0.001147967,1.147967,1000
6146,0.000909877,0.909877,1000
6147,0.001505839,1.505839,1000
6148,0.005658103,5.658103,1000
6149,0.001001009,1.001009,1000
6150,0.001336247,1.336247,1000
6151,0.000608844,0.608844,1000
6152,0.002718062,2.718062,1000
6153,0.016206387,16.206387,1000
6154,0.001826069,1.826069,1000
6155,0.002450638,2.450638,1000
6156,0.002209014,2.209014,1000
6157,0.001525076,1.525076,1000
6158,0.001000921,1.000921,1000
6159,0.003255285,3.255285,1000
6160,0.000600561,0.600561,1000
6161,0.001153677,1.153677,1000
6162,0.003046733,3.046733,1000
6163,0.000958414,0.958414,1000
6164,0.003934341,3.934341,1000
6165,0.06457589,64.57589,1000
6166,0.000524934,0.524934,1000
6167,0.000811289,0.811289,1000
6168,0.001217337,1.217337,1000
6169,0.001041789,1.041789,1000
6170,0.001332144,1.332144,1000
6171,0.005833698,5.833698,1000
6172,0.000839869,0.839869,1000
6173,0.000390269,0.390269,1000
6174,0.019091342,19.091342,1000
6175,0.001581272,1.581272,1000
6176,0.000753323,0.753323,1000
6177,0.00299317,2.99317,1000
6178,0.000939489,0.939489,1000
6179,0.000839783,0.839783,1000
6180,0.002210268,2.210268,1000
6182,0.001103071,1.103071,1000
6183,0.002854634,2.854634,1000
6184,0.000285341,0.285341,1000
6185,0.001600968,1.600968,1000
6186,0.001593884,1.593884,1000
6187,0.010598983,10.598983,1000
6188,0.003091876,3.091876,1000
6189,0.000654624,0.654624,1000
6190,0.000846248,0.846248,1000
6191,0.001143068,1.143068,1000
6192,0.000552592,0.552592,1000
6193,0.000482999,0.482999,1000
6194,0.000585588,0.585588,1000
6195,0.000881383,0.881383,1000
6196,0.000766189,0.766189,1000
6197,0.001014733,1.014733,1000
6198,0.001115998,1.115998,1000
6199,0.001049602,1.049602,1000
6200,0.001114163,1.114163,1000
6201,0.001065745,1.065745,1000
6202,0.000937488,0.937488,1000
6203,0.00174683,1.74683,1000
6204,0.039952453,39.952453,1000
6205,0.055394855,55.394855,1000
6206,0.010381805,10.381805,1000
6207,0.009210836,9.210836,1000
6208,0.000725853,0.725853,1000
6209,0.001525621,1.525621,1000
6210,0.00097003,0.97003,1000
6211,0.001009681,1.009681,1000
6212,0.120582706,120.582706,1000
6213,0.001916388,1.916388,1000
6214,0.071808077,71.808077,1000
6215,0.000446393,0.446393,1000
6216,0.001517401,1.517401,1000
6217,0.029010704,29.010704,1000
6219,0.001000921,1.000921,1000
6220,0.001168291,1.168291,1000
6221,0.000927585,0.927585,1000
6222,0.002937735,2.937735,1000
6223,0.000649027,0.649027,1000
6224,0.001143068,1.143068,1000
6225,0.000769453,0.769453,1000
6226,0.04042314,40.42314,1000
6227,0.000522575,0.522575,1000
6228,0.001252508,1.252508,1000
6229,0.001336987,1.336987,1000
6230,0.001858046,1.858046,1000
6231,0.001632186,1.632186,1000
6232,0.001336065,1.336065,1000
6233,0.001476558,1.476558,1000
6234,0.001242727,1.242727,1000
6235,0.001086037,1.086037,1000
6236,0.000992901,0.992901,1000
6237,0.05249312,52.49312,1000
6238,0.001142239,1.142239,1000
6239,0.005242007,5.242007,1000
6240,0.00114796,1.14796,1000
6241,0.000907565,0.907565,1000
6242,0.001119253,1.119253,1000
6243,0.000679721,0.679721,1000
6244,0.253435638,253.435638,1000
6245,0.001231268,1.231268,1000
6246,0.001672678,1.672678,1000
6247,0.00223685,2.23685,1000
6248,0.00127678,1.27678,1000
6250,0.001081229,1.081229,1000
6251,0.000877993,0.877993,1000
6252,0.000634355,0.634355,1000
6253,0.001072286,1.072286,1000
6254,0.002439521,2.439521,1000
6255,0.001270917,1.270917,1000
6256,0.011510795,11.510795,1000
6257,0.002601892,2.601892,1000
6258,0.000557138,0.557138,1000
6259,0.001933169,1.933169,1000
6260,0.016330663,16.330663,1000
6261,0.000639892,0.639892,1000
6262,0.001138634,1.138634,1000
6263,0.000850688,0.850688,1000
6264,0.000468196,0.468196,1000
6265,0.001159344,1.159344,1000
6266,0.00098284,0.98284,1000
6267,0.001685222,1.685222,1000
6268,0.001558369,1.558369,1000
6269,0.595287691,595.287691,1000
6270,0.000738146,0.738146,1000
6271,0.120576186,120.576186,1000
6272,0.065148364,65.148364,1000
6273,0.003166679,3.166679,1000
6274,0.001029052,1.029052,1000
6275,0.00292874,2.92874,1000
6276,0.000976708,0.976708,1000
6277,0.001319304,1.319304,1000
6278,0.002830846,2.830846,1000
6279,0.001061399,1.061399,1000
6280,0.004134538,4.134538,1000
6281,0.002416432,2.416432,1000
6282,0.001375699,1.375699,1000
6283,0.001354725,1.354725,1000
6284,0.002801695,2.801695,1000
6285,0.001290858,1.290858,1000
6286,0.000964089,0.964089,1000
6287,0.001026773,1.026773,1000
6288,0.001301987,1.301987,1000
6289,0.034421868,34.421868,1000
6290,0.000757803,0.757803,1000
6291,0.000702867,0.702867,1000
6292,0.063847929,63.847929,1000
6293,0.00851585,8.51585,1000
6294,0.002688144,2.688144,1000
6295,0.008239682,8.239682,1000
6296,0.00082558,0.82558,1000
6297,0.000445851,0.445851,1000
6298,0.008117446,8.117446,1000
6299,0.001091954,1.091954,1000
6300,0.001656285,1.656285,1000
6301,0.000355933,0.355933,1000
6302,0.056276012,56.276012,1000
6303,0.001208255,1.208255,1000
6304,0.001133458,1.133458,1000
6305,0.004759883,4.759883,1000
6306,0.004800207,4.800207,1000
6307,0.00058885,0.58885,1000
6308,0.000703685,0.703685,1000
6309,0.002252344,2.252344,1000
6310,0.036717777,36.717777,1000
6311,0.001190933,1.190933,1000
6312,0.035485233,35.485233,1000
6313,0.001081154,1.081154,1000
6314,0.000664501,0.664501,1000
6315,0.008228438,8.228438,1000
6316,0.000840131,0.840131,1000
6317,0.000956262,0.956262,1000
6318,0.006279793,6.279793,1000
6319,0.000334723,0.334723,1000
6320,0.009879434,9.879434,1000
6321,0.053537575,53.537575,1000
6322,0.001551458,1.551458,1000
6323,0.001577775,1.577775,1000
6324,0.001614391,1.614391,1000
6325,0.000733914,0.733914,1000
6326,0.001304864,1.304864,1000
6327,0.000684526,0.684526,1000
6328,0.001505839,1.505839,1000
6329,0.000869029,0.869029,1000
6330,0.001042957,1.042957,1000
6331,0.00074946,0.74946,1000
6332,0.008017723,8.017723,1000
6333,0.002861786,2.861786,1000
6334,0.012222807,12.222807,1000
6335,0.001136171,1.136171,1000
6336,0.001062541,1.062541,1000
6337,0.000661445,0.661445,1000
6338,0.075357863,75.357863,1000
6339,0.001089994,1.089994,1000
6340,0.00036702,0.36702,1000
6341,0.000674845,0.674845,1000
6342,0.000750961,0.750961,1000
6343,0.004313258,4.313258,1000
6344,0.000509329,0.509329,1000
6345,0.001383266,1.383266,1000
6346,0.000471208,0.471208,1000
6347,0.000657582,0.657582,1000
6348,0.000811282,0.811282,1000
6349,0.002719699,2.719699,1000
6350,0.001513667,1.513667,1000
6351,0.001284055,1.284055,1000
6352,0.003304975,3.304975,1000
6353,0.001750714,1.750714,1000
6354,0.06457915,64.57915,1000
6355,0.052595194,52.595194,1000
6356,0.001182024,1.182024,1000
6357,0.001056653,1.056653,1000
6358,0.001179604,1.179604,1000
6359,0.00132439,1.32439,1000
6360,0.00196018,1.96018,1000
6361,0.000474951,0.474951,1000
6362,0.00137366,1.37366,1000
6363,0.001820466,1.820466,1000
6364,0.00117199,1.17199,1000
6365,0.001358589,1.358589,1000
6366,0.001111521,1.111521,1000
6367,0.000783777,0.783777,1000
6368,0.000798247,0.798247,1000
6369,0.001317245,1.317245,1000
6370,0.001746026,1.746026,1000
6371,0.000606624,0.606624,1000
6372,0.003297699,3.297699,1000
6373,0.000780039,0.780039,1000
6374,0.000892443,0.892443,1000
6375,0.000993186,0.993186,1000
6376,0.001342995,1.342995,1000
6377,0.00100008,1.00008,1000
6378,0.000619053,0.619053,1000
6379,0.000711816,0.711816,1000
6380,0.001069915,1.069915,1000
6381,0.001155282,1.155282,1000
6382,0.001041343,1.041343,1000
6383,0.000561699,0.561699,1000
6384,0.001609087,1.609087,1000
6385,0.002042062,2.042062,1000
6386,0.000892082,0.892082,1000
6387,0.001296462,1.296462,1000
6388,0.000705894,0.705894,1000
6389,0.001604209,1.604209,1000
6390,0.001636809,1.636809,1000
6391,0.00046718,0.46718,1000
6392,0.000767444,0.767444,1000
6393,0.000928575,0.928575,1000
6394,0.007185365,7.185365,1000
6395,0.000741349,0.741349,1000
6396,0.000954955,0.954955,1000
6397,0.000971357,0.971357,1000
6398,0.001635382,1.635382,1000
6399,0.000672407,0.672407,1000
6400,0.003194521,3.194521,1000
6401,0.003022105,3.022105,1000
6402,0.001606087,1.606087,1000
6403,0.001124571,1.124571,1000
6404,0.001250013,1.250013,1000
6405,0.001134919,1.134919,1000
6406,0.006189608,6.189608,1000
6407,0.001137397,1.137397,1000
6408,0.001165937,1.165937,1000
6409,0.000479913,0.479913,1000
6410,0.001226155,1.226155,1000
6411,0.00098284,0.98284,1000
6412,0.002456367,2.456367,1000
6413,0.000784227,0.784227,1000
6414,0.000833791,0.833791,1000
6415,0.001463008,1.463008,1000
6416,0.000568159,0.568159,1000
6417,0.001385075,1.385075,1000
6418,0.000978395,0.978395,1000
6419,0.000754166,0.754166,1000
6420,0.001523648,1.523648,1000
6421,0.000826715,0.826715,1000
6422,0.001749287,1.749287,1000
6423,0.001155814,1.155814,1000
6424,0.00184452,1.84452,1000
6425,0.00083034,0.83034,1000
6426,0.001062519,1.062519,1000
6427,0.001525076,1.525076,1000
6428,0.000801922,0.801922,1000
6429,0.005743685,5.743685,1000
6430,0.00074446,0.74446,1000
6431,0.00137604,1.37604,1000
6432,0.001400157,1.400157,1000
6433,0.01046149,10.46149,1000
6434,0.001042957,1.042957,1000
6435,0.001071083,1.071083,1000
6436,0.000753543,0.753543,1000
6437,0.003260607,3.260607,1000
6438,0.000921197,0.921197,1000
6439,0.000680368,0.680368,1000
6440,0.00129343,1.29343,1000
6441,0.002126508,2.126508,1000
6442,0.001074452,1.074452,1000
6443,0.003590577,3.590577,1000
6444,0.000412492,0.412492,1000
6445,0.000725216,0.725216,1000
6446,0.001480218,1.480218,1000
6447,0.000782101,0.782101,1000
6448,0.000783777,0.783777,1000
6449,0.001062502,1.062502,1000
6450,0.00101218,1.01218,1000
6451,0.000928141,0.928141,1000
6452,0.008186467,8.186467,1000
6453,0.008037228,8.037228,1000
6454,0.000761676,0.761676,1000
6455,0.006318001,6.318001,1000
6456,0.000607125,0.607125,1000
6457,0.001159546,1.159546,1000
6458,0.001042957,1.042957,1000
6459,0.000847541,0.847541,1000
6460,0.002476859,2.476859,1000
6461,0.000878272,0.878272,1000
6462,0.008382884,8.382884,1000
6463,0.000777187,0.777187,1000
6464,0.001071133,1.071133,1000
6465,0.004019251,4.019251,1000
6466,0.001171504,1.171504,1000
6467,0.000616189,0.616189,1000
6468,0.000596576,0.596576,1000
6469,0.000634609,0.634609,1000
6470,0.001613775,1.613775,1000
6471,0.001223295,1.223295,1000
6472,0.001013239,1.013239,1000
6473,0.000741279,0.741279,1000
6474,0.000257739,0.257739,1000
6475,0.000943972,0.943972,1000
6476,0.001042979,1.042979,1000
6477,0.010131715,10.131715,1000
6478,0.000825966,0.825966,1000
6479,0.000774376,0.774376,1000
6480,0.001382243,1.382243,1000
6481,0.000783777,0.783777,1000
6482,0.000993186,0.993186,1000
6483,0.00049258,0.49258,1000
6484,0.000760397,0.760397,1000
6485,0.001129415,1.129415,1000
6486,0.001587135,1.587135,1000
6487,0.000640308,0.640308,1000
6488,0.001006315,1.006315,1000
6489,0.000576097,0.576097,1000
6490,0.211297267,211.297267,1000
6491,0.001042979,1.042979,1000
6492,0.001586234,1.586234,1000
6493,0.003441199,3.441199,1000
6494,0.001097456,1.097456,1000
6495,0.013831996,13.831996,1000
6497,0.001007596,1.007596,1000
6498,0.000975242,0.975242,1000
6499,0.001169457,1.169457,1000
6500,0.001239996,1.239996,1000
6501,0.000773216,0.773216,1000
6502,0.036400908,36.400908,1000
6503,0.001452519,1.452519,1000
6504,0.003568698,3.568698,1000
6505,0.001746026,1.746026,1000
6506,0.000739611,0.739611,1000
6507,0.00057063,0.57063,1000
6508,0.000868496,0.868496,1000
6509,0.001149577,1.149577,1000
6510,0.000767813,0.767813,1000
6511,0.001042319,1.042319,1000
6512,0.001018268,1.018268,1000
6513,0.001376053,1.376053,1000
6514,0.003650899,3.650899,1000
6515,0.00560763,5.60763,1000
6516,0.000783777,0.783777,1000
6517,0.000908895,0.908895,1000
6518,0.001071083,1.071083,1000
6519,0.000428925,0.428925,1000
6520,0.002468886,2.468886,1000
6521,0.022757668,22.757668,1000
6522,0.001203396,1.203396,1000
6523,0.000874821,0.874821,1000
6524,0.000639547,0.639547,1000
6525,0.001134919,1.134919,1000
6526,0.000615199,0.615199,1000
6527,0.002849503,2.849503,1000
6528,0.001240637,1.240637,1000
6529,0.001098596,1.098596,1000
6530,0.000688504,0.688504,1000
6531,0.001467271,1.467271,1000
6532,0.001525312,1.525312,1000
6533,0.000715517,0.715517,1000
6534,0.000856722,0.856722,1000
6535,0.001376094,1.376094,1000
6536,0.001094711,1.094711,1000
6537,0.000944099,0.944099,1000
6538,0.001095047,1.095047,1000
6539,0.001081154,1.081154,1000
6540,0.001116077,1.116077,1000
6541,0.002732787,2.732787,1000
6542,0.000577645,0.577645,1000
6543,0.005905244,5.905244,1000
6544,0.010087419,10.087419,1000
6545,0.003418732,3.418732,1000
6546,0.001042957,1.042957,1000
6547,0.001268844,1.268844,1000
6548,0.001125119,1.125119,1000
6549,0.000568019,0.568019,1000
6550,0.004116719,4.116719,1000
6551,0.00076711,0.76711,1000
6552,0.001168136,1.168136,1000
6553,0.001515421,1.515421,1000
6554,0.001033911,1.033911,1000
6555,0.042311903,42.311903,1000
6556,0.003600728,3.600728,1000
6557,0.01038611,10.38611,1000
6558,0.000385646,0.385646,1000
6559,0.005315368,5.315368,1000
6560,0.000948733,0.948733,1000
6561,0.001053023,1.053023,1000
6562,0.003704146,3.704146,1000
6563,0.000774319,0.774319,1000
6564,0.001134926,1.134926,1000
6565,0.19444684,194.44684,1000
6566,0.001821889,1.821889,1000
6567,0.002798259,2.798259,1000
6568,0.00137604,1.37604,1000
6569,0.00876799,8.76799,1000
6570,0.001008482,1.008482,1000
6571,0.000845094,0.845094,1000
6572,0.000879659,0.879659,1000
6573,0.000685362,0.685362,1000
6574,0.000418489,0.418489,1000
6575,0.032078404,32.078404,1000
6576,0.005569513,5.569513,1000
6577,0.000350625,0.350625,1000
6578,0.003712994,3.712994,1000
6579,0.00706991,7.06991,1000
6580,0.002211248,2.211248,1000
6581,0.000753543,0.753543,1000
6582,0.003627508,3.627508,1000
6583,0.00119715,1.19715,1000
6584,0.001161189,1.161189,1000
6585,0.000780668,0.780668,1000
6586,0.000679435,0.679435,1000
6587,0.008093529,8.093529,1000
6588,0.00789742,7.89742,1000
6589,0.000922987,0.922987,1000
6590,0.130230615,130.230615,1000
6591,0.015895328,15.895328,1000
6592,0.001143068,1.143068,1000
6593,0.000801228,0.801228,1000
6594,0.001246131,1.246131,1000
6595,0.001141219,1.141219,1000
6596,0.006684118,6.684118,1000
6597,0.001128744,1.128744,1000
6598,0.005242145,5.242145,1000
6599,0.000753323,0.753323,1000
6600,0.001269028,1.269028,1000
6601,0.00192301,1.92301,1000
6602,0.001182533,1.182533,1000
6603,0.000932284,0.932284,1000
6604,0.000678995,0.678995,1000
6605,0.000882698,0.882698,1000
6606,0.001001235,1.001235,1000
6607,0.000772707,0.772707,1000
6608,0.008124304,8.124304,1000
6609,0.000960173,0.960173,1000
6610,0.000991907,0.991907,1000
6611,0.001731305,1.731305,1000
6612,0.003111614,3.111614,1000
6613,0.001304864,1.304864,1000
6614,0.001134919,1.134919,1000
6615,0.008423159,8.423159,1000
6616,0.000852803,0.852803,1000
6617,0.010363269,10.363269,1000
6618,0.001010753,1.010753,1000
6619,0.000610084,0.610084,1000
6620,0.001165625,1.165625,1000
6621,0.001312558,1.312558,1000
6622,0.00049864,0.49864,1000
6623,0.001170413,1.170413,1000
6624,0.00083274,0.83274,1000
6625,0.000937243,0.937243,1000
6626,0.000589782,0.589782,1000
6627,0.001172666,1.172666,1000
6628,0.001155509,1.155509,1000
6629,0.007267056,7.267056,1000
6630,0.000921218,0.921218,1000
6631,0.001042979,1.042979,1000
6632,0.000922421,0.922421,1000
6633,0.01629211,16.29211,1000
6634,0.009530128,9.530128,1000
6635,0.001520309,1.520309,1000
6636,0.001223796,1.223796,1000
6637,0.001038617,1.038617,1000
6638,0.001179871,1.179871,1000
6639,0.001044721,1.044721,1000
6640,0.001075344,1.075344,1000
6641,0.002071369,2.071369,1000
6642,0.000772707,0.772707,1000
6643,0.282149903,282.149903,1000
6644,0.004238941,4.238941,1000
6645,0.595283003,595.283003,1000
6646,0.000865599,0.865599,1000
6647,0.005250589,5.250589,1000
6648,0.036437323,36.437323,1000
6649,0.001044721,1.044721,1000
6650,0.000684145,0.684145,1000
6651,0.001032633,1.032633,1000
6652,0.001495143,1.495143,1000
6653,0.001221487,1.221487,1000
6654,0.000825966,0.825966,1000
6655,0.000918254,0.918254,1000
6656,0.001334072,1.334072,1000
6657,0.000954534,0.954534,1000
6658,0.002279102,2.279102,1000
6659,0.001825149,1.825149,1000
6660,0.000399768,0.399768,1000
6661,0.00133614,1.33614,1000
6662,0.000763626,0.763626,1000
6663,0.009378053,9.378053,1000
6664,0.001117436,1.117436,1000
6665,0.001459136,1.459136,1000
6666,0.00106746,1.06746,1000
6667,0.002158647,2.158647,1000
6668,0.00114796,1.14796,1000
6669,0.018930846,18.930846,1000
6670,0.026824697,26.824697,1000
6671,0.001283534,1.283534,1000
6672,0.000895721,0.895721,1000
6673,0.001000921,1.000921,1000
6674,0.001505839,1.505839,1000
6675,0.0008918,0.8918,1000
6676,0.00133848,1.33848,1000
6677,0.040439963,40.439963,1000
6678,0.016187789,16.187789,1000
6679,0.000873868,0.873868,1000
6680,0.000980772,0.980772,1000
6681,0.001374216,1.374216,1000
6682,0.008377411,8.377411,1000
6683,0.005231687,5.231687,1000
6684,0.000964305,0.964305,1000
6685,0.040138384,40.138384,1000
6686,0.016189245,16.189245,1000
6687,0.040307208,40.307208,1000
6688,0.000396772,0.396772,1000
6689,0.000852548,0.852548,1000
6690,0.040105586,40.105586,1000
6691,0.001412853,1.412853,1000
6692,0.027394203,27.394203,1000
6693,0.000673269,0.673269,1000
6694,0.000955026,0.955026,1000
6695,0.000659373,0.659373,1000
6696,0.000633943,0.633943,1000
6697,0.00114796,1.14796,1000
6698,0.003368144,3.368144,1000
6699,0.001004131,1.004131,1000
6700,0.008047585,8.047585,1000
6701,0.000667375,0.667375,1000
6702,0.008043626,8.043626,1000
6703,0.001056446,1.056446,1000
6704,0.001624856,1.624856,1000
6705,0.09978323,99.78323,1000
6706,0.000690195,0.690195,1000
6707,0.007923728,7.923728,1000
6708,0.001071049,1.071049,1000
6709,0.001982321,1.982321,1000
6710,0.000866897,0.866897,1000
6711,0.000865784,0.865784,1000
6712,0.002571369,2.571369,1000
6713,0.000398455,0.398455,1000
6714,0.004293599,4.293599,1000
6715,0.001057474,1.057474,1000
6716,0.001212065,1.212065,1000
6717,0.026982282,26.982282,1000
6718,0.001297705,1.297705,1000
6719,0.000871631,0.871631,1000
6720,0.003050663,3.050663,1000
6721,0.000271374,0.271374,1000
6722,0.018306579,18.306579,1000
6723,0.000639487,0.639487,1000
6724,0.016822443,16.822443,1000
6725,0.003593621,3.593621,1000
6726,0.001831512,1.831512,1000
6727,0.000870277,0.870277,1000
6728,0.000825757,0.825757,1000
6729,0.001385469,1.385469,1000
6730,0.00073823,0.73823,1000
6731,0.00089139,0.89139,1000
6732,0.000581935,0.581935,1000
6733,0.000867261,0.867261,1000
6735,0.000753323,0.753323,1000
6736,0.000527034,0.527034,1000
6737,0.001229857,1.229857,1000
6738,0.001335576,1.335576,1000
6739,0.000828343,0.828343,1000
6740,0.001329583,1.329583,1000
6742,0.002727853,2.727853,1000
6743,0.000848202,0.848202,1000
6744,0.001139436,1.139436,1000
6745,0.001025903,1.025903,1000
6746,0.000637481,0.637481,1000
6747,0.000624963,0.624963,1000
6748,0.000632615,0.632615,1000
6749,0.001170788,1.170788,1000
6750,0.002000141,2.000141,1000
6751,0.000548148,0.548148,1000
6752,0.000937371,0.937371,1000
6753,0.001062569,1.062569,1000
6754,0.000810408,0.810408,1000
6755,0.001041789,1.041789,1000
6756,0.004819393,4.819393,1000
6757,0.000290712,0.290712,1000
6758,0.000800291,0.800291,1000
6759,0.001071066,1.071066,1000
6760,0.002985333,2.985333,1000
6761,0.001149917,1.149917,1000
6762,0.005741729,5.741729,1000
6763,0.000899853,0.899853,1000
6764,0.001081154,1.081154,1000
6765,0.004293599,4.293599,1000
6766,0.006560559,6.560559,1000
6767,0.000935399,0.935399,1000
6768,0.000974504,0.974504,1000
6769,0.000574644,0.574644,1000
6770,0.020236108,20.236108,1000
6771,0.000789021,0.789021,1000
6772,0.00716384,7.16384,1000
6773,0.004482935,4.482935,1000
6774,0.000580135,0.580135,1000
6775,0.000865853,0.865853,1000
6776,0.002842192,2.842192,1000
6777,0.000625813,0.625813,1000
6778,0.000983509,0.983509,1000
6779,0.001016079,1.016079,1000
6780,0.005475618,5.475618,1000
6781,0.00194306,1.94306,1000
6782,0.00103168,1.03168,1000
6783,0.000960681,0.960681,1000
6784,0.000958648,0.958648,1000
6785,0.003316207,3.316207,1000
6786,0.000922223,0.922223,1000
6787,0.016028884,16.028884,1000
6788,0.000683615,0.683615,1000
6789,0.001363876,1.363876,1000
6790,0.001080721,1.080721,1000
6791,0.001167018,1.167018,1000
6792,0.000674883,0.674883,1000
6793,0.00076654,0.76654,1000
6794,0.000898142,0.898142,1000
6795,0.00087337,0.87337,1000
6796,0.000825966,0.825966,1000
6797,0.000660415,0.660415,1000
6798,0.001284055,1.284055,1000
6799,0.000772313,0.772313,1000
6800,0.002956109,2.956109,1000
6801,0.001324095,1.324095,1000
6802,0.008377877,8.377877,1000
6803,0.00085677,0.85677,1000
6804,0.026876528,26.876528,1000
6805,0.003040261,3.040261,1000
6806,0.056603677,56.603677,1000
6807,0.003009917,3.009917,1000
6808,0.001552907,1.552907,1000
6809,0.001906684,1.906684,1000
6810,0.000818912,0.818912,1000
6811,0.000929214,0.929214,1000
6812,0.000981935,0.981935,1000
6813,0.00182706,1.82706,1000
6814,0.001008894,1.008894,1000
6815,0.001062519,1.062519,1000
6816,0.001443609,1.443609,1000
6817,0.000774506,0.774506,1000
6818,0.001460548,1.460548,1000
6819,0.06457915,64.57915,1000
6820,0.00103168,1.03168,1000
6821,0.004784615,4.784615,1000
6822,0.001285085,1.285085,1000
6823,0.011147896,11.147896,1000
6824,0.001609087,1.609087,1000
6825,0.00090441,0.90441,1000
6826,0.018870726,18.870726,1000
6827,0.000511021,0.511021,1000
6828,0.001464305,1.464305,1000
6829,0.001235798,1.235798,1000
6830,0.001913041,1.913041,1000
6831,0.001014465,1.014465,1000
6832,0.001202005,1.202005,1000
6833,0.001676862,1.676862,1000
6834,0.000993124,0.993124,1000
6835,0.00301506,3.01506,1000
6836,0.000993186,0.993186,1000
6837,0.001750714,1.750714,1000
6838,0.012165547,12.165547,1000
6839,0.000633939,0.633939,1000
6840,0.000971124,0.971124,1000
6841,0.001080643,1.080643,1000
6842,0.00158305,1.58305,1000
6843,0.001557965,1.557965,1000
6844,0.000740024,0.740024,1000
6845,0.001081154,1.081154,1000
6846,0.001609087,1.609087,1000
6847,0.001520388,1.520388,1000
6848,0.033360872,33.360872,1000
6849,0.001691201,1.691201,1000
6850,0.050174123,50.174123,1000
6851,0.006220237,6.220237,1000
6852,0.001109718,1.109718,1000
6854,0.003520673,3.520673,1000
6855,0.000696406,0.696406,1000
6856,0.001555514,1.555514,1000
6857,0.00160822,1.60822,1000
6858,0.000962026,0.962026,1000
6859,0.000638962,0.638962,1000
6860,0.001199128,1.199128,1000
6861,0.000839638,0.839638,1000
6862,0.001044721,1.044721,1000
6863,0.018643199,18.643199,1000
6864,0.000748731,0.748731,1000
6865,0.001324896,1.324896,1000
6866,0.000925358,0.925358,1000
6867,0.000767951,0.767951,1000
6868,0.358305507,358.305507,1000
6869,0.001246131,1.246131,1000
6870,0.001908412,1.908412,1000
6871,0.007017443,7.017443,1000
6872,0.001134919,1.134919,1000
6873,0.001400957,1.400957,1000
6874,0.00094883,0.94883,1000
6875,0.00080002,0.80002,1000
6876,0.000837444,0.837444,1000
6877,0.000782911,0.782911,1000
6878,0.001542067,1.542067,1000
6879,0.001055218,1.055218,1000
6880,0.001616283,1.616283,1000
6881,0.003053736,3.053736,1000
6882,0.001394195,1.394195,1000
6883,0.003300287,3.300287,1000
6884,0.000753323,0.753323,1000
6885,0.000637654,0.637654,1000
6886,0.000987083,0.987083,1000
6887,0.004297208,4.297208,1000
6888,0.003039202,3.039202,1000
6889,0.003715846,3.715846,1000
6890,0.004655188,4.655188,1000
6891,0.029809714,29.809714,1000
6892,0.001288757,1.288757,1000
6893,0.001046372,1.046372,1000
6894,0.00158555,1.58555,1000
6895,0.0010963,1.0963,1000
6896,0.00137685,1.37685,1000
6897,0.00237909,2.37909,1000
6898,0.00052293,0.52293,1000
6899,0.000726736,0.726736,1000
6900,0.000770443,0.770443,1000
6901,0.001037122,1.037122,1000
6902,0.000823769,0.823769,1000
6903,0.000841387,0.841387,1000
6904,0.001011936,1.011936,1000
6905,0.016160815,16.160815,1000
6906,0.00095136,0.95136,1000
6907,0.000719653,0.719653,1000
6908,0.001826577,1.826577,1000
6909,0.001263176,1.263176,1000
6910,0.001634065,1.634065,1000
6911,0.00125011,1.25011,1000
6912,0.001626412,1.626412,1000
6913,0.000956609,0.956609,1000
6914,0.002848244,2.848244,1000
6915,0.000658792,0.658792,1000
6916,0.000493568,0.493568,1000
6917,0.001244896,1.244896,1000
6918,0.001520388,1.520388,1000
6919,0.001071083,1.071083,1000
6920,0.000911927,0.911927,1000
6922,0.000816816,0.816816,1000
6923,0.003973084,3.973084,1000
6924,0.000935923,0.935923,1000
6925,0.595287691,595.287691,1000
6926,0.000845525,0.845525,1000
6927,0.000579097,0.579097,1000
6928,0.001821889,1.821889,1000
6929,0.00079157,0.79157,1000
6930,0.000493917,0.493917,1000
6931,0.001703711,1.703711,1000
6932,0.000712841,0.712841,1000
6933,0.00115367,1.15367,1000
6934,0.000668973,0.668973,1000
6935,0.000785575,0.785575,1000
6936,0.000668978,0.668978,1000
6937,0.001787561,1.787561,1000
6938,0.000840445,0.840445,1000
6939,0.001843939,1.843939,1000
6940,0.001913041,1.913041,1000
6941,0.000565236,0.565236,1000
6942,0.001134926,1.134926,1000
6943,0.001049602,1.049602,1000
6944,0.149222887,149.222887,1000
6945,0.003072431,3.072431,1000
6946,0.001608681,1.608681,1000
6947,0.001071105,1.071105,1000
6948,0.000672287,0.672287,1000
6949,0.001042957,1.042957,1000
6950,0.001520388,1.520388,1000
6951,0.010940997,10.940997,1000
6952,0.00078489,0.78489,1000
6953,0.000993186,0.993186,1000
6954,0.000896775,0.896775,1000
6955,0.000865371,0.865371,1000
6956,0.000600355,0.600355,1000
6957,0.00128699,1.28699,1000
6958,0.001376162,1.376162,1000
6959,0.00117837,1.17837,1000
6960,0.000837022,0.837022,1000
6961,0.000578548,0.578548,1000
6962,0.001042319,1.042319,1000
6963,0.000619335,0.619335,1000
6964,0.000868526,0.868526,1000
6965,0.005319429,5.319429,1000
6966,0.000995922,0.995922,1000
6967,0.000783777,0.783777,1000
6968,0.003078006,3.078006,1000
6969,0.001356436,1.356436,1000
6970,0.000577166,0.577166,1000
6971,0.00071386,0.71386,1000
6972,0.035773766,35.773766,1000
6973,0.000770468,0.770468,1000
6974,0.001076863,1.076863,1000
6975,0.001142904,1.142904,1000
6976,0.00366175,3.66175,1000
6977,0.06457915,64.57915,1000
6978,0.007482596,7.482596,1000
6979,0.000780541,0.780541,1000
6980,0.075736416,75.736416,1000
6981,0.00284277,2.84277,1000
6982,0.00081312,0.81312,1000
6983,0.001456381,1.456381,1000
6984,0.002207167,2.207167,1000
6985,0.001453099,1.453099,1000
6986,0.000682932,0.682932,1000
6987,0.003493023,3.493023,1000
6988,0.000689792,0.689792,1000
6989,0.000574511,0.574511,1000
6990,0.001145378,1.145378,1000
6991,0.00037779,0.37779,1000
6992,0.000992057,0.992057,1000
6993,0.001825149,1.825149,1000
6994,0.000308802,0.308802,1000
6995,0.000604057,0.604057,1000
6996,0.000865853,0.865853,1000
6997,0.001681463,1.681463,1000
6998,0.001612347,1.612347,1000
6999,0.000997639,0.997639,1000
7000,0.000959521,0.959521,1000
7001,0.001000744,1.000744,1000
7002,0.001906481,1.906481,1000
7003,0.00069205,0.69205,1000
7004,0.000319267,0.319267,1000
7005,0.007263778,7.263778,1000
7006,0.001080139,1.080139,1000
7007,0.001453099,1.453099,1000
7008,0.000649018,0.649018,1000
7009,0.000739513,0.739513,1000
7010,0.001042979,1.042979,1000
7011,0.000718338,0.718338,1000
7012,0.001341559,1.341559,1000
7014,0.00078378,0.78378,1000
7015,0.002207987,2.207987,1000
7016,0.000712474,0.712474,1000
7017,0.000840244,0.840244,1000
7018,0.011492915,11.492915,1000
7019,0.001037324,1.037324,1000
7020,0.001445746,1.445746,1000
7021,0.001289146,1.289146,1000
7022,0.000555405,0.555405,1000
7023,0.001350198,1.350198,1000
7024,0.000665902,0.665902,1000
7025,0.001629378,1.629378,1000
7026,0.000925325,0.925325,1000
7027,0.001460524,1.460524,1000
7028,0.005462813,5.462813,1000
7029,0.001746026,1.746026,1000
7030,0.000810899,0.810899,1000
7031,0.002769356,2.769356,1000
7032,0.005123349,5.123349,1000
7033,0.003351669,3.351669,1000
7034,0.001363904,1.363904,1000
7035,0.006146163,6.146163,1000
7036,0.000496193,0.496193,1000
7037,0.000745149,0.745149,1000
7038,0.001221487,1.221487,1000
7039,0.000927436,0.927436,1000
7040,0.009331266,9.331266,1000
7041,0.000957722,0.957722,1000
7042,0.007916486,7.916486,1000
7043,0.001779629,1.779629,1000
7044,0.000823931,0.823931,1000
7045,0.000966058,0.966058,1000
7046,0.003128547,3.128547,1000
7047,0.001108256,1.108256,1000
7048,0.0015091,1.5091,1000
7049,0.001044721,1.044721,1000
7050,0.001688606,1.688606,1000
7051,0.080231048,80.231048,1000
7052,0.000587252,0.587252,1000
7053,0.000849015,0.849015,1000
7054,0.19459321,194.59321,1000
7055,0.000803165,0.803165,1000
7056,0.001304864,1.304864,1000
7057,0.000885008,0.885008,1000
7058,0.00115367,1.15367,1000
7059,0.00162638,1.62638,1000
7060,0.001042957,1.042957,1000
7061,0.001042957,1.042957,1000
7062,0.007587847,7.587847,1000
7063,0.00064928,0.64928,1000
7064,0.003083554,3.083554,1000
7065,0.000656184,0.656184,1000
7066,0.000796973,0.796973,1000
7067,0.002729051,2.729051,1000
7068,0.002351239,2.351239,1000
7069,0.000590421,0.590421,1000
7070,0.00544176,5.44176,1000
7071,0.003287151,3.287151,1000
7072,0.002323184,2.323184,1000
7073,0.008467214,8.467214,1000
7074,0.001327183,1.327183,1000
7075,0.001623754,1.623754,1000
7076,0.000986224,0.986224,1000
7077,0.001542492,1.542492,1000
7078,0.000621049,0.621049,1000
7079,0.002704047,2.704047,1000
7080,0.000749267,0.749267,1000
7081,0.001508515,1.508515,1000
7082,0.002799477,2.799477,1000
7083,0.001014435,1.014435,1000
7084,0.000826579,0.826579,1000
7085,0.000753323,0.753323,1000
7086,0.00103168,1.03168,1000
7087,0.000372178,0.372178,1000
7088,0.000646665,0.646665,1000
7089,0.000920529,0.920529,1000
7090,0.000888094,0.888094,1000
7091,0.000991206,0.991206,1000
7092,0.00090155,0.90155,1000
7093,0.003227652,3.227652,1000
7094,0.001980355,1.980355,1000
7095,0.000550478,0.550478,1000
7096,0.001684973,1.684973,1000
7097,0.00157646,1.57646,1000
7098,0.001050231,1.050231,1000
7099,0.00098302,0.98302,1000
7100,0.001071105,1.071105,1000
7101,0.0105503,10.5503,1000
7102,0.001749287,1.749287,1000
7103,0.00137604,1.37604,1000
7104,0.000689683,0.689683,1000
7105,0.00068921,0.68921,1000
7106,0.001620389,1.620389,1000
7107,0.000751414,0.751414,1000
7108,0.002777921,2.777921,1000
7109,0.00082313,0.82313,1000
7110,0.002966537,2.966537,1000
7111,0.001609087,1.609087,1000
7112,0.000601562,0.601562,1000
7113,0.000811282,0.811282,1000
7114,0.00349757,3.49757,1000
7115,0.000794202,0.794202,1000
7116,0.000791356,0.791356,1000
7117,0.00114796,1.14796,1000
7118,0.003003376,3.003376,1000
7119,0.000852378,0.852378,1000
7120,0.000493184,0.493184,1000
7121,0.001185895,1.185895,1000
7122,0.000897994,0.897994,1000
7123,0.001520388,1.520388,1000
7124,0.000547057,0.547057,1000
7125,0.001520388,1.520388,1000
7126,0.001151084,1.151084,1000
7127,0.001918706,1.918706,1000
7128,0.000935176,0.935176,1000
7129,0.000817329,0.817329,1000
7130,0.000637407,0.637407,1000
7131,0.010430875,10.430875,1000
7132,0.000852139,0.852139,1000
7133,0.016512347,16.512347,1000
7134,0.000964919,0.964919,1000
7135,0.008544852,8.544852,1000
7136,0.004413931,4.413931,1000
7137,0.005954228,5.954228,1000
7138,0.002515131,2.515131,1000
7139,0.000783777,0.783777,1000
7140,0.00078378,0.78378,1000
7141,0.000793278,0.793278,1000
7142,0.002338195,2.338195,1000
7143,0.000783777,0.783777,1000
7144,0.001068522,1.068522,1000
7145,0.000683739,0.683739,1000
7146,0.00114016,1.14016,1000
7147,0.025802266,25.802266,1000
7148,0.000589671,0.589671,1000
7149,0.000563187,0.563187,1000
7150,0.001143068,1.143068,1000
7151,0.000806828,0.806828,1000
7152,0.001149588,1.149588,1000
7153,0.000993186,0.993186,1000
7154,0.000769025,0.769025,1000
7155,0.001126839,1.126839,1000
7156,0.001143068,1.143068,1000
7157,0.00117837,1.17837,1000
7158,0.000869493,0.869493,1000
7159,0.000736957,0.736957,1000
7160,0.001440174,1.440174,1000
7161,0.001707348,1.707348,1000
7162,0.000859882,0.859882,1000
7163,0.001082817,1.082817,1000
7164,0.001126081,1.126081,1000
7165,0.001179788,1.179788,1000
7166,0.001238344,1.238344,1000
7167,0.001330285,1.330285,1000
7168,0.000782611,0.782611,1000
7169,0.000682196,0.682196,1000
7170,0.000747904,0.747904,1000
7171,0.000398848,0.398848,1000
7172,0.001825149,1.825149,1000
7173,0.001246131,1.246131,1000
7174,0.000598829,0.598829,1000
7175,0.001218019,1.218019,1000
7176,0.188730738,188.730738,1000
7177,0.06457589,64.57589,1000
7178,0.001070191,1.070191,1000
7179,0.003506922,3.506922,1000
7180,0.000273915,0.273915,1000
7181,0.004290534,4.290534,1000
7182,0.001081154,1.081154,1000
7183,0.001438738,1.438738,1000
7184,0.001162618,1.162618,1000
7185,0.002667291,2.667291,1000
7186,0.000792935,0.792935,1000
7187,0.000606805,0.606805,1000
7188,0.00190494,1.90494,1000
7189,0.001135696,1.135696,1000
7190,0.004202448,4.202448,1000
7191,0.003100488,3.100488,1000
7192,0.003248871,3.248871,1000
7193,0.001335576,1.335576,1000
7194,0.001125114,1.125114,1000
7195,0.000597241,0.597241,1000
7196,0.000993186,0.993186,1000
7197,0.001510527,1.510527,1000
7198,0.010609063,10.609063,1000
7199,0.000596512,0.596512,1000
7200,0.00095681,0.95681,1000
7201,0.001274544,1.274544,1000
7202,0.003054651,3.054651,1000
7203,0.009206274,9.206274,1000
7204,0.001190355,1.190355,1000
7205,0.001122997,1.122997,1000
7206,0.000597808,0.597808,1000
7207,0.000848874,0.848874,1000
7208,0.001042957,1.042957,1000
7209,0.004583737,4.583737,1000
7210,0.003585617,3.585617,1000
7211,0.000936464,0.936464,1000
7212,0.008162367,8.162367,1000
7213,0.000691642,0.691642,1000
7214,0.001052182,1.052182,1000
7215,0.001344562,1.344562,1000
7216,0.005500132,5.500132,1000
7217,0.001761107,1.761107,1000
7218,0.000964089,0.964089,1000
7219,0.000821818,0.821818,1000
7220,0.000720649,0.720649,1000
7221,0.000720318,0.720318,1000
7222,0.000945363,0.945363,1000
7223,0.001821889,1.821889,1000
7224,0.002722754,2.722754,1000
7225,0.000650519,0.650519,1000
7226,0.000727521,0.727521,1000
7227,0.001525864,1.525864,1000
7228,0.001002535,1.002535,1000
7229,0.000279691,0.279691,1000
7230,0.000836076,0.836076,1000
7231,0.040181539,40.181539,1000
7232,0.001242727,1.242727,1000
7233,0.000778297,0.778297,1000
7234,0.001097874,1.097874,1000
7235,0.000668906,0.668906,1000
7236,0.001934457,1.934457,1000
7237,0.00054217,0.54217,1000
7238,0.001206326,1.206326,1000
7239,0.001172849,1.172849,1000
7240,0.000786628,0.786628,1000
7241,0.001192128,1.192128,1000
7242,0.000872376,0.872376,1000
7243,0.000468968,0.468968,1000
7244,0.000997064,0.997064,1000
7245,0.010463677,10.463677,1000
7246,0.000993186,0.993186,1000
7247,0.00109536,1.09536,1000
7248,0.00078378,0.78378,1000
7249,0.001150819,1.150819,1000
7250,0.000960341,0.960341,1000
7251,0.00126749,1.26749,1000
7252,0.006175572,6.175572,1000
7253,0.00077253,0.77253,1000
7254,0.001035373,1.035373,1000
7255,0.001514928,1.514928,1000
7256,0.001525076,1.525076,1000
7257,0.001180496,1.180496,1000
7258,0.000954184,0.954184,1000
7259,0.000825966,0.825966,1000
7260,0.003096434,3.096434,1000
7261,0.001181989,1.181989,1000
7262,0.002057779,2.057779,1000
7263,0.000993186,0.993186,1000
7264,0.000310243,0.310243,1000
7265,0.001157622,1.157622,1000
7266,0.000546106,0.546106,1000
7267,0.001452146,1.452146,1000
7268,0.001613369,1.613369,1000
7269,0.001326305,1.326305,1000
7270,0.003023992,3.023992,1000
7271,0.001542492,1.542492,1000
7272,0.001554702,1.554702,1000
7273,0.00077869,0.77869,1000
7274,0.001153201,1.153201,1000
7275,0.000960681,0.960681,1000
7276,0.001029247,1.029247,1000
7277,0.000878179,0.878179,1000
7278,0.001436572,1.436572,1000
7279,0.000786948,0.786948,1000
7280,0.001317245,1.317245,1000
7281,0.001177717,1.177717,1000
7282,0.00050513,0.50513,1000
7283,0.000981508,0.981508,1000
7284,0.000993186,0.993186,1000
7285,0.000355193,0.355193,1000
7286,0.001042979,1.042979,1000
7287,0.003297699,3.297699,1000
7288,0.000615712,0.615712,1000
7289,0.032721097,32.721097,1000
7290,0.002444059,2.444059,1000
7291,0.001604443,1.604443,1000
7292,0.001073257,1.073257,1000
7293,0.011838707,11.838707,1000
7294,0.001343248,1.343248,1000
7295,0.00100579,1.00579,1000
7296,0.000716363,0.716363,1000
7297,0.016706847,16.706847,1000
7298,0.000657521,0.657521,1000
7299,0.001104592,1.104592,1000
7300,0.000810361,0.810361,1000
7301,0.001341559,1.341559,1000
7302,0.002609745,2.609745,1000
7303,0.001797403,1.797403,1000
7304,0.001071083,1.071083,1000
7305,0.002639532,2.639532,1000
7306,0.000812024,0.812024,1000
7307,0.004529605,4.529605,1000
7308,0.001601399,1.601399,1000
7309,0.000615186,0.615186,1000
7310,0.000704921,0.704921,1000
7311,0.001520309,1.520309,1000
7312,0.002098151,2.098151,1000
7313,0.064580577,64.580577,1000
7314,0.000701775,0.701775,1000
7315,0.000586083,0.586083,1000
7316,0.001091611,1.091611,1000
7317,0.001780256,1.780256,1000
7318,0.000691117,0.691117,1000
7319,0.000710367,0.710367,1000
7320,0.000835821,0.835821,1000
7321,0.001191256,1.191256,1000
7322,0.00416654,4.16654,1000
7324,0.000687233,0.687233,1000
7325,0.000828058,0.828058,1000
7326,0.000897849,0.897849,1000
7327,0.016115612,16.115612,1000
7328,0.000654884,0.654884,1000
7329,0.000858252,0.858252,1000
7330,0.000625055,0.625055,1000
7331,0.000589355,0.589355,1000
7332,0.000882523,0.882523,1000
7333,0.000686294,0.686294,1000
7334,0.000643953,0.643953,1000
7335,0.001548993,1.548993,1000
7336,0.001043541,1.043541,1000
7337,0.000741773,0.741773,1000
7338,0.00061656,0.61656,1000
7339,0.001062541,1.062541,1000
7340,0.000993186,0.993186,1000
7341,0.001226898,1.226898,1000
7342,0.002743611,2.743611,1000
7343,0.006565045,6.565045,1000
7344,0.00232594,2.32594,1000
7345,0.057455719,57.455719,1000
7346,0.001453121,1.453121,1000
7347,0.000960681,0.960681,1000
7348,0.001042957,1.042957,1000
7349,0.004921702,4.921702,1000
7350,0.00689432,6.89432,1000
7351,0.000978439,0.978439,1000
7352,0.000603212,0.603212,1000
7353,0.000961313,0.961313,1000
7354,0.00055496,0.55496,1000
7355,0.003162724,3.162724,1000
7356,0.000773881,0.773881,1000
7357,0.001111162,1.111162,1000
7358,0.001104517,1.104517,1000
7359,0.000993186,0.993186,1000
7360,0.000871713,0.871713,1000
7361,0.000910416,0.910416,1000
7362,0.0029393,2.9393,1000
7363,0.000827286,0.827286,1000
7364,0.001071832,1.071832,1000
7365,0.000794964,0.794964,1000
7366,0.000606921,0.606921,1000
7367,0.009846686,9.846686,1000
7368,0.001073947,1.073947,1000
7369,0.0029538,2.9538,1000
7370,0.000805599,0.805599,1000
7371,0.000786494,0.786494,1000
7372,0.000935513,0.935513,1000
7373,0.004159615,4.159615,1000
7374,0.000538311,0.538311,1000
7375,0.00531666,5.31666,1000
7376,0.001071066,1.071066,1000
7377,0.000667153,0.667153,1000
7378,0.000792048,0.792048,1000
7379,0.016061928,16.061928,1000
7380,0.000682459,0.682459,1000
7381,0.000956262,0.956262,1000
7382,0.000660788,0.660788,1000
7383,0.111349786,111.349786,1000
7384,0.000521771,0.521771,1000
7385,0.004305465,4.305465,1000
7386,0.000975077,0.975077,1000
7387,0.001044721,1.044721,1000
7388,0.075158283,75.158283,1000
7389,0.001220797,1.220797,1000
7390,0.001134926,1.134926,1000
7391,0.000576402,0.576402,1000
7392,0.000907469,0.907469,1000
7393,0.002360173,2.360173,1000
7394,0.001637817,1.637817,1000
7395,0.003504057,3.504057,1000
7396,0.000825994,0.825994,1000
7397,0.001042979,1.042979,1000
7398,0.595286263,595.286263,1000
7399,0.001002638,1.002638,1000
7400,0.001221487,1.221487,1000
7401,0.000781341,0.781341,1000
7402,0.000792537,0.792537,1000
7403,0.001155282,1.155282,1000
7404,0.000845085,0.845085,1000
7405,0.001330889,1.330889,1000
7406,0.001108256,1.108256,1000
7407,0.013151622,13.151622,1000
7408,0.002806839,2.806839,1000
7409,0.00168857,1.68857,1000
7410,0.02861209,28.61209,1000
7411,0.005286914,5.286914,1000
7412,0.004883771,4.883771,1000
7413,0.001457847,1.457847,1000
7414,0.001032183,1.032183,1000
7415,0.000304172,0.304172,1000
7416,0.002817029,2.817029,1000
7417,0.001077756,1.077756,1000
7418,0.000325389,0.325389,1000
7419,0.001194978,1.194978,1000
7420,0.034007214,34.007214,1000
7421,0.001749287,1.749287,1000
7422,0.002549986,2.549986,1000
7423,0.000820407,0.820407,1000
7424,0.001050293,1.050293,1000
7425,0.001160778,1.160778,1000
7426,0.000845094,0.845094,1000
7427,0.002536387,2.536387,1000
7428,0.006056578,6.056578,1000
7429,0.004882961,4.882961,1000
7430,0.014794477,14.794477,1000
7431,0.001649589,1.649589,1000
7432,0.000956262,0.956262,1000
7433,0.013649484,13.649484,1000
7434,0.000993186,0.993186,1000
7435,0.001766062,1.766062,1000
7436,0.000714001,0.714001,1000
7437,0.000937184,0.937184,1000
7438,0.000650377,0.650377,1000
7439,0.001134919,1.134919,1000
7440,0.00436482,4.36482,1000
7441,0.016508726,16.508726,1000
7442,0.000573218,0.573218,1000
7443,0.000638045,0.638045,1000
7444,0.013986756,13.986756,1000
7445,0.001835844,1.835844,1000
7446,0.001134926,1.134926,1000
7447,0.002871478,2.871478,1000
7448,0.000782886,0.782886,1000
7449,0.001233219,1.233219,1000
7450,0.000482231,0.482231,1000
7451,0.000745819,0.745819,1000
7452,0.000798273,0.798273,1000
7453,0.000761674,0.761674,1000
7454,0.000834751,0.834751,1000
7455,0.001023155,1.023155,1000
7456,0.00081312,0.81312,1000
7457,0.006874088,6.874088,1000
7458,0.000835543,0.835543,1000
7459,0.000729073,0.729073,1000
7460,0.000835364,0.835364,1000
7461,0.001047998,1.047998,1000
7462,0.000720215,0.720215,1000
7463,0.007991136,7.991136,1000
7464,0.00114796,1.14796,1000
7465,0.001244335,1.244335,1000
7466,0.030811381,30.811381,1000
7467,0.00981712,9.81712,1000
7468,0.000804047,0.804047,1000
7469,0.001006165,1.006165,1000
7470,0.001030691,1.030691,1000
7471,0.000690676,0.690676,1000
7472,0.0047043,4.7043,1000
7473,0.001044282,1.044282,1000
7474,0.001339782,1.339782,1000
7475,0.001002763,1.002763,1000
7476,0.007875373,7.875373,1000
7477,0.000812575,0.812575,1000
7478,0.004308311,4.308311,1000
7479,0.016154839,16.154839,1000
7480,0.000969304,0.969304,1000
7481,0.002630044,2.630044,1000
7482,0.001382478,1.382478,1000
7483,0.000742142,0.742142,1000
7484,0.003304975,3.304975,1000
7485,0.001021305,1.021305,1000
7486,0.002700787,2.700787,1000
7487,0.001632889,1.632889,1000
7488,0.00074532,0.74532,1000
7489,0.017500664,17.500664,1000
7490,0.001231231,1.231231,1000
7491,0.001071066,1.071066,1000
7492,0.001420762,1.420762,1000
7493,0.001583796,1.583796,1000
7494,0.001194411,1.194411,1000
7495,0.001288878,1.288878,1000
7496,0.000811282,0.811282,1000
7497,0.001062519,1.062519,1000
7498,0.001116018,1.116018,1000
7499,0.001594926,1.594926,1000
7500,0.001326441,1.326441,1000
7501,0.001826577,1.826577,1000
7502,0.001520493,1.520493,1000
7503,0.001097534,1.097534,1000
7504,0.002044641,2.044641,1000
7505,0.000696129,0.696129,1000
7506,0.001505839,1.505839,1000
7507,0.000771885,0.771885,1000
7508,0.000746954,0.746954,1000
7509,0.001399208,1.399208,1000
7510,0.015681272,15.681272,1000
7511,0.007611517,7.611517,1000
7512,0.003353001,3.353001,1000
7513,0.000772579,0.772579,1000
7514,0.0006134,0.6134,1000
7515,0.008488718,8.488718,1000
7516,0.008502091,8.502091,1000
7517,0.010482451,10.482451,1000
7518,0.032386737,32.386737,1000
7519,0.000770647,0.770647,1000
7520,0.000638005,0.638005,1000
7521,0.000684379,0.684379,1000
7522,0.001510527,1.510527,1000
7523,0.000691865,0.691865,1000
7524,0.000630207,0.630207,1000
7525,0.000822088,0.822088,1000
7526,0.000791285,0.791285,1000
7527,0.000993186,0.993186,1000
7528,0.004012089,4.012089,1000
7529,0.000963771,0.963771,1000
7530,0.000917761,0.917761,1000
7531,0.000733669,0.733669,1000
7532,0.000504969,0.504969,1000
7533,0.000993186,0.993186,1000
7534,0.000712139,0.712139,1000
7535,0.003780551,3.780551,1000
7536,0.002595451,2.595451,1000
7537,0.003237439,3.237439,1000
7538,0.001062569,1.062569,1000
7539,0.000571634,0.571634,1000
7540,0.000589197,0.589197,1000
7541,0.002725808,2.725808,1000
7542,0.001018963,1.018963,1000
7543,0.003059458,3.059458,1000
7544,0.001817509,1.817509,1000
7545,0.000869332,0.869332,1000
7546,0.002513151,2.513151,1000
7547,0.001131756,1.131756,1000
7548,0.001049008,1.049008,1000
7549,0.000724392,0.724392,1000
7550,0.004688152,4.688152,1000
7551,0.000812271,0.812271,1000
7552,0.000729073,0.729073,1000
7553,0.002750246,2.750246,1000
7554,0.000812823,0.812823,1000
7555,0.003706376,3.706376,1000
7556,0.000551482,0.551482,1000
7557,0.003706376,3.706376,1000
7558,0.002680012,2.680012,1000
7559,0.003706376,3.706376,1000
7560,0.00117837,1.17837,1000
7561,0.001123907,1.123907,1000
7562,0.000979319,0.979319,1000
7563,0.001376094,1.376094,1000
7564,0.000836079,0.836079,1000
7565,0.004029215,4.029215,1000
7566,0.001921222,1.921222,1000
7567,0.001011874,1.011874,1000
7568,0.001081154,1.081154,1000
7569,0.000783777,0.783777,1000
7570,0.000783777,0.783777,1000
7571,0.001155912,1.155912,1000
7572,0.000719792,0.719792,1000
7573,0.026593362,26.593362,1000
7574,0.000810756,0.810756,1000
7575,0.000724051,0.724051,1000
7576,0.001692628,1.692628,1000
7577,0.000541468,0.541468,1000
7578,0.001356654,1.356654,1000
7579,0.031000624,31.000624,1000
7580,0.007217679,7.217679,1000
7581,0.00092757,0.92757,1000
7582,0.000743593,0.743593,1000
7583,0.000659394,0.659394,1000
7584,0.007231645,7.231645,1000
7585,0.001352816,1.352816,1000
7586,0.007498552,7.498552,1000
7587,0.002857483,2.857483,1000
7588,0.016392522,16.392522,1000
7589,0.003160885,3.160885,1000
7590,0.262387188,262.387188,1000
7591,0.000358654,0.358654,1000
7592,0.002540777,2.540777,1000
7593,0.00055724,0.55724,1000
7594,0.001133504,1.133504,1000
7595,0.001175884,1.175884,1000
7596,0.000966563,0.966563,1000
7597,0.014972296,14.972296,1000
7598,0.001042957,1.042957,1000
7599,0.001144711,1.144711,1000
7600,0.000784285,0.784285,1000
7601,0.000897534,0.897534,1000
7602,0.000590999,0.590999,1000
7603,0.000386153,0.386153,1000
7604,0.001029041,1.029041,1000
7605,0.000636387,0.636387,1000
7606,0.000937176,0.937176,1000
7607,0.000743447,0.743447,1000
7608,0.001169362,1.169362,1000
7609,0.002936336,2.936336,1000
7610,0.102417403,102.417403,1000
7611,0.000725131,0.725131,1000
7612,0.002613484,2.613484,1000
7613,0.000543695,0.543695,1000
7614,0.008740831,8.740831,1000
7615,0.000648633,0.648633,1000
7616,0.001746026,1.746026,1000
7617,0.001166824,1.166824,1000
7618,0.014223976,14.223976,1000
7619,0.001476002,1.476002,1000
7620,0.002669925,2.669925,1000
7621,0.000560933,0.560933,1000
7622,0.001207559,1.207559,1000
7623,0.001821889,1.821889,1000
7624,0.004036766,4.036766,1000
7625,0.000554993,0.554993,1000
7626,0.000916981,0.916981,1000
7627,0.000993186,0.993186,1000
7628,0.002990926,2.990926,1000
7629,0.001134926,1.134926,1000
7630,0.000616818,0.616818,1000
7631,0.000660606,0.660606,1000
7632,0.002529638,2.529638,1000
7633,0.001105829,1.105829,1000
7634,0.001042817,1.042817,1000
7635,0.001141219,1.141219,1000
7636,0.00300846,3.00846,1000
7637,0.031440761,31.440761,1000
7638,0.002208499,2.208499,1000
7639,0.001864708,1.864708,1000
7640,0.000859415,0.859415,1000
7641,0.00106371,1.06371,1000
7642,0.001114409,1.114409,1000
7643,0.003775837,3.775837,1000
7644,0.001637817,1.637817,1000
7645,0.001383865,1.383865,1000
7646,0.002445662,2.445662,1000
7647,0.001211062,1.211062,1000
7648,0.001133464,1.133464,1000
7649,0.00371943,3.71943,1000
7650,0.000657118,0.657118,1000
7651,0.00082805,0.82805,1000
7652,0.000785125,0.785125,1000
7653,0.00045788,0.45788,1000
7654,0.004836629,4.836629,1000
7655,0.001062519,1.062519,1000
7656,0.001068531,1.068531,1000
7657,0.013515723,13.515723,1000
7658,0.006390435,6.390435,1000
7659,0.000811748,0.811748,1000
7660,0.004365143,4.365143,1000
7661,0.008029072,8.029072,1000
7662,0.000993186,0.993186,1000
7663,0.002256285,2.256285,1000
7664,0.000849029,0.849029,1000
7665,0.001303288,1.303288,1000
7666,0.00084108,0.84108,1000
7667,0.000354341,0.354341,1000
7668,0.001011936,1.011936,1000
7669,0.000976226,0.976226,1000
7670,0.001202005,1.202005,1000
7671,0.000571476,0.571476,1000
7672,0.000673391,0.673391,1000
7673,0.001141219,1.141219,1000
7674,0.002157098,2.157098,1000
7675,0.008585405,8.585405,1000
7676,0.000794939,0.794939,1000
7677,0.009319519,9.319519,1000
7678,0.000942812,0.942812,1000
7679,0.001141959,1.141959,1000
7680,0.032818019,32.818019,1000
7681,0.000546174,0.546174,1000
7682,0.000353244,0.353244,1000
7683,0.001143068,1.143068,1000
7684,0.06457915,64.57915,1000
7685,0.001006227,1.006227,1000
7686,0.001042979,1.042979,1000
7687,0.001611942,1.611942,1000
7688,0.001176933,1.176933,1000
7689,0.06457915,64.57915,1000
7690,0.001208238,1.208238,1000
7691,0.001049646,1.049646,1000
7692,0.000874649,0.874649,1000
7693,0.001151,1.151,1000
7694,0.001546542,1.546542,1000
7695,0.00223557,2.23557,1000
7696,0.006797484,6.797484,1000
7697,0.001062502,1.062502,1000
7698,0.006765303,6.765303,1000
7699,0.002957065,2.957065,1000
7700,0.00031425,0.31425,1000
7701,0.00105785,1.05785,1000
7702,0.002018099,2.018099,1000
7703,0.000773893,0.773893,1000
7704,0.000960681,0.960681,1000
7705,0.001081154,1.081154,1000
7706,0.001463856,1.463856,1000
7707,0.001469133,1.469133,1000
7708,0.001632948,1.632948,1000
7709,0.001470898,1.470898,1000
7710,0.001679862,1.679862,1000
7711,0.001158949,1.158949,1000
7712,0.005393035,5.393035,1000
7713,0.001702229,1.702229,1000
7714,0.000774726,0.774726,1000
7715,0.001243194,1.243194,1000
7716,0.005975698,5.975698,1000
7717,0.000874324,0.874324,1000
7718,0.002705474,2.705474,1000
7719,0.001011936,1.011936,1000
7720,0.000783777,0.783777,1000
7721,0.001043045,1.043045,1000
7723,0.000937184,0.937184,1000
7724,0.001069193,1.069193,1000
7725,0.001376053,1.376053,1000
7726,0.000937243,0.937243,1000
7728,0.001224464,1.224464,1000
7729,0.002822887,2.822887,1000
7730,0.000686707,0.686707,1000
7731,0.001746026,1.746026,1000
7732,0.002211248,2.211248,1000
7733,0.002569457,2.569457,1000
7734,0.008074715,8.074715,1000
7735,0.000555208,0.555208,1000
7736,0.000625913,0.625913,1000
7737,0.000706741,0.706741,1000
7738,0.000776556,0.776556,1000
7739,0.000720178,0.720178,1000
7740,0.075334853,75.334853,1000
7741,0.003075199,3.075199,1000
7742,0.001042817,1.042817,1000
7743,0.0039927,3.9927,1000
7744,0.000256676,0.256676,1000
7745,0.000753689,0.753689,1000
7746,0.001022594,1.022594,1000
7747,0.0013029,1.3029,1000
7748,0.001042957,1.042957,1000
7749,0.00253097,2.53097,1000
7750,0.002827903,2.827903,1000
7751,0.000572134,0.572134,1000
7752,0.000675617,0.675617,1000
7753,0.000637582,0.637582,1000
7754,0.000935513,0.935513,1000
7755,0.00062361,0.62361,1000
7756,0.00104294,1.04294,1000
7757,0.000866053,0.866053,1000
7758,0.001376382,1.376382,1000
7759,0.000498609,0.498609,1000
7760,0.000935513,0.935513,1000
7761,0.000975149,0.975149,1000
7762,0.001062055,1.062055,1000
7763,0.000993124,0.993124,1000
7764,0.001042979,1.042979,1000
7765,0.000949003,0.949003,1000
7766,0.00097104,0.97104,1000
7767,0.001081154,1.081154,1000
7768,0.000883788,0.883788,1000
7769,0.000269303,0.269303,1000
7770,0.000793675,0.793675,1000
7771,0.000689581,0.689581,1000
7772,0.000718167,0.718167,1000
7773,0.001167918,1.167918,1000
7774,0.008593558,8.593558,1000
7775,0.001071066,1.071066,1000
7776,0.002865925,2.865925,1000
7777,0.002501503,2.501503,1000
7778,0.017731498,17.731498,1000
7779,0.00130287,1.30287,1000
7780,0.001019495,1.019495,1000
7781,0.001027088,1.027088,1000
7782,0.001287083,1.287083,1000
7783,0.001042472,1.042472,1000
7784,0.000379435,0.379435,1000
7785,0.0005752,0.5752,1000
7786,0.057754591,57.754591,1000
7787,0.001132148,1.132148,1000
7788,0.002020934,2.020934,1000
7789,0.001826577,1.826577,1000
7790,0.000846611,0.846611,1000
7791,0.001059412,1.059412,1000
7792,0.000825966,0.825966,1000
7793,0.001125662,1.125662,1000
7794,0.000795686,0.795686,1000
7795,0.000706813,0.706813,1000
7796,0.001071083,1.071083,1000
7797,0.00104294,1.04294,1000
7798,0.006945683,6.945683,1000
7799,0.005363697,5.363697,1000
7800,0.00532861,5.32861,1000
7801,0.000881745,0.881745,1000
7802,0.001071105,1.071105,1000
7803,0.040612071,40.612071,1000
7804,0.003316506,3.316506,1000
7805,0.000665057,0.665057,1000
7806,0.000924178,0.924178,1000
7807,0.000659394,0.659394,1000
7808,0.000822445,0.822445,1000
7809,0.000964548,0.964548,1000
7810,0.004249539,4.249539,1000
7811,0.000845534,0.845534,1000
7812,0.001042957,1.042957,1000
7813,0.000704722,0.704722,1000
7814,0.000780151,0.780151,1000
7815,0.001071066,1.071066,1000
7816,0.001081154,1.081154,1000
7817,0.001116044,1.116044,1000
7818,0.001090588,1.090588,1000
7819,0.021212632,21.212632,1000
7820,0.000977986,0.977986,1000
7821,0.002840458,2.840458,1000
7822,0.041158433,41.158433,1000
7823,0.000783777,0.783777,1000
7824,0.001042979,1.042979,1000
7825,0.008025216,8.025216,1000
7826,0.003687165,3.687165,1000
7827,0.001167094,1.167094,1000
7828,0.000666105,0.666105,1000
7829,0.001141952,1.141952,1000
7830,0.000858252,0.858252,1000
7831,0.000711067,0.711067,1000
7832,0.000942651,0.942651,1000
7833,0.003082875,3.082875,1000
7834,0.000993186,0.993186,1000
7835,0.001089977,1.089977,1000
7836,0.000993124,0.993124,1000
7837,0.001556509,1.556509,1000
7839,0.001141219,1.141219,1000
7840,0.000786263,0.786263,1000
7841,0.001062495,1.062495,1000
7842,0.001636809,1.636809,1000
7843,0.001520388,1.520388,1000
7844,0.000580912,0.580912,1000
7845,0.001325476,1.325476,1000
7846,0.001011874,1.011874,1000
7847,0.001011936,1.011936,1000
7848,0.001457808,1.457808,1000
7849,0.000539009,0.539009,1000
7850,0.001213614,1.213614,1000
7851,0.001152443,1.152443,1000
7852,0.000848894,0.848894,1000
7853,0.001042957,1.042957,1000
7854,0.000537448,0.537448,1000
7855,0.001042979,1.042979,1000
7856,0.024032625,24.032625,1000
7857,0.000580251,0.580251,1000
7858,0.000765221,0.765221,1000
7859,0.001375999,1.375999,1000
7860,0.000463742,0.463742,1000
7861,0.001408552,1.408552,1000
7862,0.001118636,1.118636,1000
7863,0.001629378,1.629378,1000
7864,0.001703666,1.703666,1000
7865,0.000846662,0.846662,1000
7866,0.001015484,1.015484,1000
7867,0.001656285,1.656285,1000
7868,0.0006692,0.6692,1000
7869,0.004414751,4.414751,1000
7870,0.000906282,0.906282,1000
7871,0.000787535,0.787535,1000
7872,0.001141962,1.141962,1000
7873,0.001467967,1.467967,1000
7874,0.001503172,1.503172,1000
7875,0.001062379,1.062379,1000
7876,0.001171504,1.171504,1000
7877,0.001405386,1.405386,1000
7878,0.001004339,1.004339,1000
7879,0.001145234,1.145234,1000
7881,0.000794699,0.794699,1000
7882,0.000744656,0.744656,1000
7883,0.000993186,0.993186,1000
7884,0.001188936,1.188936,1000
7885,0.001001105,1.001105,1000
7886,0.000877798,0.877798,1000
7887,0.000851496,0.851496,1000
7888,0.000859709,0.859709,1000
7889,0.000780276,0.780276,1000
7890,0.000776489,0.776489,1000
7891,0.000909679,0.909679,1000
7892,0.000860189,0.860189,1000
7893,0.000823905,0.823905,1000
7894,0.003698246,3.698246,1000
7895,0.000993186,0.993186,1000
7896,0.001323992,1.323992,1000
7897,0.001011258,1.011258,1000
7898,0.00073935,0.73935,1000
7899,0.001286193,1.286193,1000
7900,0.001505839,1.505839,1000
7901,0.000820881,0.820881,1000
7902,0.001484906,1.484906,1000
7903,0.004089256,4.089256,1000
7904,0.000842207,0.842207,1000
7905,0.000937286,0.937286,1000
7906,0.001745717,1.745717,1000
7907,0.001488279,1.488279,1000
7908,0.001042237,1.042237,1000
7909,0.001102097,1.102097,1000
7910,0.001014149,1.014149,1000
7911,0.001405687,1.405687,1000
7912,0.001609772,1.609772,1000
7913,0.001523753,1.523753,1000
7914,0.001249422,1.249422,1000
7915,0.001443609,1.443609,1000
7916,0.001722163,1.722163,1000
7917,0.001042288,1.042288,1000
7918,0.000656799,0.656799,1000
7919,0.001080643,1.080643,1000
7920,0.001613369,1.613369,1000
7921,0.006307754,6.307754,1000
7922,0.00050118,0.50118,1000
7923,0.001033941,1.033941,1000
7924,0.001061881,1.061881,1000
7925,0.097035313,97.035313,1000
7926,0.001426787,1.426787,1000
7927,0.001071083,1.071083,1000
7928,0.001042957,1.042957,1000
7929,0.000922241,0.922241,1000
7930,0.000769738,0.769738,1000
7931,0.00078378,0.78378,1000
7932,0.000502173,0.502173,1000
7933,0.000762943,0.762943,1000
7934,0.075869143,75.869143,1000
7935,0.040915246,40.915246,1000
7936,0.016693659,16.693659,1000
7937,0.001517401,1.517401,1000
7938,0.00320948,3.20948,1000
7939,0.000468734,0.468734,1000
7940,0.003997924,3.997924,1000
7941,0.075554928,75.554928,1000
7942,0.000991559,0.991559,1000
7943,0.006113579,6.113579,1000
7944,0.000932146,0.932146,1000
7945,0.000888259,0.888259,1000
7946,0.008264932,8.264932,1000
7947,0.001199128,1.199128,1000
7948,0.009444819,9.444819,1000
7949,0.038307859,38.307859,1000
7950,0.000633281,0.633281,1000
7951,0.000613029,0.613029,1000
7952,0.008246746,8.246746,1000
7953,0.000516386,0.516386,1000
7954,0.0011606,1.1606,1000
7955,0.001042817,1.042817,1000
7956,0.005725085,5.725085,1000
7957,0.000937371,0.937371,1000
7958,0.000629199,0.629199,1000
7959,0.00056546,0.56546,1000
7960,0.000864232,0.864232,1000
7961,0.001049652,1.049652,1000
7962,0.000573432,0.573432,1000
7963,0.000846808,0.846808,1000
7964,0.001042817,1.042817,1000
7965,0.002836212,2.836212,1000
7966,0.001146541,1.146541,1000
7967,0.00054483,0.54483,1000
7968,0.000817766,0.817766,1000
7969,0.00081594,0.81594,1000
7970,0.003263323,3.263323,1000
7971,0.121501889,121.501889,1000
7972,0.108460058,108.460058,1000
7973,0.000659059,0.659059,1000
7974,0.001523753,1.523753,1000
7975,0.001293491,1.293491,1000
7976,0.000706447,0.706447,1000
7977,0.000640279,0.640279,1000
7978,0.026654967,26.654967,1000
7979,0.006778998,6.778998,1000
7980,0.001115853,1.115853,1000
7981,0.000848845,0.848845,1000
7982,0.002564026,2.564026,1000
7983,0.001254525,1.254525,1000
7984,0.001244598,1.244598,1000
7985,0.001094716,1.094716,1000
7986,0.001030637,1.030637,1000
7987,0.001746026,1.746026,1000
7988,0.001594926,1.594926,1000
7989,0.000869928,0.869928,1000
7990,0.000993124,0.993124,1000
7991,0.001746026,1.746026,1000
7992,0.001085121,1.085121,1000
7993,0.001358657,1.358657,1000
7994,0.002641254,2.641254,1000
7995,0.001540886,1.540886,1000
7996,0.000790491,0.790491,1000
7997,0.029140313,29.140313,1000
7998,0.002750165,2.750165,1000
7999,0.007442484,7.442484,1000
8000,0.000706908,0.706908,1000
8001,0.000882304,0.882304,1000
8002,0.001694707,1.694707,1000
8003,0.000707636,0.707636,1000
8004,0.001523648,1.523648,1000
8005,0.000737206,0.737206,1000
8006,0.00164262,1.64262,1000
8007,0.000985797,0.985797,1000
8008,0.0015485,1.5485,1000
8009,0.001719202,1.719202,1000
8010,0.000996553,0.996553,1000
8011,0.00112596,1.12596,1000
8012,0.00104294,1.04294,1000
8013,0.002372496,2.372496,1000
8014,0.001004169,1.004169,1000
8015,0.002367109,2.367109,1000
8016,0.001042979,1.042979,1000
8017,0.001358983,1.358983,1000
8018,0.000993186,0.993186,1000
8019,0.001029247,1.029247,1000
8020,0.000993186,0.993186,1000
8021,0.000665225,0.665225,1000
8022,0.000605389,0.605389,1000
8023,0.00053455,0.53455,1000
8024,0.004396892,4.396892,1000
8025,0.004078748,4.078748,1000
8026,0.039728889,39.728889,1000
8027,0.000736613,0.736613,1000
8028,0.002471932,2.471932,1000
8029,0.002209378,2.209378,1000
8030,0.000946671,0.946671,1000
8031,0.000679916,0.679916,1000
8032,0.00244246,2.44246,1000
8033,0.000587094,0.587094,1000
8034,0.031853516,31.853516,1000
8035,0.001025029,1.025029,1000
8036,0.002661674,2.661674,1000
8037,0.00594114,5.94114,1000
8038,0.001104592,1.104592,1000
8039,0.000772061,0.772061,1000
8040,0.000840843,0.840843,1000
8041,0.000945319,0.945319,1000
8042,0.001296737,1.296737,1000
8043,0.000842803,0.842803,1000
8044,0.00121538,1.21538,1000
8045,0.000772218,0.772218,1000
8046,0.00074269,0.74269,1000
8047,0.000620633,0.620633,1000
8048,0.000993186,0.993186,1000
8049,0.000767027,0.767027,1000
8050,0.016039879,16.039879,1000
8051,0.001480218,1.480218,1000
8052,0.002675204,2.675204,1000
8053,0.041864707,41.864707,1000
8054,0.001613369,1.613369,1000
8055,0.001484882,1.484882,1000
8056,0.000898013,0.898013,1000
8057,0.076260572,76.260572,1000
8058,0.000689881,0.689881,1000
8059,0.00138222,1.38222,1000
8060,0.001263455,1.263455,1000
8061,0.004308725,4.308725,1000
8062,0.001613369,1.613369,1000
8063,0.001062569,1.062569,1000
8064,0.000734257,0.734257,1000
8065,0.000546208,0.546208,1000
8066,0.062249651,62.249651,1000
8067,0.001636811,1.636811,1000
8068,0.000897855,0.897855,1000
8069,0.001523648,1.523648,1000
8070,0.000866784,0.866784,1000
8071,0.002348862,2.348862,1000
8072,0.008346611,8.346611,1000
8073,0.001036574,1.036574,1000
8074,0.000786458,0.786458,1000
8075,0.00104468,1.04468,1000
8076,0.00114829,1.14829,1000
8077,0.001166137,1.166137,1000
8078,0.000848946,0.848946,1000
8079,0.001355232,1.355232,1000
8080,0.001056836,1.056836,1000
8081,0.015270493,15.270493,1000
8082,0.000969304,0.969304,1000
8083,0.001359785,1.359785,1000
8084,0.003858474,3.858474,1000
8085,0.000864309,0.864309,1000
8086,0.000861387,0.861387,1000
8087,0.005725418,5.725418,1000
8088,0.000703869,0.703869,1000
8089,0.001517536,1.517536,1000
8090,0.001078797,1.078797,1000
8091,0.002162218,2.162218,1000
8092,0.00093763,0.93763,1000
8093,0.000848368,0.848368,1000
8094,0.004382575,4.382575,1000
8095,0.001946803,1.946803,1000
8096,0.000867888,0.867888,1000
8097,0.001062502,1.062502,1000
8098,0.000800391,0.800391,1000
8099,0.000781292,0.781292,1000
8100,0.001062569,1.062569,1000
8101,0.00058008,0.58008,1000
8102,0.001708797,1.708797,1000
8103,0.001119979,1.119979,1000
8104,0.001024101,1.024101,1000
8105,0.001034061,1.034061,1000
8106,0.001505839,1.505839,1000
8107,0.00076433,0.76433,1000
8108,0.001349769,1.349769,1000
8109,0.000792484,0.792484,1000
8110,0.001092102,1.092102,1000
8111,0.000978118,0.978118,1000
8112,0.001406366,1.406366,1000
8113,0.001141219,1.141219,1000
8114,0.00103168,1.03168,1000
8115,0.007428747,7.428747,1000
8116,0.000691167,0.691167,1000
8117,0.001519731,1.519731,1000
8118,0.001042957,1.042957,1000
8119,0.000893348,0.893348,1000
8120,0.001042957,1.042957,1000
8121,0.000784538,0.784538,1000
8122,0.00150142,1.50142,1000
8123,0.00095184,0.95184,1000
8124,0.000965957,0.965957,1000
8125,0.042781236,42.781236,1000
8126,0.000861396,0.861396,1000
8127,0.001520309,1.520309,1000
8128,0.011489969,11.489969,1000
8129,0.000793329,0.793329,1000
8130,0.000537945,0.537945,1000
8131,0.000682778,0.682778,1000
8132,0.001825149,1.825149,1000
8133,0.003636737,3.636737,1000
8134,0.000898775,0.898775,1000
8135,0.000636194,0.636194,1000
8136,0.002661674,2.661674,1000
8137,0.001562466,1.562466,1000
8138,0.000752664,0.752664,1000
8139,0.000814245,0.814245,1000
8140,0.000355128,0.355128,1000
8141,0.001389695,1.389695,1000
8142,0.001294849,1.294849,1000
8143,0.001011874,1.011874,1000
8144,0.000729071,0.729071,1000
8145,0.001034275,1.034275,1000
8146,0.000814202,0.814202,1000
8147,0.000395964,0.395964,1000
8148,0.00126308,1.26308,1000
8149,0.00135752,1.35752,1000
8150,0.00135752,1.35752,1000
8151,0.00165269,1.65269,1000
8152,0.001147967,1.147967,1000
8153,0.000956262,0.956262,1000
8154,0.001221487,1.221487,1000
8155,0.001140855,1.140855,1000
8156,0.000663337,0.663337,1000
8157,0.005397912,5.397912,1000
8158,0.001794697,1.794697,1000
8159,0.000598507,0.598507,1000
8160,0.001221487,1.221487,1000
8161,0.00217324,2.17324,1000
8162,0.001011936,1.011936,1000
8163,0.001371099,1.371099,1000
8164,0.001143094,1.143094,1000
8165,0.001071066,1.071066,1000
8166,0.008345674,8.345674,1000
8167,0.000762807,0.762807,1000
8168,0.000898679,0.898679,1000
8169,0.00132145,1.32145,1000
8170,0.00063045,0.63045,1000
8171,0.00114796,1.14796,1000
8172,0.000839713,0.839713,1000
8173,0.000919079,0.919079,1000
8174,0.000864327,0.864327,1000
8175,0.00072596,0.72596,1000
8176,0.000845387,0.845387,1000
8177,0.000532011,0.532011,1000
8178,0.000780745,0.780745,1000
8179,0.000759611,0.759611,1000
8180,0.000812213,0.812213,1000
8181,0.001221487,1.221487,1000
8182,0.002176311,2.176311,1000
8183,0.001011936,1.011936,1000
8184,0.001053635,1.053635,1000
8185,0.001089416,1.089416,1000
8186,0.001065745,1.065745,1000
8187,0.000683444,0.683444,1000
8188,0.005172622,5.172622,1000
8189,0.000754722,0.754722,1000
8190,0.001365548,1.365548,1000
8191,0.000587368,0.587368,1000
8192,0.000613536,0.613536,1000
8193,0.027142653,27.142653,1000
8194,0.002291996,2.291996,1000
8195,0.00239509,2.39509,1000
8196,0.000757217,0.757217,1000
8197,0.001029247,1.029247,1000
8198,0.001632122,1.632122,1000
8199,0.00063444,0.63444,1000
8200,0.003318927,3.318927,1000
8201,0.000905193,0.905193,1000
8202,0.002438192,2.438192,1000
8203,0.00828306,8.28306,1000
8204,0.001696293,1.696293,1000
8205,0.001261107,1.261107,1000
8206,0.000641914,0.641914,1000
8207,0.000449532,0.449532,1000
8208,0.061702368,61.702368,1000
8209,0.002491714,2.491714,1000
8210,0.001483455,1.483455,1000
8211,0.008274063,8.274063,1000
8212,0.001129003,1.129003,1000
8213,0.000673239,0.673239,1000
8214,0.000905204,0.905204,1000
8215,0.001075604,1.075604,1000
8216,0.000871849,0.871849,1000
8217,0.001203396,1.203396,1000
8218,0.001060768,1.060768,1000
8219,0.016244461,16.244461,1000
8220,0.000713923,0.713923,1000
8221,0.000724654,0.724654,1000
8222,0.000914438,0.914438,1000
8223,0.000886333,0.886333,1000
8224,0.001153677,1.153677,1000
8225,0.000923955,0.923955,1000
8226,0.00064321,0.64321,1000
8227,0.00115367,1.15367,1000
8228,0.06457915,64.57915,1000
8229,0.000810795,0.810795,1000
8230,0.001042817,1.042817,1000
8231,0.000679871,0.679871,1000
8232,0.000892462,0.892462,1000
8233,0.001329561,1.329561,1000
8234,0.001181368,1.181368,1000
8235,0.000812403,0.812403,1000
8236,0.002220342,2.220342,1000
8237,0.001319406,1.319406,1000
8238,0.001483338,1.483338,1000
8239,0.001150728,1.150728,1000
8240,0.001199128,1.199128,1000
8241,0.001199128,1.199128,1000
8242,0.001011356,1.011356,1000
8243,0.000772579,0.772579,1000
8244,0.000732857,0.732857,1000
8245,0.001042957,1.042957,1000
8246,0.000935845,0.935845,1000
8247,0.00092723,0.92723,1000
8248,0.001432817,1.432817,1000
8249,0.00164262,1.64262,1000
8250,0.001659601,1.659601,1000
8251,0.00083693,0.83693,1000
8252,0.001006165,1.006165,1000
8253,0.001604209,1.604209,1000
8254,0.001097874,1.097874,1000
8255,0.01128042,11.28042,1000
8256,0.000977976,0.977976,1000
8257,0.000857142,0.857142,1000
8258,0.001191149,1.191149,1000
8259,0.000792006,0.792006,1000
8260,0.000937371,0.937371,1000
8261,0.00061853,0.61853,1000
8262,0.001134919,1.134919,1000
8263,0.001097456,1.097456,1000
8264,0.000880623,0.880623,1000
8265,0.026846866,26.846866,1000
8266,0.000925713,0.925713,1000
8267,0.000903105,0.903105,1000
8269,0.000681948,0.681948,1000
8270,0.003563735,3.563735,1000
8271,0.00076356,0.76356,1000
8272,0.033598669,33.598669,1000
8273,0.006270366,6.270366,1000
8274,0.00334367,3.34367,1000
8275,0.000837723,0.837723,1000
8276,0.000898853,0.898853,1000
8277,0.001182154,1.182154,1000
8278,0.004806728,4.806728,1000
8279,0.00098098,0.98098,1000
8280,0.024365725,24.365725,1000
8281,0.000836428,0.836428,1000
8282,0.001042957,1.042957,1000
8283,0.001317182,1.317182,1000
8284,0.000736013,0.736013,1000
8285,0.000871116,0.871116,1000
8286,0.001845053,1.845053,1000
8287,0.001042957,1.042957,1000
8288,0.006945543,6.945543,1000
8289,0.000662235,0.662235,1000
8290,0.000550424,0.550424,1000
8291,0.00968706,9.68706,1000
8292,0.00083111,0.83111,1000
8293,0.000780099,0.780099,1000
8294,0.000814768,0.814768,1000
8295,0.00051248,0.51248,1000
8296,0.000670829,0.670829,1000
8297,0.001152443,1.152443,1000
8298,0.00137604,1.37604,1000
8299,0.00119963,1.19963,1000
8300,0.000340717,0.340717,1000
8301,0.001181179,1.181179,1000
8302,0.001329314,1.329314,1000
8303,0.000748663,0.748663,1000
8304,0.001052962,1.052962,1000
8305,0.000741639,0.741639,1000
8306,0.001071083,1.071083,1000
8307,0.001826577,1.826577,1000
8308,0.000937396,0.937396,1000
8309,0.000655233,0.655233,1000
8310,0.001244655,1.244655,1000
8311,0.001334149,1.334149,1000
8312,0.001609087,1.609087,1000
8313,0.001510527,1.510527,1000
8314,0.001041469,1.041469,1000
8315,0.002065277,2.065277,1000
8316,0.001292847,1.292847,1000
8317,0.000402227,0.402227,1000
8318,0.000993186,0.993186,1000
8319,0.022637877,22.637877,1000
8320,0.000698189,0.698189,1000
8321,0.000929282,0.929282,1000
8322,0.001134919,1.134919,1000
8323,0.002869926,2.869926,1000
8324,0.002275986,2.275986,1000
8325,0.001696934,1.696934,1000
8326,0.00078378,0.78378,1000
8327,0.000738343,0.738343,1000
8328,0.000901263,0.901263,1000
8329,0.001081154,1.081154,1000
8330,0.002983507,2.983507,1000
8331,0.000947456,0.947456,1000
8332,0.001205559,1.205559,1000
8333,0.008335055,8.335055,1000
8334,0.000866809,0.866809,1000
8335,0.000740112,0.740112,1000
8336,0.001046561,1.046561,1000
8337,0.000992975,0.992975,1000
8338,0.000800762,0.800762,1000
8339,0.001046515,1.046515,1000
8340,0.000783777,0.783777,1000
8341,0.000628669,0.628669,1000
8342,0.000677389,0.677389,1000
8343,0.000663116,0.663116,1000
8344,0.000375478,0.375478,1000
8345,0.001064301,1.064301,1000
8346,0.001050877,1.050877,1000
8347,0.001290926,1.290926,1000
8348,0.000808483,0.808483,1000
8349,0.006750446,6.750446,1000
8350,0.000996173,0.996173,1000
8351,0.000606083,0.606083,1000
8352,0.000811843,0.811843,1000
8353,0.000764218,0.764218,1000
8354,0.00031162,0.31162,1000
8355,0.001593884,1.593884,1000
8356,0.000622676,0.622676,1000
8357,0.001746026,1.746026,1000
8358,0.000964089,0.964089,1000
8359,0.001483455,1.483455,1000
8360,0.001243356,1.243356,1000
8361,0.002824761,2.824761,1000
8362,0.00078378,0.78378,1000
8363,0.00101515,1.01515,1000
8364,0.000723069,0.723069,1000
8365,0.000631402,0.631402,1000
8366,0.001567799,1.567799,1000
8367,0.002421739,2.421739,1000
8368,0.00083943,0.83943,1000
8369,0.00419139,4.19139,1000
8370,0.004626767,4.626767,1000
8371,0.001288837,1.288837,1000
8372,0.000840218,0.840218,1000
8373,0.000568075,0.568075,1000
8374,0.004108653,4.108653,1000
8375,0.00104294,1.04294,1000
8376,0.001014315,1.014315,1000
8377,0.002023144,2.023144,1000
8378,0.097605101,97.605101,1000
8379,0.000919901,0.919901,1000
8380,0.000623911,0.623911,1000
8381,0.000756432,0.756432,1000
8382,0.000650112,0.650112,1000
8383,0.000553034,0.553034,1000
8384,0.00084756,0.84756,1000
8385,0.003948552,3.948552,1000
8386,0.021554958,21.554958,1000
8387,0.000655094,0.655094,1000
8388,0.001220797,1.220797,1000
8389,0.00138664,1.38664,1000
8390,0.001062379,1.062379,1000
8391,0.012743273,12.743273,1000
8392,0.000579639,0.579639,1000
8393,0.003170591,3.170591,1000
8394,0.000626866,0.626866,1000
8395,0.001527452,1.527452,1000
8397,0.000569432,0.569432,1000
8398,0.001210619,1.210619,1000
8399,0.001420069,1.420069,1000
8400,0.000890018,0.890018,1000
8401,0.001049551,1.049551,1000
8402,0.00173125,1.73125,1000
8403,0.009541818,9.541818,1000
8404,0.595283003,595.283003,1000
8405,0.067977993,67.977993,1000
8406,0.000844629,0.844629,1000
8407,0.000717157,0.717157,1000
8408,0.026580873,26.580873,1000
8409,0.055060814,55.060814,1000
8410,0.001312558,1.312558,1000
8411,0.001525181,1.525181,1000
8412,0.001288807,1.288807,1000
8413,0.000832028,0.832028,1000
8414,0.001840318,1.840318,1000
8415,0.026572368,26.572368,1000
8416,0.0007101,0.7101,1000
8417,0.00100217,1.00217,1000
8418,0.21293412,212.93412,1000
8419,0.001348377,1.348377,1000
8420,0.001042319,1.042319,1000
8421,0.000703978,0.703978,1000
8422,0.001032577,1.032577,1000
8423,0.01176655,11.76655,1000
8424,0.000674951,0.674951,1000
8425,0.000705445,0.705445,1000
8426,0.003530856,3.530856,1000
8427,0.00064213,0.64213,1000
8428,0.004946452,4.946452,1000
8429,0.001833468,1.833468,1000
8430,0.001583804,1.583804,1000
8431,0.000945779,0.945779,1000
8432,0.001151,1.151,1000
8433,0.000593292,0.593292,1000
8434,0.000743593,0.743593,1000
8435,0.001281859,1.281859,1000
8436,0.027678542,27.678542,1000
8437,0.000751618,0.751618,1000
8438,0.000993186,0.993186,1000
8439,0.009300968,9.300968,1000
8440,0.000536414,0.536414,1000
8441,0.000461416,0.461416,1000
8442,0.000985692,0.985692,1000
8443,0.005153622,5.153622,1000
8444,0.001218698,1.218698,1000
8445,0.001062519,1.062519,1000
8446,0.00474556,4.74556,1000
8447,0.000910446,0.910446,1000
8448,0.001147642,1.147642,1000
8449,0.000840533,0.840533,1000
8450,0.000486327,0.486327,1000
8451,0.000873495,0.873495,1000
8452,0.003706555,3.706555,1000
8453,0.000716321,0.716321,1000
8454,0.000565993,0.565993,1000
8455,0.001382615,1.382615,1000
8456,0.000745213,0.745213,1000
8457,0.002960761,2.960761,1000
8458,0.001017591,1.017591,1000
8459,0.00125679,1.25679,1000
8460,0.000707769,0.707769,1000
8461,0.000804158,0.804158,1000
8462,0.000679897,0.679897,1000
8463,0.000800738,0.800738,1000
8464,0.000993186,0.993186,1000
8465,0.001155124,1.155124,1000
8466,0.003290684,3.290684,1000
8467,0.004304308,4.304308,1000
8468,0.000743538,0.743538,1000
8469,0.000768794,0.768794,1000
8470,0.000666134,0.666134,1000
8471,0.000487527,0.487527,1000
8472,0.00069108,0.69108,1000
8473,0.002742889,2.742889,1000
8474,0.001169406,1.169406,1000
8475,0.000971449,0.971449,1000
8476,0.006363377,6.363377,1000
8477,0.021903438,21.903438,1000
8478,0.001805611,1.805611,1000
8479,0.004119845,4.119845,1000
8480,0.040742388,40.742388,1000
8481,0.000717696,0.717696,1000
8482,0.005231663,5.231663,1000
8483,0.000818331,0.818331,1000
8484,0.000878349,0.878349,1000
8485,0.059301089,59.301089,1000
8486,0.001800563,1.800563,1000
8487,0.001560411,1.560411,1000
8488,0.001525181,1.525181,1000
8489,0.000817556,0.817556,1000
8490,0.000846688,0.846688,1000
8491,0.000773492,0.773492,1000
8492,0.001147967,1.147967,1000
8493,0.010452522,10.452522,1000
8494,0.001302941,1.302941,1000
8495,0.000468397,0.468397,1000
8496,0.000668391,0.668391,1000
8497,0.001071105,1.071105,1000
8498,0.000718014,0.718014,1000
8499,0.129357348,129.357348,1000
8500,0.000629671,0.629671,1000
8501,0.001710837,1.710837,1000
8502,0.001826577,1.826577,1000
8503,0.00085778,0.85778,1000
8504,0.001288865,1.288865,1000
8505,0.000976972,0.976972,1000
8506,0.004284511,4.284511,1000
8507,0.00103168,1.03168,1000
8508,0.000868532,0.868532,1000
8509,0.000874935,0.874935,1000
8510,0.001016624,1.016624,1000
8511,0.001181339,1.181339,1000
8512,0.000778073,0.778073,1000
8513,0.001150967,1.150967,1000
8514,0.000779677,0.779677,1000
8515,0.000774882,0.774882,1000
8516,0.001143068,1.143068,1000
8517,0.001342256,1.342256,1000
8518,0.001648185,1.648185,1000
8519,0.006743813,6.743813,1000
8520,0.000263775,0.263775,1000
8521,0.002791514,2.791514,1000
8522,0.001805853,1.805853,1000
8523,0.000441168,0.441168,1000
8524,0.000929721,0.929721,1000
8525,0.001062502,1.062502,1000
8526,0.029461194,29.461194,1000
8527,0.003138422,3.138422,1000
8528,0.003085915,3.085915,1000
8529,0.00117199,1.17199,1000
8530,0.00099818,0.99818,1000
8531,0.01022344,10.22344,1000
8532,0.000908663,0.908663,1000
8533,0.001287169,1.287169,1000
8534,0.001749287,1.749287,1000
8535,0.000518282,0.518282,1000
8536,0.000809022,0.809022,1000
8537,0.001134926,1.134926,1000
8538,0.000994126,0.994126,1000
8539,0.008018252,8.018252,1000
8540,0.001116077,1.116077,1000
8541,0.001336247,1.336247,1000
8542,0.000713075,0.713075,1000
8543,0.001326441,1.326441,1000
8544,0.001612597,1.612597,1000
8545,0.001660795,1.660795,1000
8546,0.001042957,1.042957,1000
8547,0.001555514,1.555514,1000
8548,0.000634177,0.634177,1000
8549,0.000811663,0.811663,1000
8550,0.000289879,0.289879,1000
8551,0.000731011,0.731011,1000
8552,0.001062541,1.062541,1000
8553,0.000739786,0.739786,1000
8554,0.001642831,1.642831,1000
8555,0.000935506,0.935506,1000
8556,0.000767074,0.767074,1000
8557,0.000621052,0.621052,1000
8558,0.005191254,5.191254,1000
8559,0.007729305,7.729305,1000
8560,0.000819086,0.819086,1000
8561,0.042214432,42.214432,1000
8562,0.001152443,1.152443,1000
8563,0.000658299,0.658299,1000
8564,0.000678141,0.678141,1000
8565,0.001613775,1.613775,1000
8566,0.001143068,1.143068,1000
8567,0.001409894,1.409894,1000
8568,0.001042957,1.042957,1000
8569,0.003878443,3.878443,1000
8570,0.001062519,1.062519,1000
8571,0.000937243,0.937243,1000
8572,0.001510527,1.510527,1000
8573,0.001095191,1.095191,1000
8574,0.000410675,0.410675,1000
8575,0.000539227,0.539227,1000
8576,0.013830715,13.830715,1000
8577,0.000908983,0.908983,1000
8578,0.000825541,0.825541,1000
8579,0.002041982,2.041982,1000
8580,0.016129516,16.129516,1000
8581,0.000601129,0.601129,1000
8582,0.001307171,1.307171,1000
8583,0.000767941,0.767941,1000
8584,0.001480218,1.480218,1000
8585,0.000818966,0.818966,1000
8586,0.000726398,0.726398,1000
8587,0.002878974,2.878974,1000
8588,0.00104294,1.04294,1000
8589,0.00117127,1.17127,1000
8590,0.00078378,0.78378,1000
8591,0.000818834,0.818834,1000
8592,0.004011177,4.011177,1000
8593,0.001133255,1.133255,1000
8594,0.002652321,2.652321,1000
8595,0.00369919,3.69919,1000
8596,0.001081208,1.081208,1000
8597,0.028774241,28.774241,1000
8598,0.001504456,1.504456,1000
8599,0.001191256,1.191256,1000
8600,0.000866795,0.866795,1000
8601,0.00115367,1.15367,1000
8602,0.001369533,1.369533,1000
8603,0.000438217,0.438217,1000
8604,0.001236766,1.236766,1000
8605,0.000970674,0.970674,1000
8606,0.000925471,0.925471,1000
8607,0.000793562,0.793562,1000
8608,0.001519272,1.519272,1000
8609,0.000816964,0.816964,1000
8610,0.000784471,0.784471,1000
8611,0.000405072,0.405072,1000
8612,0.001978768,1.978768,1000
8613,0.005703648,5.703648,1000
8614,0.00089139,0.89139,1000
8615,0.001415138,1.415138,1000
8616,0.000782611,0.782611,1000
8617,0.001510527,1.510527,1000
8618,0.000831229,0.831229,1000
8619,0.017378549,17.378549,1000
8620,0.00106834,1.06834,1000
8621,0.001448297,1.448297,1000
8622,0.131255873,131.255873,1000
8623,0.001139001,1.139001,1000
8624,0.016752786,16.752786,1000
8625,0.000796243,0.796243,1000
8626,0.003249274,3.249274,1000
8627,0.001758587,1.758587,1000
8628,0.001281201,1.281201,1000
8629,0.000948737,0.948737,1000
8630,0.001159012,1.159012,1000
8631,0.00089285,0.89285,1000
8632,0.001504891,1.504891,1000
8633,0.006120517,6.120517,1000
8634,0.001569045,1.569045,1000
8635,0.00309552,3.09552,1000
8636,0.001389239,1.389239,1000
8637,0.000898724,0.898724,1000
8638,0.000758228,0.758228,1000
8639,0.000819719,0.819719,1000
8640,0.06675892,66.75892,1000
8641,0.002207987,2.207987,1000
8642,0.003010226,3.010226,1000
8643,0.000874363,0.874363,1000
8644,0.000659603,0.659603,1000
8645,0.00423028,4.23028,1000
8646,0.013110802,13.110802,1000
8647,0.001042957,1.042957,1000
8648,0.002544498,2.544498,1000
8649,0.001009164,1.009164,1000
8650,0.001623754,1.623754,1000
8651,0.000803376,0.803376,1000
8652,0.000983811,0.983811,1000
8653,0.001042979,1.042979,1000
8654,0.009249061,9.249061,1000
8655,0.001884601,1.884601,1000
8656,0.001746026,1.746026,1000
8657,0.000661356,0.661356,1000
8658,0.001212852,1.212852,1000
8659,0.000736768,0.736768,1000
8660,0.001097456,1.097456,1000
8661,0.000940621,0.940621,1000
8662,0.0009048,0.9048,1000
8663,0.000571967,0.571967,1000
8664,0.000922323,0.922323,1000
8665,0.00073851,0.73851,1000
8666,0.002327511,2.327511,1000
8667,0.001517752,1.517752,1000
8668,0.001025588,1.025588,1000
8669,0.000842481,0.842481,1000
8670,0.001099397,1.099397,1000
8671,0.013205699,13.205699,1000
8672,0.001062569,1.062569,1000
8673,0.000658791,0.658791,1000
8674,0.00137604,1.37604,1000
8675,0.001139001,1.139001,1000
8676,0.000783777,0.783777,1000
8677,0.00287471,2.87471,1000
8678,0.000795793,0.795793,1000
8679,0.001746026,1.746026,1000
8680,0.001158218,1.158218,1000
8681,0.001749287,1.749287,1000
8682,0.001749287,1.749287,1000
8683,0.012851385,12.851385,1000
8684,0.001026238,1.026238,1000
8685,0.000963771,0.963771,1000
8686,0.006036025,6.036025,1000
8687,0.000761115,0.761115,1000
8688,0.000952923,0.952923,1000
8689,0.000997942,0.997942,1000
8690,0.003374239,3.374239,1000
8691,0.001000918,1.000918,1000
8692,0.001009723,1.009723,1000
8693,0.001108244,1.108244,1000
8694,0.011852886,11.852886,1000
8695,0.000689759,0.689759,1000
8696,0.001324014,1.324014,1000
8697,0.0011832,1.1832,1000
8698,0.001826577,1.826577,1000
8699,0.001334072,1.334072,1000
8700,0.001116778,1.116778,1000
8701,0.002323238,2.323238,1000
8702,0.000634998,0.634998,1000
8703,0.001737287,1.737287,1000
8704,0.00118091,1.18091,1000
8705,0.003418217,3.418217,1000
8706,0.001732465,1.732465,1000
8707,0.000800022,0.800022,1000
8708,0.000720564,0.720564,1000
8709,0.00085823,0.85823,1000
8710,0.000826636,0.826636,1000
8711,0.006067219,6.067219,1000
8712,0.001071105,1.071105,1000
8713,0.000605784,0.605784,1000
8714,0.001117389,1.117389,1000
8715,0.001020643,1.020643,1000
8716,0.001763605,1.763605,1000
8717,0.000881483,0.881483,1000
8718,0.001143888,1.143888,1000
8719,0.001334072,1.334072,1000
8720,0.000832464,0.832464,1000
8721,0.000361828,0.361828,1000
8722,0.001096676,1.096676,1000
8723,0.003048943,3.048943,1000
8724,0.001656428,1.656428,1000
8725,0.002892289,2.892289,1000
8726,0.001000921,1.000921,1000
8727,0.001151,1.151,1000
8728,0.000722997,0.722997,1000
8729,0.000963874,0.963874,1000
8730,0.000659981,0.659981,1000
8731,0.001034449,1.034449,1000
8732,0.00121132,1.21132,1000
8733,0.000631528,0.631528,1000
8734,0.000908835,0.908835,1000
8735,0.001327025,1.327025,1000
8736,0.000891425,0.891425,1000
8737,0.001129135,1.129135,1000
8738,0.004249215,4.249215,1000
8739,0.001062541,1.062541,1000
8740,0.000750548,0.750548,1000
8741,0.001187848,1.187848,1000
8742,0.001017501,1.017501,1000
8743,0.001026823,1.026823,1000
8744,0.006779755,6.779755,1000
8745,0.001062198,1.062198,1000
8746,0.011597214,11.597214,1000
8747,0.001115267,1.115267,1000
8748,0.001321299,1.321299,1000
8749,0.000866541,0.866541,1000
8750,0.001043007,1.043007,1000
8751,0.000557801,0.557801,1000
8752,0.003810026,3.810026,1000
8753,0.001586793,1.586793,1000
8754,0.001523648,1.523648,1000
8755,0.001749287,1.749287,1000
8756,0.001310232,1.310232,1000
8757,0.001822092,1.822092,1000
8758,0.003053256,3.053256,1000
8759,0.001201499,1.201499,1000
8760,0.002867721,2.867721,1000
8761,0.000799372,0.799372,1000
8762,0.001385374,1.385374,1000
8763,0.001479029,1.479029,1000
8764,0.000549244,0.549244,1000
8765,0.019912265,19.912265,1000
8766,0.001263505,1.263505,1000
8767,0.011923548,11.923548,1000
8768,0.001623754,1.623754,1000
8769,0.000613716,0.613716,1000
8770,0.000844824,0.844824,1000
8771,0.000629778,0.629778,1000
8772,0.000889862,0.889862,1000
8773,0.004129612,4.129612,1000
8774,0.000719578,0.719578,1000
8775,0.001170905,1.170905,1000
8776,0.0006133,0.6133,1000
8777,0.000900408,0.900408,1000
8778,0.00064384,0.64384,1000
8779,0.001217345,1.217345,1000
8780,0.001081861,1.081861,1000
8781,0.005361956,5.361956,1000
8782,0.000701695,0.701695,1000
8783,0.001535822,1.535822,1000
8784,0.005032978,5.032978,1000
8785,0.001142578,1.142578,1000
8786,0.002828728,2.828728,1000
8787,0.001152632,1.152632,1000
8788,0.000993186,0.993186,1000
8789,0.00084879,0.84879,1000
8790,0.000659166,0.659166,1000
8791,0.00104294,1.04294,1000
8792,0.001238153,1.238153,1000
8793,0.000798175,0.798175,1000
8794,0.001198175,1.198175,1000
8795,0.000920529,0.920529,1000
8796,0.001370212,1.370212,1000
8797,0.001366454,1.366454,1000
8798,0.000785694,0.785694,1000
8799,0.001134919,1.134919,1000
8800,0.000769728,0.769728,1000
8801,0.004822653,4.822653,1000
8802,0.001824928,1.824928,1000
8803,0.001182799,1.182799,1000
8804,0.000570795,0.570795,1000
8805,0.000761487,0.761487,1000
8806,0.00090222,0.90222,1000
8807,0.001087368,1.087368,1000
8808,0.042178541,42.178541,1000
8809,0.000742802,0.742802,1000
8810,0.000288133,0.288133,1000
8811,0.001953643,1.953643,1000
8812,0.416869369,416.869369,1000
8813,0.000639594,0.639594,1000
8814,0.000795591,0.795591,1000
8815,0.000816006,0.816006,1000
8816,0.000585216,0.585216,1000
8817,0.008038493,8.038493,1000
8818,0.000845415,0.845415,1000
8819,0.001352624,1.352624,1000
8820,0.006372298,6.372298,1000
8821,0.001142654,1.142654,1000
8822,0.000848954,0.848954,1000
8823,0.004602634,4.602634,1000
8824,0.027097908,27.097908,1000
8825,0.121579197,121.579197,1000
8826,0.00114829,1.14829,1000
8827,0.064580577,64.580577,1000
8828,0.0029538,2.9538,1000
8829,0.00104294,1.04294,1000
8830,0.06457915,64.57915,1000
8831,0.000849522,0.849522,1000
8832,0.00112774,1.12774,1000
8833,0.001011874,1.011874,1000
8834,0.001161654,1.161654,1000
8835,0.038432561,38.432561,1000
8836,0.004823397,4.823397,1000
8837,0.016627672,16.627672,1000
8838,0.001702182,1.702182,1000
8839,0.001622263,1.622263,1000
8840,0.00067987,0.67987,1000
8841,0.021600396,21.600396,1000
8842,0.000496914,0.496914,1000
8843,0.001002367,1.002367,1000
8844,0.001520493,1.520493,1000
8845,0.000783777,0.783777,1000
8846,0.001520388,1.520388,1000
8847,0.008424333,8.424333,1000
8848,0.001155938,1.155938,1000
8849,0.002704047,2.704047,1000
8850,0.001420071,1.420071,1000
8851,0.004499205,4.499205,1000
8852,0.001147967,1.147967,1000
8853,0.000612247,0.612247,1000
8854,0.001385415,1.385415,1000
8855,0.001069114,1.069114,1000
8856,0.022714592,22.714592,1000
8857,0.001311024,1.311024,1000
8858,0.000910384,0.910384,1000
8859,0.008119431,8.119431,1000
8860,0.000901916,0.901916,1000
8861,0.00320454,3.20454,1000
8862,0.000699204,0.699204,1000
8863,0.000827297,0.827297,1000
8864,0.000844249,0.844249,1000
8865,0.011139407,11.139407,1000
8866,0.007156368,7.156368,1000
8867,0.000624666,0.624666,1000
8868,0.003116099,3.116099,1000
8869,0.001512342,1.512342,1000
8870,0.0004952,0.4952,1000
8871,0.000993124,0.993124,1000
8872,0.001081154,1.081154,1000
8873,0.000813165,0.813165,1000
8874,0.000885902,0.885902,1000
8875,0.00104294,1.04294,1000
8876,0.00089445,0.89445,1000
8877,0.001506805,1.506805,1000
8878,0.000794795,0.794795,1000
8880,0.000575442,0.575442,1000
8881,0.001137306,1.137306,1000
8882,0.000825966,0.825966,1000
8883,0.001143068,1.143068,1000
8884,0.001150691,1.150691,1000
8885,0.004022046,4.022046,1000
8886,0.001108175,1.108175,1000
8887,0.001255794,1.255794,1000
8888,0.000717174,0.717174,1000
8889,0.001042979,1.042979,1000
8890,0.00090369,0.90369,1000
8891,0.002754331,2.754331,1000
8892,0.000937371,0.937371,1000
8893,0.000667641,0.667641,1000
8894,0.001394715,1.394715,1000
8895,0.001593884,1.593884,1000
8896,0.002334395,2.334395,1000
8897,0.001666066,1.666066,1000
8898,0.000848969,0.848969,1000
8899,0.001266132,1.266132,1000
8900,0.001144208,1.144208,1000
8901,0.004116582,4.116582,1000
8902,0.0015091,1.5091,1000
8903,0.001359462,1.359462,1000
8904,0.000964503,0.964503,1000
8905,0.001860775,1.860775,1000
8906,0.000960681,0.960681,1000
8907,0.001062519,1.062519,1000
8908,0.001097534,1.097534,1000
8909,0.001008694,1.008694,1000
8910,0.006779778,6.779778,1000
8911,0.000653167,0.653167,1000
8912,0.001360239,1.360239,1000
8913,0.002320035,2.320035,1000
8914,0.001059412,1.059412,1000
8915,0.00081312,0.81312,1000
8916,0.00440115,4.40115,1000
8917,0.001097456,1.097456,1000
8918,0.000717662,0.717662,1000
8919,0.0007726,0.7726,1000
8920,0.0015402,1.5402,1000
8921,0.001142897,1.142897,1000
8922,0.000868578,0.868578,1000
8923,0.000638886,0.638886,1000
8924,0.071132811,71.132811,1000
8925,0.001152711,1.152711,1000
8926,0.000795545,0.795545,1000
8927,0.000849029,0.849029,1000
8928,0.000897085,0.897085,1000
8929,0.00078378,0.78378,1000
8930,0.000867691,0.867691,1000
8931,0.000924807,0.924807,1000
8932,0.001042957,1.042957,1000
8933,0.000900815,0.900815,1000
8934,0.00104294,1.04294,1000
8935,0.000869945,0.869945,1000
8936,0.000683352,0.683352,1000
8937,0.019762934,19.762934,1000
8938,0.000783777,0.783777,1000
8939,0.001134926,1.134926,1000
8940,0.002161291,2.161291,1000
8941,0.001517835,1.517835,1000
8942,0.000916163,0.916163,1000
8943,0.001042957,1.042957,1000
8944,0.000985778,0.985778,1000
8945,0.001062541,1.062541,1000
8946,0.001157651,1.157651,1000
8947,0.005576249,5.576249,1000
8948,0.000783777,0.783777,1000
8949,0.001042979,1.042979,1000
8950,0.000841404,0.841404,1000
8951,0.00081312,0.81312,1000
8952,0.001901202,1.901202,1000
8953,0.002475714,2.475714,1000
8954,0.000980353,0.980353,1000
8955,0.015930676,15.930676,1000
8956,0.000847238,0.847238,1000
8957,0.000672341,0.672341,1000
8958,0.001147967,1.147967,1000
8959,0.001171504,1.171504,1000
8960,0.000859559,0.859559,1000
8961,0.001584697,1.584697,1000
8962,0.000830558,0.830558,1000
8963,0.00293593,2.93593,1000
8964,0.00075059,0.75059,1000
8965,0.000995922,0.995922,1000
8966,0.00104425,1.04425,1000
8967,0.001062569,1.062569,1000
8968,0.001049843,1.049843,1000
8969,0.001086112,1.086112,1000
8970,0.000814517,0.814517,1000
8971,0.00103168,1.03168,1000
8972,0.003910328,3.910328,1000
8973,0.001041789,1.041789,1000
8974,0.0009133,0.9133,1000
8975,0.001001009,1.001009,1000
8976,0.000936024,0.936024,1000
8977,0.000756632,0.756632,1000
8978,0.006397314,6.397314,1000
8979,0.000874527,0.874527,1000
8980,0.000783777,0.783777,1000
8981,0.000626284,0.626284,1000
8982,0.000675381,0.675381,1000
8983,0.005568176,5.568176,1000
8984,0.000743468,0.743468,1000
8985,0.000643587,0.643587,1000
8986,0.001402239,1.402239,1000
8987,0.001175676,1.175676,1000
8988,0.056603445,56.603445,1000
8989,0.000993186,0.993186,1000
8990,0.000980662,0.980662,1000
8991,0.001440285,1.440285,1000
8992,0.000993124,0.993124,1000
8993,0.003172402,3.172402,1000
8994,0.001009127,1.009127,1000
8995,0.000849033,0.849033,1000
8996,0.002901824,2.901824,1000
8997,0.015999551,15.999551,1000
8998,0.001525076,1.525076,1000
8999,0.00104294,1.04294,1000
9000,0.001142592,1.142592,1000
9001,0.001609087,1.609087,1000
9002,0.000689881,0.689881,1000
9003,0.001609087,1.609087,1000
9004,0.002666164,2.666164,1000
9005,0.001417508,1.417508,1000
9006,0.001097456,1.097456,1000
9007,0.000628726,0.628726,1000
9008,0.000970743,0.970743,1000
9009,0.040597874,40.597874,1000
9010,0.000899963,0.899963,1000
9011,0.001132816,1.132816,1000
9012,0.001042596,1.042596,1000
9013,0.000659373,0.659373,1000
9014,0.000885938,0.885938,1000
9015,0.003835704,3.835704,1000
9016,0.001244905,1.244905,1000
9017,0.000546681,0.546681,1000
9018,0.001256033,1.256033,1000
9019,0.00114796,1.14796,1000
9020,0.000387576,0.387576,1000
9021,0.000884605,0.884605,1000
9022,0.001062541,1.062541,1000
9023,0.003016238,3.016238,1000
9024,0.001081154,1.081154,1000
9025,0.001062519,1.062519,1000
9026,0.000863211,0.863211,1000
9027,0.00078888,0.78888,1000
9028,0.000408255,0.408255,1000
9029,0.001342837,1.342837,1000
9030,0.00099819,0.99819,1000
9031,0.00089228,0.89228,1000
9032,0.000819683,0.819683,1000
9033,0.001177654,1.177654,1000
9034,0.000816185,0.816185,1000
9035,0.001149575,1.149575,1000
9036,0.008159435,8.159435,1000
9037,0.001609087,1.609087,1000
9038,0.001268175,1.268175,1000
9039,0.001144711,1.144711,1000
9040,0.00078378,0.78378,1000
9041,0.000823218,0.823218,1000
9042,0.001772716,1.772716,1000
9043,0.000995922,0.995922,1000
9044,0.001000744,1.000744,1000
9045,0.001595054,1.595054,1000
9046,0.000858252,0.858252,1000
9047,0.000854079,0.854079,1000
9048,0.00146695,1.46695,1000
9049,0.001054906,1.054906,1000
9050,0.097383355,97.383355,1000
9051,0.008189647,8.189647,1000
9052,0.003021708,3.021708,1000
9053,0.001090434,1.090434,1000
9054,0.000507684,0.507684,1000
9055,0.000776109,0.776109,1000
9056,0.001255912,1.255912,1000
9057,0.001629313,1.629313,1000
9058,0.029360282,29.360282,1000
9059,0.001292626,1.292626,1000
9060,0.00082324,0.82324,1000
9061,0.000837181,0.837181,1000
9062,0.009633742,9.633742,1000
9063,0.001020335,1.020335,1000
9064,0.000803258,0.803258,1000
9065,0.004650488,4.650488,1000
9066,0.041382795,41.382795,1000
9067,0.000768755,0.768755,1000
9068,0.010183755,10.183755,1000
9069,0.018219473,18.219473,1000
9070,0.001115853,1.115853,1000
9071,0.000966911,0.966911,1000
9072,0.000948986,0.948986,1000
9073,0.000858413,0.858413,1000
9074,0.00159962,1.59962,1000
9075,0.002474034,2.474034,1000
9076,0.000828508,0.828508,1000
9077,0.003785005,3.785005,1000
9078,0.000617165,0.617165,1000
9079,0.006215632,6.215632,1000
9080,0.003892238,3.892238,1000
9081,0.001144251,1.144251,1000
9082,0.000308508,0.308508,1000
9083,0.001529337,1.529337,1000
9084,0.002093292,2.093292,1000
9085,0.000798259,0.798259,1000
9086,0.000798259,0.798259,1000
9087,0.000798259,0.798259,1000
9088,0.000798259,0.798259,1000
9089,0.000798259,0.798259,1000
9090,0.000798259,0.798259,1000
9091,0.000798259,0.798259,1000
9092,0.000793292,0.793292,1000
9093,0.00249485,2.49485,1000
9094,0.000798259,0.798259,1000
9095,0.000798259,0.798259,1000
9096,0.000798259,0.798259,1000
9097,0.000811275,0.811275,1000
9098,0.000798259,0.798259,1000
9099,0.000798259,0.798259,1000
9100,0.001037051,1.037051,1000
9101,0.001535991,1.535991,1000
9102,0.003369768,3.369768,1000
9103,0.002745051,2.745051,1000
9104,0.005206254,5.206254,1000
9105,0.003609233,3.609233,1000
9106,0.015991263,15.991263,1000
9107,0.000676532,0.676532,1000
9108,0.00293849,2.93849,1000
9109,0.03770838,37.70838,1000
9110,0.000904541,0.904541,1000
9111,0.002282724,2.282724,1000
9112,0.00106497,1.06497,1000
9113,0.00112068,1.12068,1000
9114,0.0005883,0.5883,1000
9115,0.009097377,9.097377,1000
9116,0.001108362,1.108362,1000
9117,0.005490882,5.490882,1000
9118,0.004536723,4.536723,1000
9119,0.000646332,0.646332,1000
9120,0.004254171,4.254171,1000
9121,0.001542387,1.542387,1000
9122,0.006684969,6.684969,1000
9123,0.00153141,1.53141,1000
9124,0.005004957,5.004957,1000
9125,0.004182078,4.182078,1000
9126,0.00093015,0.93015,1000
9127,0.032185269,32.185269,1000
9128,0.000980243,0.980243,1000
9129,0.000744726,0.744726,1000
9130,0.003448246,3.448246,1000
9131,0.00101079,1.01079,1000
9132,0.000981702,0.981702,1000
9133,0.001097456,1.097456,1000
9134,0.000900176,0.900176,1000
9135,0.001609087,1.609087,1000
9136,0.003203904,3.203904,1000
9137,0.000923427,0.923427,1000
9138,0.002490051,2.490051,1000
9139,0.001229393,1.229393,1000
9140,0.0006662,0.6662,1000
9141,0.000820388,0.820388,1000
9142,0.001147967,1.147967,1000
9143,0.000993816,0.993816,1000
9144,0.001054906,1.054906,1000
9145,0.000753181,0.753181,1000
9146,0.00053439,0.53439,1000
9147,0.000700873,0.700873,1000
9148,0.000783545,0.783545,1000
9149,0.035772381,35.772381,1000
9150,0.000363449,0.363449,1000
9151,0.003704302,3.704302,1000
9152,0.006843051,6.843051,1000
9153,0.000956262,0.956262,1000
9154,0.000618302,0.618302,1000
9155,0.001015484,1.015484,1000
9156,0.00068787,0.68787,1000
9157,0.000423509,0.423509,1000
9158,0.001319304,1.319304,1000
9159,0.000783777,0.783777,1000
9161,0.000739765,0.739765,1000
9162,0.000948554,0.948554,1000
9163,0.001134919,1.134919,1000
9164,0.000786783,0.786783,1000
9166,0.004955153,4.955153,1000
9167,0.00059792,0.59792,1000
9168,0.000781633,0.781633,1000
9169,0.025210435,25.210435,1000
9170,0.001029247,1.029247,1000
9171,0.000744126,0.744126,1000
9172,0.000449115,0.449115,1000
9173,0.001059412,1.059412,1000
9174,0.009286481,9.286481,1000
9175,0.001218698,1.218698,1000
9176,0.000872475,0.872475,1000
9177,0.00160466,1.60466,1000
9178,0.000971794,0.971794,1000
9179,0.000768411,0.768411,1000
9180,0.000902656,0.902656,1000
9181,0.001006165,1.006165,1000
9182,0.000964089,0.964089,1000
9183,0.003706376,3.706376,1000
9184,0.007046046,7.046046,1000
9185,0.001000921,1.000921,1000
9186,0.001097765,1.097765,1000
9187,0.017378864,17.378864,1000
9188,0.001749287,1.749287,1000
9189,0.000845123,0.845123,1000
9190,0.000857376,0.857376,1000
9191,0.001749287,1.749287,1000
9192,0.004440067,4.440067,1000
9193,0.064291101,64.291101,1000
9194,0.001633535,1.633535,1000
9195,0.001115886,1.115886,1000
9196,0.00086365,0.86365,1000
9197,0.001153267,1.153267,1000
9198,0.001480195,1.480195,1000
9199,0.001509918,1.509918,1000
9200,0.000790346,0.790346,1000
9201,0.000876639,0.876639,1000
9202,0.001078344,1.078344,1000
9203,0.000980563,0.980563,1000
9204,0.000760391,0.760391,1000
9205,0.001746026,1.746026,1000
9206,0.001656285,1.656285,1000
9207,0.000812963,0.812963,1000
9208,0.000914088,0.914088,1000
9209,0.001072613,1.072613,1000
9210,0.002948655,2.948655,1000
9211,0.000829875,0.829875,1000
9212,0.001323321,1.323321,1000
9213,0.000986687,0.986687,1000
9214,0.000688905,0.688905,1000
9215,0.008737403,8.737403,1000
9216,0.000845088,0.845088,1000
9217,0.000900081,0.900081,1000
9218,0.010984346,10.984346,1000
9219,0.000536172,0.536172,1000
9220,0.002154202,2.154202,1000
9221,0.000822984,0.822984,1000
9222,0.000806202,0.806202,1000
9223,0.000762067,0.762067,1000
9224,0.003757939,3.757939,1000
9225,0.00103168,1.03168,1000
9226,0.000497048,0.497048,1000
9227,0.001331713,1.331713,1000
9228,0.001327025,1.327025,1000
9229,0.000862729,0.862729,1000
9230,0.000989093,0.989093,1000
9231,0.000975562,0.975562,1000
9232,0.00078378,0.78378,1000
9234,0.000884725,0.884725,1000
9235,0.007645012,7.645012,1000
9236,0.000815647,0.815647,1000
9237,0.017544976,17.544976,1000
9238,0.00098284,0.98284,1000
9239,0.004309957,4.309957,1000
9240,0.000806949,0.806949,1000
9241,0.000593585,0.593585,1000
9242,0.000872817,0.872817,1000
9243,0.000593101,0.593101,1000
9244,0.010786436,10.786436,1000
9245,0.004152997,4.152997,1000
9246,0.001266033,1.266033,1000
9247,0.001687941,1.687941,1000
9248,0.00104294,1.04294,1000
9249,0.003036498,3.036498,1000
9250,0.000922113,0.922113,1000
9251,0.001361035,1.361035,1000
9252,0.027395247,27.395247,1000
9253,0.001913041,1.913041,1000
9254,0.000996443,0.996443,1000
9255,0.001468228,1.468228,1000
9256,0.000845809,0.845809,1000
9257,0.000746918,0.746918,1000
9258,0.000824578,0.824578,1000
9259,0.00189448,1.89448,1000
9260,0.00068846,0.68846,1000
9261,0.002807387,2.807387,1000
9262,0.001010613,1.010613,1000
9263,0.022900407,22.900407,1000
9264,0.006650945,6.650945,1000
9265,0.000758896,0.758896,1000
9266,0.000736855,0.736855,1000
9267,0.001139492,1.139492,1000
9268,0.000654697,0.654697,1000
9269,0.131255873,131.255873,1000
9270,0.000695259,0.695259,1000
9271,0.00110964,1.10964,1000
9272,0.001498057,1.498057,1000
9273,0.000929721,0.929721,1000
9274,0.004636542,4.636542,1000
9275,0.000832248,0.832248,1000
9276,0.000894466,0.894466,1000
9277,0.001117222,1.117222,1000
9278,0.001133556,1.133556,1000
9279,0.001244948,1.244948,1000
9280,0.001508384,1.508384,1000
9281,0.00132439,1.32439,1000
9282,0.00101558,1.01558,1000
9283,0.002352217,2.352217,1000
9284,0.001042979,1.042979,1000
9285,0.001019478,1.019478,1000
9286,0.001042817,1.042817,1000
9287,0.000334515,0.334515,1000
9288,0.00082805,0.82805,1000
9289,0.001062502,1.062502,1000
9290,0.001042979,1.042979,1000
9291,0.00079311,0.79311,1000
9292,0.026584861,26.584861,1000
9293,0.001196033,1.196033,1000
9294,0.001376094,1.376094,1000
9295,0.001159882,1.159882,1000
9296,0.001652849,1.652849,1000
9297,0.00228152,2.28152,1000
9298,0.002535145,2.535145,1000
9299,0.001505839,1.505839,1000
9300,0.001042957,1.042957,1000
9301,0.011785563,11.785563,1000
9302,0.004658931,4.658931,1000
9303,0.000792351,0.792351,1000
9304,0.000893739,0.893739,1000
9305,0.000884954,0.884954,1000
9306,0.000340219,0.340219,1000
9307,0.00062033,0.62033,1000
9308,0.000897722,0.897722,1000
9309,0.001749287,1.749287,1000
9310,0.001749287,1.749287,1000
9311,0.001749287,1.749287,1000
9312,0.000740024,0.740024,1000
9313,0.001215205,1.215205,1000
9314,0.000749168,0.749168,1000
9315,0.001178434,1.178434,1000
9316,0.000920671,0.920671,1000
9317,0.001267365,1.267365,1000
9318,0.000735325,0.735325,1000
9319,0.000888185,0.888185,1000
9320,0.00082779,0.82779,1000
9321,0.000822255,0.822255,1000
9322,0.000803264,0.803264,1000
9323,0.000749489,0.749489,1000
9324,0.00073112,0.73112,1000
9325,0.000845824,0.845824,1000
9326,0.0006901,0.6901,1000
9327,0.001201131,1.201131,1000
9328,0.001038242,1.038242,1000
9329,0.000579479,0.579479,1000
9330,0.003709637,3.709637,1000
9331,0.001120041,1.120041,1000
9332,0.001620833,1.620833,1000
9333,0.000993186,0.993186,1000
9334,0.001343542,1.343542,1000
9335,0.001397067,1.397067,1000
9336,0.064533222,64.533222,1000
9337,0.000987422,0.987422,1000
9338,0.000982175,0.982175,1000
9339,0.001042957,1.042957,1000
9340,0.000937184,0.937184,1000
9341,0.000824347,0.824347,1000
9342,0.004042494,4.042494,1000
9343,0.00514715,5.14715,1000
9344,0.001799054,1.799054,1000
9345,0.001520625,1.520625,1000
9346,0.001761834,1.761834,1000
9347,0.00064247,0.64247,1000
9348,0.002977247,2.977247,1000
9349,0.000826644,0.826644,1000
9350,0.001588691,1.588691,1000
9351,0.003070068,3.070068,1000
9352,0.000843952,0.843952,1000
9353,0.000458455,0.458455,1000
9354,0.000976972,0.976972,1000
9355,0.001141219,1.141219,1000
9356,0.00078378,0.78378,1000
9357,0.000920267,0.920267,1000
9358,0.000267465,0.267465,1000
9359,0.00155799,1.55799,1000
9360,0.004011743,4.011743,1000
9361,0.000989556,0.989556,1000
9362,0.00098284,0.98284,1000
9363,0.00092356,0.92356,1000
9364,0.000961126,0.961126,1000
9365,0.004575774,4.575774,1000
9366,0.000711823,0.711823,1000
9367,0.000683106,0.683106,1000
9368,0.001276001,1.276001,1000
9369,0.000855611,0.855611,1000
9370,0.001370151,1.370151,1000
9371,0.00312572,3.12572,1000
9372,0.001001786,1.001786,1000
9373,0.000583738,0.583738,1000
9374,0.001224407,1.224407,1000
9375,0.001031048,1.031048,1000
9376,0.000734232,0.734232,1000
9377,0.001011936,1.011936,1000
9378,0.000629442,0.629442,1000
9379,0.001042957,1.042957,1000
9380,0.001200989,1.200989,1000
9381,0.002121828,2.121828,1000
9382,0.000573626,0.573626,1000
9383,0.000324255,0.324255,1000
9384,0.000866827,0.866827,1000
9385,0.000805599,0.805599,1000
9386,0.00370494,3.70494,1000
9387,0.001105216,1.105216,1000
9388,0.025902666,25.902666,1000
9389,0.000881954,0.881954,1000
9390,0.001658446,1.658446,1000
9391,0.000927585,0.927585,1000
9392,0.001448074,1.448074,1000
9393,0.000714465,0.714465,1000
9394,0.000761982,0.761982,1000
9395,0.000663297,0.663297,1000
9396,0.000564099,0.564099,1000
9397,0.001556699,1.556699,1000
9398,0.001004733,1.004733,1000
9399,0.001254894,1.254894,1000
9400,0.001755072,1.755072,1000
9401,0.016211733,16.211733,1000
9402,0.001242999,1.242999,1000
9403,0.000743957,0.743957,1000
9404,0.000719096,0.719096,1000
9405,0.000797907,0.797907,1000
9406,0.00103168,1.03168,1000
9407,0.000743704,0.743704,1000
9409,0.001600968,1.600968,1000
9410,0.006719287,6.719287,1000
9411,0.000703978,0.703978,1000
9412,0.002478491,2.478491,1000
9413,0.000299492,0.299492,1000
9414,0.003026487,3.026487,1000
9415,0.001134926,1.134926,1000
9416,0.008436335,8.436335,1000
9417,0.001042957,1.042957,1000
9418,0.003648285,3.648285,1000
9419,0.001190355,1.190355,1000
9420,0.003914414,3.914414,1000
9421,0.002475684,2.475684,1000
9422,0.164540732,164.540732,1000
9423,0.001322564,1.322564,1000
9424,0.001072813,1.072813,1000
9425,0.000856264,0.856264,1000
9426,0.001084354,1.084354,1000
9427,0.000759723,0.759723,1000
9428,0.000696446,0.696446,1000
9429,0.000680917,0.680917,1000
9430,0.000858927,0.858927,1000
9431,0.000684542,0.684542,1000
9432,0.001465321,1.465321,1000
9433,0.000700236,0.700236,1000
9434,0.000618469,0.618469,1000
9435,0.000937184,0.937184,1000
9436,0.001043007,1.043007,1000
9437,0.000905579,0.905579,1000
9438,0.001143068,1.143068,1000
9440,0.001531771,1.531771,1000
9441,0.000637322,0.637322,1000
9442,0.000937243,0.937243,1000
9443,0.001015719,1.015719,1000
9444,0.000963771,0.963771,1000
9445,0.000324353,0.324353,1000
9446,0.00138256,1.38256,1000
9447,0.0005405,0.5405,1000
9448,0.000708755,0.708755,1000
9449,0.001108077,1.108077,1000
9450,0.00105043,1.05043,1000
9451,0.000687844,0.687844,1000
9452,0.000487327,0.487327,1000
9453,0.003519655,3.519655,1000
9454,0.000864313,0.864313,1000
9455,0.003823697,3.823697,1000
9456,0.00129342,1.29342,1000
9457,0.001139483,1.139483,1000
9458,0.001044129,1.044129,1000
9459,0.000780306,0.780306,1000
9460,0.005906912,5.906912,1000
9461,0.001955393,1.955393,1000
9462,0.00114829,1.14829,1000
9463,0.00271159,2.71159,1000
9464,0.008386857,8.386857,1000
9465,0.000610343,0.610343,1000
9466,0.044550282,44.550282,1000
9467,0.001206624,1.206624,1000
9468,0.00075882,0.75882,1000
9469,0.001742038,1.742038,1000
9470,0.002115338,2.115338,1000
9471,0.001748258,1.748258,1000
9472,0.001448297,1.448297,1000
9473,0.001525076,1.525076,1000
9474,0.001363673,1.363673,1000
9476,0.001293027,1.293027,1000
9477,0.000849015,0.849015,1000
9478,0.00103168,1.03168,1000
9479,0.000474165,0.474165,1000
9480,0.00103168,1.03168,1000
9481,0.001208909,1.208909,1000
9482,0.003166445,3.166445,1000
9483,0.000979319,0.979319,1000
9484,0.001232188,1.232188,1000
9485,0.158544777,158.544777,1000
9486,0.059986277,59.986277,1000
9487,0.035096371,35.096371,1000
9488,0.000655344,0.655344,1000
9489,0.00121311,1.21311,1000
9490,0.002901637,2.901637,1000
9491,0.001432543,1.432543,1000
9492,0.001058751,1.058751,1000
9493,0.00103168,1.03168,1000
9494,0.001097456,1.097456,1000
9495,0.001425888,1.425888,1000
9496,0.001227131,1.227131,1000
9497,0.001044721,1.044721,1000
9498,0.00087608,0.87608,1000
9499,0.001092017,1.092017,1000
9500,0.001870146,1.870146,1000
9501,0.027668226,27.668226,1000
9502,0.000724428,0.724428,1000
9503,0.002720961,2.720961,1000
9504,0.057173579,57.173579,1000
9505,0.000772707,0.772707,1000
9506,0.000882344,0.882344,1000
9507,0.000861396,0.861396,1000
9508,0.000676719,0.676719,1000
9509,0.001006227,1.006227,1000
9510,0.001006227,1.006227,1000
9511,0.000861396,0.861396,1000
9512,0.000570974,0.570974,1000
9513,0.000865886,0.865886,1000
9514,0.000993186,0.993186,1000
9515,0.00072135,0.72135,1000
9516,0.000899415,0.899415,1000
9517,0.003052107,3.052107,1000
9518,0.001089181,1.089181,1000
9519,0.001151,1.151,1000
9520,0.001317245,1.317245,1000
9521,0.000665576,0.665576,1000
9522,0.001071133,1.071133,1000
9523,0.000851591,0.851591,1000
9524,0.001337619,1.337619,1000
9525,0.000765429,0.765429,1000
9526,0.002098309,2.098309,1000
9527,0.000623193,0.623193,1000
9528,0.036842086,36.842086,1000
9529,0.002610737,2.610737,1000
9530,0.001459136,1.459136,1000
9531,0.001497556,1.497556,1000
9532,0.000699361,0.699361,1000
9533,0.000811556,0.811556,1000
9534,0.000665509,0.665509,1000
9535,0.000713399,0.713399,1000
9536,0.002700787,2.700787,1000
9537,0.000805602,0.805602,1000
9538,0.001098108,1.098108,1000
9539,0.001042957,1.042957,1000
9540,0.000860542,0.860542,1000
9541,0.001042957,1.042957,1000
9542,0.001098676,1.098676,1000
9543,0.003199789,3.199789,1000
9544,0.00084327,0.84327,1000
9545,0.014514852,14.514852,1000
9546,0.004373795,4.373795,1000
9547,0.001124264,1.124264,1000
9548,0.000602717,0.602717,1000
9549,0.000379507,0.379507,1000
9550,0.000945032,0.945032,1000
9551,0.001520309,1.520309,1000
9552,0.00078855,0.78855,1000
9553,0.000936316,0.936316,1000
9554,0.000778396,0.778396,1000
9555,0.001548993,1.548993,1000
9556,0.000943007,0.943007,1000
9557,0.000409277,0.409277,1000
9558,0.000916276,0.916276,1000
9559,0.000292093,0.292093,1000
9560,0.015852442,15.852442,1000
9561,0.000674845,0.674845,1000
9562,0.000700796,0.700796,1000
9563,0.00138914,1.38914,1000
9564,0.000859198,0.859198,1000
9565,0.000797405,0.797405,1000
9566,0.00116957,1.16957,1000
9567,0.000931957,0.931957,1000
9568,0.000898416,0.898416,1000
9569,0.001472742,1.472742,1000
9570,0.00079873,0.79873,1000
9571,0.00080798,0.80798,1000
9572,0.000888789,0.888789,1000
9573,0.001672514,1.672514,1000
9574,0.000800249,0.800249,1000
9575,0.008128131,8.128131,1000
9576,0.001029247,1.029247,1000
9577,0.001621386,1.621386,1000
9578,0.000878349,0.878349,1000
9579,0.001174053,1.174053,1000
9580,0.001143068,1.143068,1000
9581,0.00081312,0.81312,1000
9582,0.000700788,0.700788,1000
9583,0.000783777,0.783777,1000
9584,0.001002791,1.002791,1000
9585,0.000734394,0.734394,1000
9586,0.009146286,9.146286,1000
9587,0.001145278,1.145278,1000
9588,0.001330889,1.330889,1000
9589,0.001994932,1.994932,1000
9590,0.000569009,0.569009,1000
9591,0.000812816,0.812816,1000
9592,0.001609087,1.609087,1000
9593,0.000570472,0.570472,1000
9594,0.002375519,2.375519,1000
9595,0.004492128,4.492128,1000
9596,0.000762594,0.762594,1000
9597,0.00074725,0.74725,1000
9598,0.00061413,0.61413,1000
9599,0.003215048,3.215048,1000
9600,0.000326062,0.326062,1000
9601,0.000943105,0.943105,1000
9602,0.014618228,14.618228,1000
9603,0.000775932,0.775932,1000
9604,0.000825966,0.825966,1000
9605,0.00610389,6.10389,1000
9606,0.001469454,1.469454,1000
9607,0.000591588,0.591588,1000
9608,0.000791096,0.791096,1000
9609,0.000317611,0.317611,1000
9610,0.000754492,0.754492,1000
9611,0.003499007,3.499007,1000
9612,0.00073501,0.73501,1000
9613,0.001043522,1.043522,1000
9614,0.000720821,0.720821,1000
9615,0.000976692,0.976692,1000
9616,0.006933277,6.933277,1000
9617,0.000628333,0.628333,1000
9618,0.003624051,3.624051,1000
9619,0.001376094,1.376094,1000
9620,0.000442597,0.442597,1000
9621,0.001375648,1.375648,1000
9622,0.001381621,1.381621,1000
9623,0.000837252,0.837252,1000
9624,0.001480218,1.480218,1000
9625,0.001542492,1.542492,1000
9626,0.001020834,1.020834,1000
9627,0.00115367,1.15367,1000
9628,0.016249336,16.249336,1000
9629,0.000650708,0.650708,1000
9630,0.000787744,0.787744,1000
9631,0.001297687,1.297687,1000
9632,0.000474053,0.474053,1000
9633,0.000851407,0.851407,1000
9634,0.000857999,0.857999,1000
9635,0.001542673,1.542673,1000
9636,0.00269116,2.69116,1000
9637,0.01578712,15.78712,1000
9638,0.001250053,1.250053,1000
9639,0.001081154,1.081154,1000
9640,0.001011936,1.011936,1000
9641,0.001123272,1.123272,1000
9642,0.000661284,0.661284,1000
9643,0.027368143,27.368143,1000
9644,0.000864268,0.864268,1000
9645,0.000658528,0.658528,1000
9646,0.000584773,0.584773,1000
9647,0.000986881,0.986881,1000
9648,0.001606176,1.606176,1000
9649,0.000760367,0.760367,1000
9650,0.001089408,1.089408,1000
9651,0.000709739,0.709739,1000
9652,0.06457915,64.57915,1000
9653,0.002265126,2.265126,1000
9654,0.000757554,0.757554,1000
9655,0.000824337,0.824337,1000
9656,0.000882173,0.882173,1000
9657,0.0082877,8.2877,1000
9658,0.001218698,1.218698,1000
9659,0.001510527,1.510527,1000
9660,0.000647653,0.647653,1000
9661,0.00090434,0.90434,1000
9662,0.001668977,1.668977,1000
9663,0.000914999,0.914999,1000
9664,0.000671017,0.671017,1000
9665,0.020883264,20.883264,1000
9666,0.001330058,1.330058,1000
9667,0.001042957,1.042957,1000
9668,0.00098322,0.98322,1000
9669,0.000352974,0.352974,1000
9670,0.000616802,0.616802,1000
9671,0.000641865,0.641865,1000
9672,0.001042979,1.042979,1000
9673,0.000879126,0.879126,1000
9674,0.000520067,0.520067,1000
9675,0.00112596,1.12596,1000
9676,0.000741108,0.741108,1000
9677,0.000766745,0.766745,1000
9678,0.001014438,1.014438,1000
9679,0.001217901,1.217901,1000
9680,0.001210798,1.210798,1000
9681,0.000779274,0.779274,1000
9682,0.001558369,1.558369,1000
9683,0.001746026,1.746026,1000
9684,0.004149734,4.149734,1000
9685,0.000753794,0.753794,1000
9686,0.009685608,9.685608,1000
9687,0.000616856,0.616856,1000
9688,0.000827836,0.827836,1000
9689,0.001661874,1.661874,1000
9690,0.000509286,0.509286,1000
9691,0.001858419,1.858419,1000
9692,0.011823912,11.823912,1000
9693,0.000789477,0.789477,1000
9694,0.003141499,3.141499,1000
9695,0.001750714,1.750714,1000
9696,0.000749748,0.749748,1000
9697,0.001319304,1.319304,1000
9698,0.001563852,1.563852,1000
9699,0.001561304,1.561304,1000
9700,0.001198722,1.198722,1000
9701,0.001240605,1.240605,1000
9702,0.001062502,1.062502,1000
9703,0.001006227,1.006227,1000
9704,0.001520309,1.520309,1000
9705,0.000746921,0.746921,1000
9706,0.000845094,0.845094,1000
9707,0.001221487,1.221487,1000
9708,0.00123263,1.23263,1000
9709,0.000919636,0.919636,1000
9710,0.001046488,1.046488,1000
9711,0.000619093,0.619093,1000
9712,0.000654501,0.654501,1000
9713,0.000946957,0.946957,1000
9714,0.000811282,0.811282,1000
9715,0.001004214,1.004214,1000
9716,0.001058408,1.058408,1000
9718,0.001006227,1.006227,1000
9719,0.00119382,1.19382,1000
9720,0.000503768,0.503768,1000
9721,0.001361911,1.361911,1000
9722,0.000766239,0.766239,1000
9723,0.000676038,0.676038,1000
9724,0.001253573,1.253573,1000
9725,0.010659319,10.659319,1000
9726,0.001520309,1.520309,1000
9727,0.002054032,2.054032,1000
9728,0.000965633,0.965633,1000
9729,0.001769053,1.769053,1000
9730,0.001062541,1.062541,1000
9731,0.0007604,0.7604,1000
9732,0.000800218,0.800218,1000
9733,0.022062403,22.062403,1000
9734,0.001379202,1.379202,1000
9735,0.00030481,0.30481,1000
9736,0.000882676,0.882676,1000
9737,0.001640573,1.640573,1000
9738,0.010874246,10.874246,1000
9739,0.001006227,1.006227,1000
9740,0.000875144,0.875144,1000
9741,0.120576186,120.576186,1000
9742,0.003927152,3.927152,1000
9743,0.001158949,1.158949,1000
9744,0.00090006,0.90006,1000
9745,0.000794928,0.794928,1000
9746,0.001414477,1.414477,1000
9747,0.00842257,8.42257,1000
9748,0.001383705,1.383705,1000
9749,0.001414477,1.414477,1000
9750,0.001132965,1.132965,1000
9751,0.000772819,0.772819,1000
9752,0.026682125,26.682125,1000
9753,0.000511755,0.511755,1000
9754,0.001303654,1.303654,1000
9755,0.014707143,14.707143,1000
9756,0.000596898,0.596898,1000
9757,0.001143068,1.143068,1000
9758,0.000580713,0.580713,1000
9759,0.002165812,2.165812,1000
9760,0.000629043,0.629043,1000
9761,0.001042817,1.042817,1000
9762,0.000993186,0.993186,1000
9763,0.001071105,1.071105,1000
9764,0.001256263,1.256263,1000
9765,0.00081581,0.81581,1000
9766,0.001692174,1.692174,1000
9767,0.002384989,2.384989,1000
9768,0.001419215,1.419215,1000
9769,0.000737617,0.737617,1000
9770,0.001443609,1.443609,1000
9771,0.001704136,1.704136,1000
9772,0.004290534,4.290534,1000
9773,0.001001009,1.001009,1000
9774,0.000775678,0.775678,1000
9775,0.595283003,595.283003,1000
9776,0.00808675,8.08675,1000
9777,0.001322238,1.322238,1000
9778,0.000937243,0.937243,1000
9779,0.00597906,5.97906,1000
9780,0.001000921,1.000921,1000
9781,0.002768753,2.768753,1000
9782,0.005110174,5.110174,1000
9783,0.000556462,0.556462,1000
9784,0.001354686,1.354686,1000
9785,0.003095085,3.095085,1000
9786,0.004521693,4.521693,1000
9788,0.194588522,194.588522,1000
9789,0.000741066,0.741066,1000
9790,0.000993186,0.993186,1000
9791,0.000934196,0.934196,1000
9792,0.005787468,5.787468,1000
9793,0.00103168,1.03168,1000
9794,0.000734418,0.734418,1000
9795,0.00112596,1.12596,1000
9796,0.000516371,0.516371,1000
9797,0.000765758,0.765758,1000
9798,0.002477091,2.477091,1000
9799,0.000871717,0.871717,1000
9800,0.003250332,3.250332,1000
9801,0.000607831,0.607831,1000
9802,0.001052733,1.052733,1000
9803,0.007996548,7.996548,1000
9804,0.286255733,286.255733,1000
9805,0.0014309,1.4309,1000
9806,0.002742065,2.742065,1000
9807,0.000766135,0.766135,1000
9808,0.001036631,1.036631,1000
9809,0.001018402,1.018402,1000
9810,0.001749287,1.749287,1000
9811,0.001746026,1.746026,1000
9812,0.000657867,0.657867,1000
9813,0.009142035,9.142035,1000
9814,0.003528479,3.528479,1000
9815,0.00112596,1.12596,1000
9816,0.000879185,0.879185,1000
9817,0.001081154,1.081154,1000
9818,0.001338609,1.338609,1000
9819,0.001028234,1.028234,1000
9820,0.00087874,0.87874,1000
9821,0.001037339,1.037339,1000
9822,0.000549129,0.549129,1000
9823,0.000866613,0.866613,1000
9824,0.001913041,1.913041,1000
9825,0.008345235,8.345235,1000
9826,0.000783777,0.783777,1000
9827,0.000882116,0.882116,1000
9828,0.000815128,0.815128,1000
9829,0.00103168,1.03168,1000
9830,0.000993186,0.993186,1000
9831,0.00091838,0.91838,1000
9832,0.001034166,1.034166,1000
9833,0.001750714,1.750714,1000
9834,0.001006227,1.006227,1000
9835,0.001044721,1.044721,1000
9836,0.001312161,1.312161,1000
9837,0.000993124,0.993124,1000
9838,0.001457786,1.457786,1000
9839,0.000849596,0.849596,1000
9840,0.001736342,1.736342,1000
9841,0.00307227,3.07227,1000
9842,0.000935513,0.935513,1000
9843,0.00057341,0.57341,1000
9844,0.001002384,1.002384,1000
9845,0.001323321,1.323321,1000
9846,0.00103168,1.03168,1000
9847,0.005783592,5.783592,1000
9848,0.001335576,1.335576,1000
9849,0.06457915,64.57915,1000
9850,0.001582117,1.582117,1000
9851,0.002810632,2.810632,1000
9852,0.000534457,0.534457,1000
9853,0.001210392,1.210392,1000
9854,0.000813343,0.813343,1000
9855,0.001200701,1.200701,1000
9856,0.009743842,9.743842,1000
9857,0.001011874,1.011874,1000
9858,0.0027404,2.7404,1000
9859,0.001481568,1.481568,1000
9860,0.001520309,1.520309,1000
9861,0.000925639,0.925639,1000
9862,0.00056951,0.56951,1000
9863,0.000952573,0.952573,1000
9864,0.000955054,0.955054,1000
9865,0.001525312,1.525312,1000
9866,0.001000921,1.000921,1000
9867,0.000770787,0.770787,1000
9868,0.001675118,1.675118,1000
9869,0.001003437,1.003437,1000
9870,0.000769916,0.769916,1000
9871,0.001116648,1.116648,1000
9872,0.000830626,0.830626,1000
9873,0.001617599,1.617599,1000
9874,0.001042957,1.042957,1000
9875,0.00072997,0.72997,1000
9876,0.009826476,9.826476,1000
9877,0.001113155,1.113155,1000
9878,0.00097472,0.97472,1000
9879,0.001505839,1.505839,1000
9880,0.016012025,16.012025,1000
9881,0.000518179,0.518179,1000
9882,0.003117639,3.117639,1000
9883,0.016061559,16.061559,1000
9884,0.026549846,26.549846,1000
9885,0.000742553,0.742553,1000
9886,0.006580815,6.580815,1000
9887,0.001629313,1.629313,1000
9888,0.000804723,0.804723,1000
9889,0.0007659,0.7659,1000
9891,0.000618513,0.618513,1000
9892,0.000846974,0.846974,1000
9893,0.001225474,1.225474,1000
9894,0.000937243,0.937243,1000
9895,0.000652292,0.652292,1000
9896,0.000773789,0.773789,1000
9897,0.002606606,2.606606,1000
9898,0.001026647,1.026647,1000
9899,0.034010525,34.010525,1000
9900,0.001059568,1.059568,1000
9901,0.001006165,1.006165,1000
9902,0.001155282,1.155282,1000
9903,0.000956262,0.956262,1000
9904,0.000598183,0.598183,1000
9905,0.000647672,0.647672,1000
9906,0.001172049,1.172049,1000
9907,0.000813123,0.813123,1000
9908,0.034573523,34.573523,1000
9909,0.031331839,31.331839,1000
9910,0.000829265,0.829265,1000
9911,0.001011936,1.011936,1000
9912,0.001324896,1.324896,1000
9913,0.000864614,0.864614,1000
9914,0.000877843,0.877843,1000
9915,0.002402135,2.402135,1000
9916,0.003069348,3.069348,1000
9917,0.001064252,1.064252,1000
9918,0.000998631,0.998631,1000
9919,0.001072454,1.072454,1000
9920,0.001480063,1.480063,1000
9921,0.001367178,1.367178,1000
9922,0.171761475,171.761475,1000
9923,0.000635358,0.635358,1000
9924,0.001343542,1.343542,1000
9925,0.001666757,1.666757,1000
9926,0.001559454,1.559454,1000
9927,0.001151154,1.151154,1000
9928,0.001042957,1.042957,1000
9929,0.000662554,0.662554,1000
9930,0.000927637,0.927637,1000
9931,0.00094899,0.94899,1000
9932,0.298633441,298.633441,1000
9933,0.001913041,1.913041,1000
9934,0.005806366,5.806366,1000
9935,0.001006227,1.006227,1000
9936,0.004816079,4.816079,1000
9937,0.068591065,68.591065,1000
9938,0.008338941,8.338941,1000
9939,0.000443467,0.443467,1000
9940,0.011610643,11.610643,1000
9941,0.005740271,5.740271,1000
9942,0.000921302,0.921302,1000
9943,0.001609087,1.609087,1000
9944,0.001406538,1.406538,1000
9945,0.000737598,0.737598,1000
9946,0.008759115,8.759115,1000
9947,0.001025386,1.025386,1000
9948,0.000935513,0.935513,1000
9949,0.000877763,0.877763,1000
9950,0.000705346,0.705346,1000
9951,0.000900226,0.900226,1000
9952,0.003934012,3.934012,1000
9953,0.00110139,1.10139,1000
9954,0.004355937,4.355937,1000
9955,0.00137604,1.37604,1000
9956,0.001270462,1.270462,1000
9957,0.001123121,1.123121,1000
9958,0.001519731,1.519731,1000
9959,0.000689154,0.689154,1000
9960,0.001032573,1.032573,1000
9961,0.000724903,0.724903,1000
9962,0.001065064,1.065064,1000
9963,0.000896578,0.896578,1000
9964,0.002704047,2.704047,1000
9965,0.001667461,1.667461,1000
9966,0.001002898,1.002898,1000
9967,0.000766307,0.766307,1000
9968,0.003313481,3.313481,1000
9969,0.001270422,1.270422,1000
9970,0.000504923,0.504923,1000
9971,0.001124177,1.124177,1000
9972,0.000918423,0.918423,1000
9973,0.001896356,1.896356,1000
9974,0.001323992,1.323992,1000
9975,0.001321031,1.321031,1000
9976,0.00130405,1.30405,1000
9977,0.001149588,1.149588,1000
9978,0.00686484,6.86484,1000
9979,0.000655763,0.655763,1000
9980,0.000937243,0.937243,1000
9981,0.00105785,1.05785,1000
9982,0.001028612,1.028612,1000
9983,0.000689068,0.689068,1000
9984,0.000982164,0.982164,1000
9985,0.00039837,0.39837,1000
9986,0.005377224,5.377224,1000
9987,0.003244937,3.244937,1000
9988,0.000572053,0.572053,1000
9989,0.001557613,1.557613,1000
9990,0.000575534,0.575534,1000
9991,0.002742666,2.742666,1000
9992,0.000364074,0.364074,1000
9993,0.00088803,0.88803,1000
9994,0.001548993,1.548993,1000
9995,0.002693936,2.693936,1000
9996,0.006395776,6.395776,1000
9997,0.015052837,15.052837,1000
9998,0.000633509,0.633509,1000
9999,0.001378713,1.378713,1000
10000,0.0010484,1.0484,1000
10001,0.001001295,1.001295,1000
10002,0.001783181,1.783181,1000
10003,0.001921116,1.921116,1000
10004,0.0160153,16.0153,1000
10005,0.001106059,1.106059,1000
10006,0.003172328,3.172328,1000
10007,0.007208054,7.208054,1000
10008,0.001459145,1.459145,1000
10009,0.004434977,4.434977,1000
10010,0.001074077,1.074077,1000
10011,0.00101079,1.01079,1000
10012,0.00370116,3.70116,1000
10013,0.000976599,0.976599,1000
10014,0.00154066,1.54066,1000
10015,0.000758643,0.758643,1000
10016,0.001143245,1.143245,1000
10017,0.00087734,0.87734,1000
10018,0.000892855,0.892855,1000
10019,0.015988546,15.988546,1000
10020,0.06457589,64.57589,1000
10021,0.040179678,40.179678,1000
10022,0.001804854,1.804854,1000
10023,0.021132477,21.132477,1000
10024,0.000872717,0.872717,1000
10025,0.001017208,1.017208,1000
10026,0.001032629,1.032629,1000
10027,0.000774027,0.774027,1000
10028,0.001330889,1.330889,1000
10029,0.001479074,1.479074,1000
10030,0.001102114,1.102114,1000
10031,0.00076616,0.76616,1000
10032,0.019762556,19.762556,1000
10033,0.001081154,1.081154,1000
10034,0.00104638,1.04638,1000
10035,0.001323321,1.323321,1000
10036,0.000514548,0.514548,1000
10037,0.003933816,3.933816,1000
10038,0.00084732,0.84732,1000
10039,0.040396347,40.396347,1000
10040,0.00222581,2.22581,1000
10041,0.000486161,0.486161,1000
10042,0.006564965,6.564965,1000
10043,0.00104294,1.04294,1000
10044,0.0006908,0.6908,1000
10045,0.001382667,1.382667,1000
10046,0.009558101,9.558101,1000
10047,0.001833798,1.833798,1000
10048,0.000718231,0.718231,1000
10049,0.000957599,0.957599,1000
10050,0.000821629,0.821629,1000
10051,0.000802454,0.802454,1000
10052,0.001640011,1.640011,1000
10053,0.000878286,0.878286,1000
10054,0.00685425,6.85425,1000
10055,0.002158967,2.158967,1000
10056,0.00277651,2.77651,1000
10057,0.004307687,4.307687,1000
10058,0.001226783,1.226783,1000
10059,0.000392314,0.392314,1000
10060,0.001003883,1.003883,1000
10061,0.001003881,1.003881,1000
10062,0.003513185,3.513185,1000
10063,0.006450946,6.450946,1000
10064,0.000861797,0.861797,1000
10065,0.000818304,0.818304,1000
10066,0.001133285,1.133285,1000
10067,0.002985004,2.985004,1000
10068,0.001410807,1.410807,1000
10069,0.000969253,0.969253,1000
10070,0.000894163,0.894163,1000
10071,0.00075059,0.75059,1000
10072,0.000791808,0.791808,1000
10073,0.000970716,0.970716,1000
10074,0.002746939,2.746939,1000
10075,0.00154781,1.54781,1000
10076,0.003884253,3.884253,1000
10077,0.005924395,5.924395,1000
10078,0.002617107,2.617107,1000
10079,0.005442752,5.442752,1000
10080,0.000812963,0.812963,1000
10081,0.000772985,0.772985,1000
10082,0.000956563,0.956563,1000
10083,0.00079703,0.79703,1000
10084,0.006748415,6.748415,1000
10085,0.001356784,1.356784,1000
10086,0.001037345,1.037345,1000
10087,0.178771204,178.771204,1000
10088,0.001380317,1.380317,1000
10089,0.001038723,1.038723,1000
10090,0.000937184,0.937184,1000
10091,0.009138018,9.138018,1000
10092,0.053580186,53.580186,1000
10093,0.003103961,3.103961,1000
10094,0.000675267,0.675267,1000
10095,0.000922241,0.922241,1000
10096,0.000365019,0.365019,1000
10097,0.003010608,3.010608,1000
10098,0.000969739,0.969739,1000
10099,0.001542067,1.542067,1000
10100,0.001532501,1.532501,1000
10101,0.001025423,1.025423,1000
10102,0.002815654,2.815654,1000
10103,0.000755666,0.755666,1000
10104,0.001185546,1.185546,1000
10105,0.001134919,1.134919,1000
10106,0.001000921,1.000921,1000
10107,0.000685072,0.685072,1000
10108,0.003066245,3.066245,1000
10109,0.001510527,1.510527,1000
10110,0.001065769,1.065769,1000
10111,0.000650325,0.650325,1000
10112,0.000823657,0.823657,1000
10113,0.000837748,0.837748,1000
10114,0.000642832,0.642832,1000
10115,0.000960681,0.960681,1000
10116,0.000601678,0.601678,1000
10117,0.000586075,0.586075,1000
10118,0.000891159,0.891159,1000
10119,0.000836261,0.836261,1000
10120,0.000816449,0.816449,1000
10121,0.000929686,0.929686,1000
10122,0.000686576,0.686576,1000
10123,0.000911282,0.911282,1000
10124,0.000953423,0.953423,1000
10125,0.001523648,1.523648,1000
10126,0.000892409,0.892409,1000
10127,0.000894536,0.894536,1000
10128,0.00094312,0.94312,1000
10129,0.003104945,3.104945,1000
10130,0.000987946,0.987946,1000
10131,0.002563093,2.563093,1000
10132,0.000971506,0.971506,1000
10133,0.001362576,1.362576,1000
10134,0.000993124,0.993124,1000
10135,0.00081312,0.81312,1000
10136,0.001081154,1.081154,1000
10137,0.000993124,0.993124,1000
10138,0.001134919,1.134919,1000
10139,0.001545753,1.545753,1000
10140,0.00096401,0.96401,1000
10141,0.00368316,3.68316,1000
10142,0.000840423,0.840423,1000
10143,0.001687941,1.687941,1000
10144,0.001510527,1.510527,1000
10145,0.002228618,2.228618,1000
10146,0.000993186,0.993186,1000
10147,0.001089874,1.089874,1000
10148,0.002022737,2.022737,1000
10149,0.000960535,0.960535,1000
10150,0.000813123,0.813123,1000
10151,0.000993186,0.993186,1000
10152,0.001007769,1.007769,1000
10153,0.001524997,1.524997,1000
10154,0.000929036,0.929036,1000
10155,0.0010175,1.0175,1000
10156,0.001167432,1.167432,1000
10157,0.00061742,0.61742,1000
10158,0.00345393,3.45393,1000
10159,0.001039182,1.039182,1000
10160,0.001750714,1.750714,1000
10161,0.002065056,2.065056,1000
10162,0.00087129,0.87129,1000
10163,0.001559298,1.559298,1000
10164,0.00331116,3.31116,1000
10165,0.0006108,0.6108,1000
10166,0.000434112,0.434112,1000
10167,0.000937371,0.937371,1000
10168,0.001385538,1.385538,1000
10169,0.001335059,1.335059,1000
10170,0.000663863,0.663863,1000
10171,0.000995922,0.995922,1000
10172,0.000853331,0.853331,1000
10173,0.000882647,0.882647,1000
10174,0.001080915,1.080915,1000
10175,0.001623222,1.623222,1000
10176,0.001043007,1.043007,1000
10178,0.014371414,14.371414,1000
10179,0.000908834,0.908834,1000
10180,0.000724727,0.724727,1000
10181,0.008273103,8.273103,1000
10182,0.001086933,1.086933,1000
10183,0.000603061,0.603061,1000
10184,0.001068531,1.068531,1000
10185,0.001375999,1.375999,1000
10186,0.001152701,1.152701,1000
10187,0.001838015,1.838015,1000
10188,0.000702234,0.702234,1000
10189,0.000830707,0.830707,1000
10190,0.003422836,3.422836,1000
10191,0.001065355,1.065355,1000
10192,0.00054427,0.54427,1000
10193,0.000773789,0.773789,1000
10194,0.00081312,0.81312,1000
10195,0.001134926,1.134926,1000
10196,0.001671403,1.671403,1000
10197,0.000570736,0.570736,1000
10198,0.001006165,1.006165,1000
10199,0.000842404,0.842404,1000
10200,0.000849033,0.849033,1000
10201,0.065721734,65.721734,1000
10202,0.000728616,0.728616,1000
10203,0.000776804,0.776804,1000
10204,0.00314311,3.14311,1000
10205,0.00118716,1.18716,1000
10206,0.004892402,4.892402,1000
10207,0.001062519,1.062519,1000
10208,0.001187903,1.187903,1000
10209,0.00124719,1.24719,1000
10210,0.000761471,0.761471,1000
10211,0.000953672,0.953672,1000
10212,0.000458214,0.458214,1000
10213,0.001062541,1.062541,1000
10214,0.000679901,0.679901,1000
10215,0.002056887,2.056887,1000
10216,0.002970605,2.970605,1000
10217,0.001153677,1.153677,1000
10218,0.001828201,1.828201,1000
10219,0.000954263,0.954263,1000
10220,0.000718084,0.718084,1000
10221,0.00105043,1.05043,1000
10222,0.001502336,1.502336,1000
10223,0.001282201,1.282201,1000
10224,0.00070776,0.70776,1000
10225,0.000858252,0.858252,1000
10226,0.001266111,1.266111,1000
10227,0.000758467,0.758467,1000
10228,0.008250634,8.250634,1000
10229,0.010553793,10.553793,1000
10230,0.000935513,0.935513,1000
10231,0.001308192,1.308192,1000
10232,0.001147157,1.147157,1000
10233,0.000739686,0.739686,1000
10234,0.000741108,0.741108,1000
10235,0.001147967,1.147967,1000
10236,0.00026799,0.26799,1000
10237,0.000853697,0.853697,1000
10238,0.002613574,2.613574,1000
10239,0.000583039,0.583039,1000
10240,0.001071083,1.071083,1000
10241,0.00082844,0.82844,1000
10242,0.000794558,0.794558,1000
10243,0.000869216,0.869216,1000
10244,0.001700945,1.700945,1000
10245,0.028817148,28.817148,1000
10246,0.006523118,6.523118,1000
10247,0.000687597,0.687597,1000
10248,0.002705474,2.705474,1000
10249,0.000768225,0.768225,1000
10250,0.016515167,16.515167,1000
10251,0.001017818,1.017818,1000
10252,0.000401716,0.401716,1000
10253,0.000697867,0.697867,1000
10254,0.000761692,0.761692,1000
10255,0.001515037,1.515037,1000
10256,0.000609074,0.609074,1000
10257,0.000797101,0.797101,1000
10258,0.000742142,0.742142,1000
10259,0.001003724,1.003724,1000
10260,0.000960681,0.960681,1000
10261,0.000593631,0.593631,1000
10262,0.000962116,0.962116,1000
10263,0.001225015,1.225015,1000
10264,0.000843581,0.843581,1000
10265,0.01742748,17.42748,1000
10266,0.000782666,0.782666,1000
10267,0.00081101,0.81101,1000
10268,0.00026745,0.26745,1000
10269,0.000648579,0.648579,1000
10270,0.001593884,1.593884,1000
10271,0.00086487,0.86487,1000
10272,0.001480195,1.480195,1000
10273,0.000773048,0.773048,1000
10274,0.001242406,1.242406,1000
10275,0.001033124,1.033124,1000
10276,0.000887838,0.887838,1000
10277,0.000769184,0.769184,1000
10278,0.001327025,1.327025,1000
10279,0.006281502,6.281502,1000
10280,0.000776797,0.776797,1000
10281,0.000843754,0.843754,1000
10282,0.001049553,1.049553,1000
10283,0.001035395,1.035395,1000
10284,0.00130831,1.30831,1000
10285,0.001280272,1.280272,1000
10286,0.002008648,2.008648,1000
10287,0.028128818,28.128818,1000
10288,0.00063723,0.63723,1000
10289,0.000689375,0.689375,1000
10290,0.003530697,3.530697,1000
10291,0.000652174,0.652174,1000
10292,0.005973031,5.973031,1000
10293,0.000614523,0.614523,1000
10294,0.001613986,1.613986,1000
10295,0.001017431,1.017431,1000
10296,0.001134926,1.134926,1000
10297,0.000422916,0.422916,1000
10298,0.003203084,3.203084,1000
10299,0.000464182,0.464182,1000
10300,0.001951698,1.951698,1000
10301,0.000702894,0.702894,1000
10302,0.595283003,595.283003,1000
10303,0.000231539,0.231539,1000
10304,0.000277845,0.277845,1000
10305,0.000480763,0.480763,1000
10306,0.016474131,16.474131,1000
10307,0.096870861,96.870861,1000
10308,0.003872536,3.872536,1000
10309,0.000737688,0.737688,1000
10310,0.017455651,17.455651,1000
10311,0.001042957,1.042957,1000
10312,0.001181368,1.181368,1000
10313,0.005467288,5.467288,1000
10314,0.000907421,0.907421,1000
10315,0.001202164,1.202164,1000
10316,0.000948736,0.948736,1000
10317,0.001097456,1.097456,1000
10318,0.001399756,1.399756,1000
10319,0.001338867,1.338867,1000
10320,0.002939193,2.939193,1000
10321,0.000976864,0.976864,1000
10322,0.001076934,1.076934,1000
10323,0.000346737,0.346737,1000
10324,0.01540788,15.40788,1000
10325,0.000977131,0.977131,1000
10326,0.004688482,4.688482,1000
10327,0.001746026,1.746026,1000
10328,0.000857033,0.857033,1000
10329,0.000878272,0.878272,1000
10330,0.002740727,2.740727,1000
10331,0.011937538,11.937538,1000
10332,0.001623754,1.623754,1000
10333,0.000634555,0.634555,1000
10334,0.00070157,0.70157,1000
10335,0.001017918,1.017918,1000
10336,0.0098398,9.8398,1000
10337,0.001139001,1.139001,1000
10338,0.01350061,13.50061,1000
10339,0.000843581,0.843581,1000
10340,0.000868808,0.868808,1000
10341,0.013558085,13.558085,1000
10342,0.008347468,8.347468,1000
10343,0.00099394,0.99394,1000
10344,0.001011936,1.011936,1000
10345,0.004637479,4.637479,1000
10346,0.000622597,0.622597,1000
10347,0.000761674,0.761674,1000
10348,0.001011874,1.011874,1000
10349,0.000993186,0.993186,1000
10350,0.002621511,2.621511,1000
10351,0.000408624,0.408624,1000
10352,0.001298618,1.298618,1000
10353,0.001246131,1.246131,1000
10354,0.000925167,0.925167,1000
10355,0.000937371,0.937371,1000
10356,0.001162224,1.162224,1000
10357,0.000574835,0.574835,1000
10358,0.001280292,1.280292,1000
10359,0.004664169,4.664169,1000
10360,0.001746026,1.746026,1000
10361,0.000236427,0.236427,1000
10362,0.001262054,1.262054,1000
10363,0.003706376,3.706376,1000
10364,0.001071083,1.071083,1000
10365,0.001288232,1.288232,1000
10366,0.000771323,0.771323,1000
10367,0.001006227,1.006227,1000
10368,0.000696351,0.696351,1000
10369,0.000771323,0.771323,1000
10370,0.000446439,0.446439,1000
10371,0.000555525,0.555525,1000
10372,0.001043045,1.043045,1000
10373,0.001139001,1.139001,1000
10374,0.001043045,1.043045,1000
10375,0.001042957,1.042957,1000
10376,0.0006194,0.6194,1000
10377,0.001006885,1.006885,1000
10378,0.001694707,1.694707,1000
10379,0.000828466,0.828466,1000
10380,0.001134919,1.134919,1000
10381,0.00112596,1.12596,1000
10382,0.001796802,1.796802,1000
10383,0.001177522,1.177522,1000
10384,0.001000921,1.000921,1000
10385,0.001091942,1.091942,1000
10386,0.001157154,1.157154,1000
10387,0.026828612,26.828612,1000
10388,0.00801791,8.01791,1000
10389,0.003355677,3.355677,1000
10390,0.01640307,16.40307,1000
10391,0.001010464,1.010464,1000
10392,0.000634276,0.634276,1000
10393,0.001453666,1.453666,1000
10394,0.000874917,0.874917,1000
10395,0.000802744,0.802744,1000
10396,0.001609102,1.609102,1000
10397,0.001612178,1.612178,1000
10398,0.000896169,0.896169,1000
10399,0.003269012,3.269012,1000
10400,0.000653301,0.653301,1000
10401,0.002763684,2.763684,1000
10402,0.028142275,28.142275,1000
10403,0.000886378,0.886378,1000
10404,0.001520493,1.520493,1000
10405,0.00276861,2.76861,1000
10406,0.001130985,1.130985,1000
10407,0.001232661,1.232661,1000
10408,0.000953672,0.953672,1000
10409,0.001821889,1.821889,1000
10410,0.000836141,0.836141,1000
10411,0.001684102,1.684102,1000
10412,0.026189444,26.189444,1000
10413,0.00445416,4.45416,1000
10414,0.001061351,1.061351,1000
10415,0.000778349,0.778349,1000
10416,0.000932071,0.932071,1000
10417,0.001114029,1.114029,1000
10418,0.000927496,0.927496,1000
10419,0.000800009,0.800009,1000
10420,0.000808009,0.808009,1000
10421,0.001061092,1.061092,1000
10422,0.000953485,0.953485,1000
10423,0.00105043,1.05043,1000
10424,0.000993186,0.993186,1000
10425,0.001632186,1.632186,1000
10426,0.000822106,0.822106,1000
10427,0.001014438,1.014438,1000
10428,0.00064897,0.64897,1000
10429,0.001129832,1.129832,1000
10430,0.000659727,0.659727,1000
10431,0.000783777,0.783777,1000
10432,0.001175848,1.175848,1000
10433,0.000719254,0.719254,1000
10434,0.017117307,17.117307,1000
10435,0.000918879,0.918879,1000
10436,0.000718585,0.718585,1000
10437,0.003968625,3.968625,1000
10438,0.00385573,3.85573,1000
10439,0.000958907,0.958907,1000
10440,0.001368829,1.368829,1000
10441,0.001046612,1.046612,1000
10442,0.000935513,0.935513,1000
10443,0.001042979,1.042979,1000
10444,0.001104592,1.104592,1000
10445,0.000692402,0.692402,1000
10446,0.001597145,1.597145,1000
10447,0.015927115,15.927115,1000
10448,0.002048635,2.048635,1000
10449,0.00115383,1.15383,1000
10450,0.000993186,0.993186,1000
10451,0.005861896,5.861896,1000
10452,0.005738997,5.738997,1000
10453,0.000728651,0.728651,1000
10454,0.006275463,6.275463,1000
10455,0.000923663,0.923663,1000
10456,0.001206464,1.206464,1000
10457,0.001453099,1.453099,1000
10458,0.000557438,0.557438,1000
10459,0.000761445,0.761445,1000
10460,0.000820754,0.820754,1000
10461,0.000672029,0.672029,1000
10462,0.00355496,3.55496,1000
10463,0.000965057,0.965057,1000
10464,0.001821889,1.821889,1000
10465,0.001159546,1.159546,1000
10466,0.001071133,1.071133,1000
10467,0.001217319,1.217319,1000
10468,0.000706772,0.706772,1000
10469,0.000733382,0.733382,1000
10470,0.001940416,1.940416,1000
10471,0.001100471,1.100471,1000
10472,0.000704362,0.704362,1000
10473,0.001034507,1.034507,1000
10474,0.001062541,1.062541,1000
10475,0.001525312,1.525312,1000
10476,0.000825966,0.825966,1000
10477,0.000512053,0.512053,1000
10478,0.001276159,1.276159,1000
10479,0.000428856,0.428856,1000
10480,0.000976676,0.976676,1000
10481,0.040475822,40.475822,1000
10482,0.000683681,0.683681,1000
10483,0.043305943,43.305943,1000
10484,0.00103168,1.03168,1000
10485,0.001674379,1.674379,1000
10486,0.000847385,0.847385,1000
10487,0.000602352,0.602352,1000
10488,0.000906925,0.906925,1000
10489,0.001626157,1.626157,1000
10490,0.001046973,1.046973,1000
10491,0.019798302,19.798302,1000
10492,0.001369357,1.369357,1000
10493,0.001104592,1.104592,1000
10494,0.000595611,0.595611,1000
10495,0.000620408,0.620408,1000
10496,0.000711665,0.711665,1000
10497,0.001062519,1.062519,1000
10498,0.001211763,1.211763,1000
10499,0.001953176,1.953176,1000
10500,0.000746127,0.746127,1000
10501,0.000880465,0.880465,1000
10502,0.000861235,0.861235,1000
10503,0.001247158,1.247158,1000
10504,0.001255776,1.255776,1000
10505,0.000867645,0.867645,1000
10506,0.004874941,4.874941,1000
10507,0.0008161,0.8161,1000
10508,0.000822982,0.822982,1000
10509,0.001262054,1.262054,1000
10510,0.001315818,1.315818,1000
10511,0.002820888,2.820888,1000
10512,0.000924355,0.924355,1000
10513,0.001365578,1.365578,1000
10514,0.001671383,1.671383,1000
10515,0.000908547,0.908547,1000
10516,0.046009054,46.009054,1000
10517,0.001574308,1.574308,1000
10518,0.000393963,0.393963,1000
10519,0.001143068,1.143068,1000
10520,0.00121456,1.21456,1000
10521,0.000891908,0.891908,1000
10522,0.003016073,3.016073,1000
10523,0.000701291,0.701291,1000
10524,0.000993186,0.993186,1000
10525,0.000995922,0.995922,1000
10526,0.000678723,0.678723,1000
10527,0.001609087,1.609087,1000
10528,0.001749287,1.749287,1000
10529,0.001349786,1.349786,1000
10530,0.001545905,1.545905,1000
10531,0.001404109,1.404109,1000
10532,0.000709379,0.709379,1000
10533,0.000580517,0.580517,1000
10534,0.000987561,0.987561,1000
10535,0.000819097,0.819097,1000
10536,0.000879469,0.879469,1000
10537,0.000603742,0.603742,1000
10538,0.001841125,1.841125,1000
10539,0.002481127,2.481127,1000
10540,0.001152452,1.152452,1000
10541,0.000661253,0.661253,1000
10542,0.000584872,0.584872,1000
10543,0.121937784,121.937784,1000
10544,0.075576192,75.576192,1000
10545,0.396559294,396.559294,1000
10546,0.008381767,8.381767,1000
10547,0.056680078,56.680078,1000
10548,0.016838233,16.838233,1000
10549,0.000775779,0.775779,1000
10550,0.001043007,1.043007,1000
10551,0.016297778,16.297778,1000
10552,0.000611166,0.611166,1000
10553,0.001049602,1.049602,1000
10554,0.001053942,1.053942,1000
10555,0.001048965,1.048965,1000
10556,0.003193199,3.193199,1000
10557,0.016280072,16.280072,1000
10558,0.001207882,1.207882,1000
10559,0.001583563,1.583563,1000
10560,0.010801994,10.801994,1000
10561,0.00342502,3.42502,1000
10562,0.001042979,1.042979,1000
10563,0.000843914,0.843914,1000
10564,0.002830056,2.830056,1000
10565,0.003312881,3.312881,1000
10566,0.001042957,1.042957,1000
10567,0.178859373,178.859373,1000
10568,0.121540596,121.540596,1000
10569,0.013518298,13.518298,1000
10570,0.001043007,1.043007,1000
10571,0.000745063,0.745063,1000
10572,0.027168198,27.168198,1000
10573,0.003066513,3.066513,1000
10574,0.075402547,75.402547,1000
10575,0.327258275,327.258275,1000
10576,0.246761221,246.761221,1000
10577,0.002891952,2.891952,1000
10578,0.000884955,0.884955,1000
10579,0.000751554,0.751554,1000
10580,0.008396623,8.396623,1000
10581,0.008394348,8.394348,1000
10582,0.325979691,325.979691,1000
10583,0.0970546,97.0546,1000
10584,0.121565406,121.565406,1000
10585,0.008205045,8.205045,1000
10586,0.004583525,4.583525,1000
10587,0.000688711,0.688711,1000
10588,0.016048058,16.048058,1000
10589,0.000819864,0.819864,1000
10590,0.003041267,3.041267,1000
10591,0.003241718,3.241718,1000
10592,0.000755861,0.755861,1000
10593,0.075615554,75.615554,1000
10594,0.008387289,8.387289,1000
10595,0.027751732,27.751732,1000
10596,0.327079544,327.079544,1000
10597,0.006560024,6.560024,1000
10598,0.001049602,1.049602,1000
10599,0.097077117,97.077117,1000
10600,0.008310926,8.310926,1000
10601,0.001049585,1.049585,1000
10602,0.001105876,1.105876,1000
10603,0.124451564,124.451564,1000
10604,0.026615772,26.615772,1000
10605,0.001042979,1.042979,1000
10606,0.008305007,8.305007,1000
10607,0.000756251,0.756251,1000
10608,0.00095947,0.95947,1000
10609,0.040668075,40.668075,1000
10610,0.008360899,8.360899,1000
10611,0.148954916,148.954916,1000
10612,0.001169507,1.169507,1000
10613,0.001042957,1.042957,1000
10614,0.040470196,40.470196,1000
10615,0.000761703,0.761703,1000
10616,0.00101546,1.01546,1000
10617,0.001009349,1.009349,1000
10618,0.000639729,0.639729,1000
10619,0.016209315,16.209315,1000
10620,0.003454125,3.454125,1000
10621,0.246761949,246.761949,1000
10622,0.027019914,27.019914,1000
10623,0.041514725,41.514725,1000
10624,0.001219781,1.219781,1000
10625,0.003085417,3.085417,1000
10626,0.000703664,0.703664,1000
10627,0.003542788,3.542788,1000
10628,0.000809537,0.809537,1000
10629,0.000751579,0.751579,1000
10630,0.000761279,0.761279,1000
10631,0.000774171,0.774171,1000
10632,0.003293999,3.293999,1000
10633,0.28481539,284.81539,1000
10634,0.246741006,246.741006,1000
10635,0.211351763,211.351763,1000
10636,0.121614474,121.614474,1000
10637,0.075854168,75.854168,1000
10638,0.097270341,97.270341,1000
10639,0.001042979,1.042979,1000
10640,0.148750008,148.750008,1000
10641,0.008384383,8.384383,1000
10642,0.002563735,2.563735,1000
10643,0.000811406,0.811406,1000
10644,0.000948212,0.948212,1000
10645,0.00394634,3.94634,1000
10646,0.246681589,246.681589,1000
10647,0.026936509,26.936509,1000
10648,0.000764519,0.764519,1000
10649,0.0754906,75.4906,1000
10650,0.026969652,26.969652,1000
10651,0.003268986,3.268986,1000
10652,0.008817628,8.817628,1000
10653,0.016428774,16.428774,1000
10654,0.380592086,380.592086,1000
10655,0.003178421,3.178421,1000
10656,0.286801232,286.801232,1000
10657,0.149019637,149.019637,1000
10658,0.097204428,97.204428,1000
10659,0.008374224,8.374224,1000
10660,0.001141332,1.141332,1000
10661,0.056234427,56.234427,1000
10662,0.001171661,1.171661,1000
10663,0.001042817,1.042817,1000
10664,0.369254321,369.254321,1000
10665,0.000534743,0.534743,1000
10666,0.000755836,0.755836,1000
10667,0.002915317,2.915317,1000
10668,0.003257633,3.257633,1000
10669,0.008404058,8.404058,1000
10670,0.016116907,16.116907,1000
10671,0.057501066,57.501066,1000
10672,0.004508358,4.508358,1000
10673,0.04040621,40.40621,1000
10674,0.000660691,0.660691,1000
10675,0.056631069,56.631069,1000
10676,0.027037629,27.037629,1000
10677,0.003189574,3.189574,1000
10678,0.001042817,1.042817,1000
10679,0.003137873,3.137873,1000
10680,0.001071083,1.071083,1000
10681,0.003060402,3.060402,1000
10682,0.000771982,0.771982,1000
10683,0.097173863,97.173863,1000
10684,0.001761064,1.761064,1000
10685,0.003507697,3.507697,1000
10686,0.005154295,5.154295,1000
10687,0.001071105,1.071105,1000
10688,0.001105854,1.105854,1000
10689,0.24695769,246.95769,1000
10690,0.003190103,3.190103,1000
10691,0.027034556,27.034556,1000
10692,0.026939677,26.939677,1000
10693,0.001062025,1.062025,1000
10694,0.040355903,40.355903,1000
10695,0.001071066,1.071066,1000
10696,0.003134343,3.134343,1000
10697,0.001015255,1.015255,1000
10698,0.001042817,1.042817,1000
10700,0.008788953,8.788953,1000
10701,0.126001437,126.001437,1000
10702,0.00166972,1.66972,1000
10703,0.001042979,1.042979,1000
10704,0.001036229,1.036229,1000
10705,0.0013937,1.3937,1000
10706,0.002960272,2.960272,1000
10707,0.001238405,1.238405,1000
10708,0.016417753,16.417753,1000
10709,0.000753543,0.753543,1000
10710,0.00104294,1.04294,1000
10711,0.00055375,0.55375,1000
10712,0.007997126,7.997126,1000
10713,0.001420161,1.420161,1000
10714,0.001452491,1.452491,1000
10715,0.000550575,0.550575,1000
10716,0.001043007,1.043007,1000
10717,0.284640107,284.640107,1000
10718,0.040534244,40.534244,1000
10719,0.000796399,0.796399,1000
10720,0.016380828,16.380828,1000
10721,0.075411527,75.411527,1000
10722,0.040505996,40.505996,1000
10723,0.003192259,3.192259,1000
10724,0.00841238,8.41238,1000
10725,0.000988851,0.988851,1000
10726,0.001042957,1.042957,1000
10727,0.000827585,0.827585,1000
10728,0.003297577,3.297577,1000
10729,0.003139043,3.139043,1000
10730,0.001042957,1.042957,1000
10731,0.369807368,369.807368,1000
10732,0.001275801,1.275801,1000
10733,0.097139539,97.139539,1000
10734,0.178674425,178.674425,1000
10735,0.008541917,8.541917,1000
10736,0.001049602,1.049602,1000
10737,0.0008145,0.8145,1000
10738,0.001375699,1.375699,1000
10739,0.000988614,0.988614,1000
10740,0.016544173,16.544173,1000
10741,0.016405466,16.405466,1000
10742,0.000755633,0.755633,1000
10743,0.000665041,0.665041,1000
10744,0.067297557,67.297557,1000
10745,0.000362355,0.362355,1000
10746,0.002961991,2.961991,1000
10747,0.000845576,0.845576,1000
10748,0.000985784,0.985784,1000
10749,0.000923786,0.923786,1000
10750,0.017020863,17.020863,1000
10751,0.002021584,2.021584,1000
10752,0.000582463,0.582463,1000
10753,0.001043007,1.043007,1000
10754,0.008867511,8.867511,1000
10755,0.00104294,1.04294,1000
10756,0.000332024,0.332024,1000
10757,0.001742855,1.742855,1000
10758,0.001205534,1.205534,1000
10759,0.001301987,1.301987,1000
10760,0.246717125,246.717125,1000
10761,0.327313244,327.313244,1000
10762,0.001042957,1.042957,1000
10763,0.040456954,40.456954,1000
10764,0.000959265,0.959265,1000
10765,0.001042817,1.042817,1000
10766,0.121632026,121.632026,1000
10767,0.003206216,3.206216,1000
10768,0.001042957,1.042957,1000
10769,0.0006835,0.6835,1000
10770,0.003219624,3.219624,1000
10771,0.00320237,3.20237,1000
10772,0.001071083,1.071083,1000
10773,0.000807607,0.807607,1000
10774,0.000751509,0.751509,1000
10775,0.009091952,9.091952,1000
10776,0.097327075,97.327075,1000
10777,0.011783303,11.783303,1000
10778,0.040520952,40.520952,1000
10779,0.325650792,325.650792,1000
10780,0.001042957,1.042957,1000
10781,0.14986076,149.86076,1000
10782,0.027015925,27.015925,1000
10783,0.001114003,1.114003,1000
10784,0.000884955,0.884955,1000
10785,0.001042957,1.042957,1000
10786,0.000659272,0.659272,1000
10787,0.178945106,178.945106,1000
10788,0.016375258,16.375258,1000
10789,0.000756225,0.756225,1000
10790,0.056699476,56.699476,1000
10791,0.000733626,0.733626,1000
10792,0.00137604,1.37604,1000
10793,0.040265842,40.265842,1000
10794,0.001009451,1.009451,1000
10795,0.148371941,148.371941,1000
10796,0.12167732,121.67732,1000
10797,0.003198462,3.198462,1000
10798,0.001393303,1.393303,1000
10799,0.000762907,0.762907,1000
10800,0.121464846,121.464846,1000
10801,0.211402414,211.402414,1000
10802,0.008396482,8.396482,1000
10803,0.000571504,0.571504,1000
10804,0.212593301,212.593301,1000
10805,0.003475088,3.475088,1000
10806,0.027128173,27.128173,1000
10807,0.001049585,1.049585,1000
10808,0.001301987,1.301987,1000
10809,0.016105731,16.105731,1000
10810,0.001043007,1.043007,1000
10811,0.000819037,0.819037,1000
10812,0.000844827,0.844827,1000
10813,0.001717017,1.717017,1000
10814,0.075204651,75.204651,1000
10815,0.003454962,3.454962,1000
10816,0.075668479,75.668479,1000
10817,0.008028222,8.028222,1000
10818,0.001049602,1.049602,1000
10819,0.001070943,1.070943,1000
10820,0.001042817,1.042817,1000
10821,0.001042957,1.042957,1000
10822,0.156281953,156.281953,1000
10823,0.150492571,150.492571,1000
10824,0.000865274,0.865274,1000
10825,0.016569901,16.569901,1000
10826,0.003020706,3.020706,1000
10827,0.00077344,0.77344,1000
10828,0.001042957,1.042957,1000
10829,0.001984588,1.984588,1000
10830,0.001071066,1.071066,1000
10831,0.003202377,3.202377,1000
10832,0.121685443,121.685443,1000
10833,0.0008072,0.8072,1000
10834,0.008419862,8.419862,1000
10835,0.00104294,1.04294,1000
10836,0.075418161,75.418161,1000
10837,0.211517688,211.517688,1000
10838,0.056623021,56.623021,1000
10839,0.076969459,76.969459,1000
10840,0.121385079,121.385079,1000
10841,0.001042319,1.042319,1000
10842,0.016753961,16.753961,1000
10843,0.002999935,2.999935,1000
10844,0.00315748,3.15748,1000
10845,0.001062541,1.062541,1000
10846,0.056640708,56.640708,1000
10847,0.246733648,246.733648,1000
10848,0.178968625,178.968625,1000
10849,0.097322011,97.322011,1000
10850,0.000538959,0.538959,1000
10851,0.00104294,1.04294,1000
10852,0.0042046,4.2046,1000
10853,0.000724634,0.724634,1000
10854,0.001042957,1.042957,1000
10855,0.415755761,415.755761,1000
10856,0.000801925,0.801925,1000
10857,0.032435418,32.435418,1000
10858,0.001112292,1.112292,1000
10859,0.000806518,0.806518,1000
10860,0.000751579,0.751579,1000
10861,0.003188174,3.188174,1000
10862,0.008799881,8.799881,1000
10863,0.001042979,1.042979,1000
10864,0.284790204,284.790204,1000
10865,0.003238467,3.238467,1000
10866,0.040450925,40.450925,1000
10867,0.000753323,0.753323,1000
10868,0.040466029,40.466029,1000
10869,0.001071083,1.071083,1000
10870,0.001171661,1.171661,1000
10871,0.016285679,16.285679,1000
10872,0.003273335,3.273335,1000
10873,0.027021918,27.021918,1000
10874,0.325781543,325.781543,1000
10875,0.246667862,246.667862,1000
10876,0.001041789,1.041789,1000
10877,0.001048434,1.048434,1000
10878,0.001105837,1.105837,1000
10879,0.001520388,1.520388,1000
10880,0.001041789,1.041789,1000
10881,0.00104294,1.04294,1000
10882,0.008402829,8.402829,1000
10883,0.005461759,5.461759,1000
10884,0.008157606,8.157606,1000
10885,0.000968882,0.968882,1000
10886,0.001228151,1.228151,1000
10887,0.00357985,3.57985,1000
10888,0.00104294,1.04294,1000
10889,0.075664196,75.664196,1000
10890,0.003056921,3.056921,1000
10891,0.001042817,1.042817,1000
10892,0.012596558,12.596558,1000
10893,0.001549626,1.549626,1000
10894,0.009444109,9.444109,1000
10895,0.003149778,3.149778,1000
10896,0.000922223,0.922223,1000
10897,0.097423767,97.423767,1000
10898,0.001041789,1.041789,1000
10899,0.001087388,1.087388,1000
10900,0.000619988,0.619988,1000
10901,0.001071066,1.071066,1000
10902,0.005257401,5.257401,1000
10903,0.003212773,3.212773,1000
10904,0.001041789,1.041789,1000
10905,0.016358152,16.358152,1000
10906,0.001125172,1.125172,1000
10907,0.00848365,8.48365,1000
10908,0.001071066,1.071066,1000
10909,0.001582244,1.582244,1000
10910,0.000611534,0.611534,1000
10911,0.001041789,1.041789,1000
10912,0.001167376,1.167376,1000
10913,0.000770389,0.770389,1000
10914,0.001042979,1.042979,1000
10915,0.001517593,1.517593,1000
10916,0.008683268,8.683268,1000
10917,0.008582887,8.582887,1000
10918,0.001048434,1.048434,1000
10919,0.001019918,1.019918,1000
10920,0.003201934,3.201934,1000
10921,0.325602657,325.602657,1000
10922,0.284958929,284.958929,1000
10923,0.00091584,0.91584,1000
10924,0.001417663,1.417663,1000
10925,0.001042957,1.042957,1000
10926,0.001071066,1.071066,1000
10927,0.028141578,28.141578,1000
10928,0.000958053,0.958053,1000
10929,0.076483432,76.483432,1000
10930,0.000994192,0.994192,1000
10932,0.000882173,0.882173,1000
10933,0.003410453,3.410453,1000
10934,0.001069469,1.069469,1000
10935,0.097335576,97.335576,1000
10936,0.008509236,8.509236,1000
10937,0.008385308,8.385308,1000
10938,0.004638864,4.638864,1000
10939,0.004791939,4.791939,1000
10940,0.003656394,3.656394,1000
10941,0.07583804,75.83804,1000
10942,0.000509158,0.509158,1000
10943,0.001042957,1.042957,1000
10944,0.001042957,1.042957,1000
10945,0.003212921,3.212921,1000
10946,0.00104294,1.04294,1000
10947,0.003212973,3.212973,1000
10948,0.000459538,0.459538,1000
10949,0.016348404,16.348404,1000
10950,0.013004501,13.004501,1000
10951,0.000920469,0.920469,1000
10952,0.001069915,1.069915,1000
10953,0.002047794,2.047794,1000
10954,0.001062569,1.062569,1000
10955,0.007568373,7.568373,1000
10956,0.009809913,9.809913,1000
10957,0.00290582,2.90582,1000
10958,0.001339782,1.339782,1000
10959,0.040617862,40.617862,1000
10960,0.001778218,1.778218,1000
10961,0.001042979,1.042979,1000
10962,0.369166034,369.166034,1000
10963,0.02699155,26.99155,1000
10964,0.002219193,2.219193,1000
10965,0.571337765,571.337765,1000
10966,0.002954364,2.954364,1000
10967,0.075528068,75.528068,1000
10968,0.005839066,5.839066,1000
10969,0.002879663,2.879663,1000
10970,0.001043007,1.043007,1000
10971,0.016385809,16.385809,1000
10972,0.001042979,1.042979,1000
10973,0.075250415,75.250415,1000
10974,0.178517959,178.517959,1000
10975,0.000722811,0.722811,1000
10976,0.000402657,0.402657,1000
10977,0.003075258,3.075258,1000
10978,0.002211802,2.211802,1000
10979,0.008170719,8.170719,1000
10980,0.042455779,42.455779,1000
10981,0.05626753,56.26753,1000
10982,0.00831796,8.31796,1000
10983,0.001042817,1.042817,1000
10984,0.003002119,3.002119,1000
10985,0.0009339,0.9339,1000
10986,0.121944933,121.944933,1000
10987,0.001477825,1.477825,1000
10988,0.001826563,1.826563,1000
10989,0.003820968,3.820968,1000
10990,0.075337455,75.337455,1000
10991,0.178688794,178.688794,1000
10992,0.000723586,0.723586,1000
10993,0.00069297,0.69297,1000
10994,0.040553003,40.553003,1000
10995,0.016467881,16.467881,1000
10996,0.002726679,2.726679,1000
10997,0.00338653,3.38653,1000
10998,0.001071083,1.071083,1000
10999,0.000755777,0.755777,1000
11000,0.008464688,8.464688,1000
11001,0.003318417,3.318417,1000
11002,0.003211257,3.211257,1000
11003,0.001049624,1.049624,1000
11004,0.008877432,8.877432,1000
11005,0.000745121,0.745121,1000
11006,0.003100607,3.100607,1000
11007,0.006473188,6.473188,1000
11008,0.004050717,4.050717,1000
11009,0.040459072,40.459072,1000
11010,0.016333615,16.333615,1000
11011,0.000582382,0.582382,1000
11012,0.01631631,16.31631,1000
11013,0.001256038,1.256038,1000
11014,0.003196893,3.196893,1000
11015,0.003231538,3.231538,1000
11016,0.000490152,0.490152,1000
11017,0.056171577,56.171577,1000
11018,0.415799829,415.799829,1000
11019,0.000737196,0.737196,1000
11020,0.027045007,27.045007,1000
11021,0.031046975,31.046975,1000
11022,0.588364949,588.364949,1000
11023,0.008775552,8.775552,1000
11024,0.00061881,0.61881,1000
11025,0.000771533,0.771533,1000
11026,0.416138823,416.138823,1000
11027,0.003000392,3.000392,1000
11028,0.027142833,27.142833,1000
11029,0.075479538,75.479538,1000
11030,0.000592822,0.592822,1000
11031,0.03017545,30.17545,1000
11032,0.057284411,57.284411,1000
11033,0.000324069,0.324069,1000
11034,0.00114796,1.14796,1000
11035,0.002859986,2.859986,1000
11036,0.001623363,1.623363,1000
11037,0.000980525,0.980525,1000
11038,0.016827624,16.827624,1000
11039,0.002820976,2.820976,1000
11040,0.026660043,26.660043,1000
11041,0.000878349,0.878349,1000
11042,0.00070321,0.70321,1000
11043,0.00059457,0.59457,1000
11044,0.001202164,1.202164,1000
11045,0.00089139,0.89139,1000
11046,0.016006616,16.006616,1000
11047,0.211312806,211.312806,1000
11048,0.003066689,3.066689,1000
11049,0.016999943,16.999943,1000
11050,0.000755836,0.755836,1000
11051,0.00134627,1.34627,1000
11052,0.003067169,3.067169,1000
11053,0.000704161,0.704161,1000
11054,0.008294827,8.294827,1000
11055,0.000486201,0.486201,1000
11056,0.003431151,3.431151,1000
11057,0.029743707,29.743707,1000
11058,0.001041789,1.041789,1000
11059,0.148732896,148.732896,1000
11060,0.040049073,40.049073,1000
11061,0.000857702,0.857702,1000
11062,0.001525312,1.525312,1000
11063,0.002661675,2.661675,1000
11064,0.645597044,645.597044,1000
11065,0.000977961,0.977961,1000
11066,0.001141219,1.141219,1000
11067,0.000575117,0.575117,1000
11068,0.00280005,2.80005,1000
11069,0.000995922,0.995922,1000
11070,0.001480218,1.480218,1000
11071,0.076367127,76.367127,1000
11072,0.000735593,0.735593,1000
11073,0.001288837,1.288837,1000
11074,0.000849002,0.849002,1000
11075,0.003047639,3.047639,1000
11076,0.001024382,1.024382,1000
11077,0.000686857,0.686857,1000
11078,0.000548429,0.548429,1000
11079,0.000577097,0.577097,1000
11080,0.001133399,1.133399,1000
11081,0.001601399,1.601399,1000
11082,0.001361666,1.361666,1000
11083,0.00078378,0.78378,1000
11084,0.001215215,1.215215,1000
11085,0.00071306,0.71306,1000
11086,0.000269134,0.269134,1000
11087,0.001057531,1.057531,1000
11088,0.008186015,8.186015,1000
11089,0.000671217,0.671217,1000
11090,0.00078378,0.78378,1000
11091,0.000636574,0.636574,1000
11092,0.000926543,0.926543,1000
11093,0.002994066,2.994066,1000
11094,0.001552939,1.552939,1000
11095,0.000592163,0.592163,1000
11096,0.001601861,1.601861,1000
11097,0.002176391,2.176391,1000
11098,0.001598603,1.598603,1000
11099,0.001012952,1.012952,1000
11100,0.000857742,0.857742,1000
11101,0.000597747,0.597747,1000
11102,0.005618895,5.618895,1000
11103,0.000687581,0.687581,1000
11104,0.002726927,2.726927,1000
11105,0.006017267,6.017267,1000
11106,0.000964089,0.964089,1000
11107,0.001116715,1.116715,1000
11108,0.000734345,0.734345,1000
11109,0.000890437,0.890437,1000
11110,0.001159397,1.159397,1000
11111,0.000682905,0.682905,1000
11112,0.001177518,1.177518,1000
11113,0.00133558,1.33558,1000
11114,0.00114829,1.14829,1000
11115,0.000666753,0.666753,1000
11116,0.000590546,0.590546,1000
11117,0.003044053,3.044053,1000
11118,0.00103507,1.03507,1000
11119,0.001134919,1.134919,1000
11120,0.004383497,4.383497,1000
11121,0.040979885,40.979885,1000
11122,0.002534392,2.534392,1000
11123,0.019237569,19.237569,1000
11124,0.000928433,0.928433,1000
11125,0.001002083,1.002083,1000
11126,0.006307218,6.307218,1000
11127,0.009230256,9.230256,1000
11128,0.001071083,1.071083,1000
11129,0.003907669,3.907669,1000
11130,0.001744756,1.744756,1000
11131,0.001012199,1.012199,1000
11132,0.001096676,1.096676,1000
11133,0.001375294,1.375294,1000
11134,0.000810667,0.810667,1000
11135,0.00058616,0.58616,1000
11136,0.001081154,1.081154,1000
11137,0.012157414,12.157414,1000
11138,0.000844773,0.844773,1000
11139,0.000545878,0.545878,1000
11140,0.001218698,1.218698,1000
11141,0.000919098,0.919098,1000
11142,0.001993346,1.993346,1000
11143,0.002858247,2.858247,1000
11144,0.000849015,0.849015,1000
11145,0.000845094,0.845094,1000
11146,0.001298916,1.298916,1000
11147,0.000781513,0.781513,1000
11148,0.000814526,0.814526,1000
11149,0.00103168,1.03168,1000
11150,0.000966474,0.966474,1000
11151,0.003568724,3.568724,1000
11152,0.000843828,0.843828,1000
11153,0.000877852,0.877852,1000
11154,0.000718795,0.718795,1000
11155,0.002289952,2.289952,1000
11156,0.002747599,2.747599,1000
11157,0.000879295,0.879295,1000
11158,0.000869576,0.869576,1000
11159,0.009404549,9.404549,1000
11160,0.001127619,1.127619,1000
11161,0.000974282,0.974282,1000
11163,0.006910386,6.910386,1000
11164,0.024783184,24.783184,1000
11165,0.001028455,1.028455,1000
11166,0.001510527,1.510527,1000
11167,0.00088284,0.88284,1000
11168,0.001601399,1.601399,1000
11169,0.001124571,1.124571,1000
11170,0.057231703,57.231703,1000
11171,0.000878349,0.878349,1000
11172,0.00101771,1.01771,1000
11173,0.023089111,23.089111,1000
11174,0.000929638,0.929638,1000
11175,0.007935122,7.935122,1000
11176,0.001480195,1.480195,1000
11177,0.000800291,0.800291,1000
11178,0.000539014,0.539014,1000
11179,0.000858451,0.858451,1000
11180,0.014029512,14.029512,1000
11181,0.002797776,2.797776,1000
11182,0.000805356,0.805356,1000
11183,0.000800009,0.800009,1000
11184,0.001081154,1.081154,1000
11185,0.00195597,1.95597,1000
11186,0.001777951,1.777951,1000
11187,0.003668482,3.668482,1000
11188,0.001748258,1.748258,1000
11189,0.001127817,1.127817,1000
11191,0.001750714,1.750714,1000
11192,0.001524997,1.524997,1000
11193,0.000960739,0.960739,1000
11194,0.001298879,1.298879,1000
11195,0.001330722,1.330722,1000
11196,0.010461135,10.461135,1000
11197,0.000837186,0.837186,1000
11198,0.000716271,0.716271,1000
11199,0.000704577,0.704577,1000
11200,0.000924143,0.924143,1000
11201,0.001188692,1.188692,1000
11202,0.000704393,0.704393,1000
11203,0.001005558,1.005558,1000
11204,0.001219649,1.219649,1000
11205,0.001213703,1.213703,1000
11206,0.001042817,1.042817,1000
11207,0.000783777,0.783777,1000
11208,0.001205666,1.205666,1000
11209,0.000586313,0.586313,1000
11210,0.000714486,0.714486,1000
11211,0.001520388,1.520388,1000
11212,0.000761029,0.761029,1000
11213,0.001656129,1.656129,1000
11214,0.000955568,0.955568,1000
11215,0.001102397,1.102397,1000
11216,0.000945045,0.945045,1000
11217,0.001523648,1.523648,1000
11218,0.000910125,0.910125,1000
11219,0.000924653,0.924653,1000
11220,0.006134682,6.134682,1000
11221,0.000957353,0.957353,1000
11222,0.000947525,0.947525,1000
11223,0.004130275,4.130275,1000
11224,0.000709695,0.709695,1000
11225,0.001134926,1.134926,1000
11226,0.001429148,1.429148,1000
11227,0.000726886,0.726886,1000
11228,0.064580577,64.580577,1000
11229,0.060338722,60.338722,1000
11230,0.000963103,0.963103,1000
11231,0.000960681,0.960681,1000
11232,0.001573326,1.573326,1000
11233,0.000964895,0.964895,1000
11234,0.000958685,0.958685,1000
11235,0.001559877,1.559877,1000
11236,0.000993186,0.993186,1000
11237,0.00081312,0.81312,1000
11238,0.000998664,0.998664,1000
11239,0.001042957,1.042957,1000
11240,0.001232779,1.232779,1000
11241,0.001016561,1.016561,1000
11242,0.000953545,0.953545,1000
11243,0.001242727,1.242727,1000
11244,0.001256033,1.256033,1000
11245,0.008665277,8.665277,1000
11246,0.000829265,0.829265,1000
11247,0.001455623,1.455623,1000
11248,0.000449982,0.449982,1000
11249,0.002162373,2.162373,1000
11250,0.000892855,0.892855,1000
11251,0.000780663,0.780663,1000
11252,0.003065762,3.065762,1000
11253,0.000665053,0.665053,1000
11254,0.000813867,0.813867,1000
11255,0.001505839,1.505839,1000
11256,0.002207987,2.207987,1000
11257,0.000729071,0.729071,1000
11258,0.002679405,2.679405,1000
11259,0.00038073,0.38073,1000
11260,0.008208215,8.208215,1000
11261,0.002789983,2.789983,1000
11262,0.001330889,1.330889,1000
11263,0.001041789,1.041789,1000
11264,0.000907618,0.907618,1000
11265,0.002166039,2.166039,1000
11266,0.009985561,9.985561,1000
11267,0.000966452,0.966452,1000
11268,0.001170413,1.170413,1000
11269,0.001201746,1.201746,1000
11270,0.001042817,1.042817,1000
11271,0.000937311,0.937311,1000
11272,0.001134919,1.134919,1000
11273,0.001145169,1.145169,1000
11274,0.001401963,1.401963,1000
11275,0.001348794,1.348794,1000
11276,0.003659252,3.659252,1000
11277,0.001062569,1.062569,1000
11278,0.001604228,1.604228,1000
11279,0.001523569,1.523569,1000
11280,0.001457786,1.457786,1000
11282,0.000690525,0.690525,1000
11283,0.096958837,96.958837,1000
11284,0.003886288,3.886288,1000
11285,0.001006165,1.006165,1000
11286,0.00064805,0.64805,1000
11287,0.00092318,0.92318,1000
11288,0.000607581,0.607581,1000
11289,0.000638569,0.638569,1000
11290,0.010167075,10.167075,1000
11291,0.001014621,1.014621,1000
11292,0.000570555,0.570555,1000
11293,0.000965346,0.965346,1000
11294,0.003153034,3.153034,1000
11295,0.039958641,39.958641,1000
11296,0.000568897,0.568897,1000
11297,0.001177522,1.177522,1000
11298,0.000783017,0.783017,1000
11299,0.001523569,1.523569,1000
11300,0.001746026,1.746026,1000
11301,0.001545753,1.545753,1000
11302,0.001520388,1.520388,1000
11303,0.000273211,0.273211,1000
11304,0.003961651,3.961651,1000
11305,0.000822299,0.822299,1000
11306,0.001945866,1.945866,1000
11307,0.001816407,1.816407,1000
11308,0.000782299,0.782299,1000
11309,0.000754432,0.754432,1000
11310,0.001261098,1.261098,1000
11311,0.001280292,1.280292,1000
11312,0.001208361,1.208361,1000
11313,0.002892552,2.892552,1000
11314,0.000444458,0.444458,1000
11315,0.001081154,1.081154,1000
11316,0.001042957,1.042957,1000
11317,0.000993186,0.993186,1000
11318,0.001181368,1.181368,1000
11319,0.00107095,1.07095,1000
11320,0.008126385,8.126385,1000
11321,0.000783777,0.783777,1000
11323,0.002206868,2.206868,1000
11324,0.027523235,27.523235,1000
11325,0.000685644,0.685644,1000
11326,0.152679241,152.679241,1000
11327,0.003185095,3.185095,1000
11328,0.000761165,0.761165,1000
11329,0.010917968,10.917968,1000
11330,0.001212852,1.212852,1000
11331,0.002837272,2.837272,1000
11332,0.004730754,4.730754,1000
11333,0.00823922,8.23922,1000
11334,0.00059162,0.59162,1000
11335,0.001043007,1.043007,1000
11336,0.000953672,0.953672,1000
11337,0.000948554,0.948554,1000
11338,0.000993124,0.993124,1000
11339,0.000935513,0.935513,1000
11340,0.002546617,2.546617,1000
11341,0.000954263,0.954263,1000
11342,0.011155927,11.155927,1000
11343,0.00081272,0.81272,1000
11344,0.000737514,0.737514,1000
11345,0.001120542,1.120542,1000
11346,0.000666567,0.666567,1000
11347,0.000738809,0.738809,1000
11348,0.001081154,1.081154,1000
11349,0.000616863,0.616863,1000
11350,0.00120754,1.20754,1000
11351,0.000977131,0.977131,1000
11352,0.001263283,1.263283,1000
11353,0.000864969,0.864969,1000
11354,0.008135656,8.135656,1000
11355,0.00030285,0.30285,1000
11356,0.000580816,0.580816,1000
11357,0.001034277,1.034277,1000
11358,0.000447559,0.447559,1000
11359,0.008737155,8.737155,1000
11360,0.000948567,0.948567,1000
11361,0.001015566,1.015566,1000
11362,0.000451457,0.451457,1000
11363,0.001879508,1.879508,1000
11364,0.009999266,9.999266,1000
11365,0.001321394,1.321394,1000
11366,0.001062519,1.062519,1000
11367,0.001029247,1.029247,1000
11368,0.001103662,1.103662,1000
11369,0.001130942,1.130942,1000
11370,0.00113232,1.13232,1000
11371,0.000729071,0.729071,1000
11372,0.002812324,2.812324,1000
11373,0.00069671,0.69671,1000
11374,0.000610035,0.610035,1000
11375,0.001167321,1.167321,1000
11376,0.00045887,0.45887,1000
11377,0.008808462,8.808462,1000
11378,0.043701036,43.701036,1000
11379,0.001027191,1.027191,1000
11380,0.000724606,0.724606,1000
11381,0.000334842,0.334842,1000
11382,0.004389976,4.389976,1000
11383,0.00104294,1.04294,1000
11384,0.00081312,0.81312,1000
11385,0.000456815,0.456815,1000
11386,0.000537777,0.537777,1000
11387,0.000993124,0.993124,1000
11388,0.000994886,0.994886,1000
11389,0.001042817,1.042817,1000
11390,0.001460947,1.460947,1000
11391,0.001042957,1.042957,1000
11392,0.000845547,0.845547,1000
11393,0.000783777,0.783777,1000
11394,0.004330586,4.330586,1000
11395,0.001245336,1.245336,1000
11396,0.001028203,1.028203,1000
11397,0.001669534,1.669534,1000
11398,0.000923842,0.923842,1000
11399,0.00074337,0.74337,1000
11400,0.000810633,0.810633,1000
11401,0.001486745,1.486745,1000
11402,0.002207987,2.207987,1000
11403,0.000569408,0.569408,1000
11404,0.002697465,2.697465,1000
11405,0.000658516,0.658516,1000
11406,0.001283809,1.283809,1000
11407,0.000685798,0.685798,1000
11408,0.000852255,0.852255,1000
11409,0.003706376,3.706376,1000
11410,0.002821918,2.821918,1000
11411,0.000489,0.489,1000
11412,0.003693499,3.693499,1000
11413,0.006316323,6.316323,1000
11414,0.001524419,1.524419,1000
11415,0.001603291,1.603291,1000
11416,0.000783548,0.783548,1000
11417,0.001001706,1.001706,1000
11418,0.001062519,1.062519,1000
11419,0.064580577,64.580577,1000
11420,0.008404553,8.404553,1000
11421,0.001293691,1.293691,1000
11422,0.001179005,1.179005,1000
11423,0.001513667,1.513667,1000
11424,0.001037196,1.037196,1000
11425,0.000329178,0.329178,1000
11426,0.040074159,40.074159,1000
11427,0.001134919,1.134919,1000
11428,0.000963458,0.963458,1000
11429,0.00127665,1.27665,1000
11430,0.000920429,0.920429,1000
11431,0.00145825,1.45825,1000
11432,0.000569442,0.569442,1000
11433,0.000617656,0.617656,1000
11434,0.026632293,26.632293,1000
11435,0.00103168,1.03168,1000
11436,0.000665041,0.665041,1000
11437,0.001134926,1.134926,1000
11438,0.003794497,3.794497,1000
11439,0.001442835,1.442835,1000
11440,0.00103168,1.03168,1000
11441,0.020471684,20.471684,1000
11442,0.00103168,1.03168,1000
11443,0.06457915,64.57915,1000
11444,0.000737816,0.737816,1000
11445,0.027731938,27.731938,1000
11446,0.027729254,27.729254,1000
11447,0.001436784,1.436784,1000
11448,0.017060007,17.060007,1000
11449,0.001691797,1.691797,1000
11450,0.000750995,0.750995,1000
11451,0.00114829,1.14829,1000
11452,0.000751545,0.751545,1000
11453,0.000855065,0.855065,1000
11454,0.000726884,0.726884,1000
11455,0.001088629,1.088629,1000
11456,0.001721273,1.721273,1000
11457,0.000768225,0.768225,1000
11458,0.000792012,0.792012,1000
11459,0.022657138,22.657138,1000
11460,0.000316749,0.316749,1000
11461,0.181403136,181.403136,1000
11462,0.001359926,1.359926,1000
11463,0.001205656,1.205656,1000
11464,0.000898989,0.898989,1000
11465,0.000858243,0.858243,1000
11466,0.000937243,0.937243,1000
11467,0.000975928,0.975928,1000
11468,0.001457786,1.457786,1000
11469,0.000662979,0.662979,1000
11470,0.001487033,1.487033,1000
11471,0.00090905,0.90905,1000
11472,0.000880895,0.880895,1000
11473,0.01379089,13.79089,1000
11474,0.000830311,0.830311,1000
11475,0.000924591,0.924591,1000
11476,0.000986382,0.986382,1000
11477,0.001448297,1.448297,1000
11478,0.0009362,0.9362,1000
11479,0.01349735,13.49735,1000
11480,0.000805242,0.805242,1000
11481,0.000838054,0.838054,1000
11482,0.001349769,1.349769,1000
11483,0.000783777,0.783777,1000
11484,0.000891472,0.891472,1000
11485,0.064543003,64.543003,1000
11486,0.000817207,0.817207,1000
11487,0.000798068,0.798068,1000
11488,0.000878015,0.878015,1000
11489,0.001071083,1.071083,1000
11490,0.001260212,1.260212,1000
11491,0.001006227,1.006227,1000
11492,0.001157471,1.157471,1000
11493,0.001125294,1.125294,1000
11494,0.001003517,1.003517,1000
11495,0.001006165,1.006165,1000
11496,0.007915317,7.915317,1000
11497,0.001091954,1.091954,1000
11498,0.001012929,1.012929,1000
11499,0.000852345,0.852345,1000
11500,0.001061842,1.061842,1000
11501,0.002853562,2.853562,1000
11502,0.001613775,1.613775,1000
11503,0.001620389,1.620389,1000
11504,0.000993186,0.993186,1000
11505,0.001376094,1.376094,1000
11506,0.003300287,3.300287,1000
11507,0.000723934,0.723934,1000
11508,0.001750714,1.750714,1000
11509,0.001922416,1.922416,1000
11510,0.001406283,1.406283,1000
11511,0.00118716,1.18716,1000
11512,0.001376094,1.376094,1000
11513,0.001505839,1.505839,1000
11514,0.000840475,0.840475,1000
11515,0.02659904,26.59904,1000
11516,0.000825966,0.825966,1000
11517,0.211092509,211.092509,1000
11518,0.000762204,0.762204,1000
11519,0.000788996,0.788996,1000
11520,0.00083027,0.83027,1000
11521,0.001821889,1.821889,1000
11522,0.001315818,1.315818,1000
11523,0.001228607,1.228607,1000
11524,0.000792448,0.792448,1000
11525,0.001201499,1.201499,1000
11526,0.000758968,0.758968,1000
11527,0.001081154,1.081154,1000
11528,0.001000921,1.000921,1000
11529,0.001645278,1.645278,1000
11530,0.001042957,1.042957,1000
11531,0.000945779,0.945779,1000
11532,0.000765057,0.765057,1000
11533,0.001046465,1.046465,1000
11534,0.000705874,0.705874,1000
11535,0.000948319,0.948319,1000
11536,0.000585049,0.585049,1000
11537,0.00060799,0.60799,1000
11538,0.001228112,1.228112,1000
11539,0.001141795,1.141795,1000
11540,0.00081312,0.81312,1000
11541,0.001537076,1.537076,1000
11542,0.000960681,0.960681,1000
11543,0.001812515,1.812515,1000
11544,0.000774602,0.774602,1000
11545,0.001134919,1.134919,1000
11546,0.00115367,1.15367,1000
11547,0.001367882,1.367882,1000
11548,0.004248736,4.248736,1000
11549,0.001062502,1.062502,1000
11550,0.02686926,26.86926,1000
11551,0.007429201,7.429201,1000
11552,0.016357076,16.357076,1000
11553,0.002047886,2.047886,1000
11554,0.000743031,0.743031,1000
11555,0.001028087,1.028087,1000
11556,0.001071083,1.071083,1000
11557,0.000844963,0.844963,1000
11558,0.00149761,1.49761,1000
11559,0.001043007,1.043007,1000
11560,0.001838298,1.838298,1000
11561,0.001104485,1.104485,1000
11562,0.00112596,1.12596,1000
11563,0.00114796,1.14796,1000
11564,0.01835552,18.35552,1000
11565,0.001071066,1.071066,1000
11566,0.001613775,1.613775,1000
11567,0.00108206,1.08206,1000
11568,0.001062541,1.062541,1000
11569,0.000678891,0.678891,1000
11570,0.00082756,0.82756,1000
11571,0.00158555,1.58555,1000
11572,0.00100866,1.00866,1000
11573,0.000680498,0.680498,1000
11574,0.000920242,0.920242,1000
11575,0.001062519,1.062519,1000
11576,0.001062379,1.062379,1000
11577,0.001246497,1.246497,1000
11578,0.001208909,1.208909,1000
11579,0.001044721,1.044721,1000
11580,0.001199525,1.199525,1000
11581,0.000879832,0.879832,1000
11582,0.000906874,0.906874,1000
11583,0.000640526,0.640526,1000
11584,0.001293727,1.293727,1000
11585,0.000783777,0.783777,1000
11586,0.001158949,1.158949,1000
11587,0.000952547,0.952547,1000
11588,0.001134919,1.134919,1000
11589,0.000832806,0.832806,1000
11590,0.003362039,3.362039,1000
11591,0.001589111,1.589111,1000
11592,0.000894063,0.894063,1000
11593,0.001632638,1.632638,1000
11594,0.001062519,1.062519,1000
11595,0.001062502,1.062502,1000
11596,0.001812655,1.812655,1000
11597,0.00278051,2.78051,1000
11598,0.001091954,1.091954,1000
11599,0.040194994,40.194994,1000
11600,0.001088611,1.088611,1000
11601,0.00109848,1.09848,1000
11602,0.000761674,0.761674,1000
11603,0.001594327,1.594327,1000
11604,0.00107669,1.07669,1000
11605,0.000658831,0.658831,1000
11606,0.034045158,34.045158,1000
11607,0.001152452,1.152452,1000
11608,0.000978992,0.978992,1000
11609,0.000964089,0.964089,1000
11610,0.001020106,1.020106,1000
11611,0.000584436,0.584436,1000
11612,0.001119461,1.119461,1000
11613,0.003772453,3.772453,1000
11614,0.00114796,1.14796,1000
11615,0.001234952,1.234952,1000
11616,0.00033422,0.33422,1000
11617,0.001520625,1.520625,1000
11618,0.000856033,0.856033,1000
11619,0.006790771,6.790771,1000
11620,0.000931569,0.931569,1000
11621,0.002801643,2.801643,1000
11622,0.000867065,0.867065,1000
11623,0.001139479,1.139479,1000
11624,0.006186489,6.186489,1000
11625,0.000783777,0.783777,1000
11626,0.000535971,0.535971,1000
11627,0.001271813,1.271813,1000
11628,0.001042817,1.042817,1000
11629,0.006238409,6.238409,1000
11630,0.000740557,0.740557,1000
11631,0.001006227,1.006227,1000
11632,0.019200082,19.200082,1000
11633,0.00122234,1.22234,1000
11634,0.026814066,26.814066,1000
11635,0.000748691,0.748691,1000
11636,0.001071105,1.071105,1000
11637,0.000928141,0.928141,1000
11638,0.001298588,1.298588,1000
11639,0.001385469,1.385469,1000
11640,0.005294083,5.294083,1000
11641,0.00676999,6.76999,1000
11642,0.004526185,4.526185,1000
11643,0.001342684,1.342684,1000
11644,0.000656062,0.656062,1000
11645,0.000827711,0.827711,1000
11646,0.000749267,0.749267,1000
11647,0.003792537,3.792537,1000
11648,0.000778563,0.778563,1000
11649,0.000733222,0.733222,1000
11650,0.00106514,1.06514,1000
11651,0.000718349,0.718349,1000
11652,0.001612347,1.612347,1000
11653,0.000731937,0.731937,1000
11654,0.00061158,0.61158,1000
11655,0.002884839,2.884839,1000
11656,0.001060937,1.060937,1000
11657,0.000993186,0.993186,1000
11658,0.000893204,0.893204,1000
11659,0.001102977,1.102977,1000
11660,0.000578504,0.578504,1000
11661,0.01507813,15.07813,1000
11662,0.003116679,3.116679,1000
11663,0.000747146,0.747146,1000
11664,0.000607308,0.607308,1000
11665,0.000908527,0.908527,1000
11666,0.000636335,0.636335,1000
11667,0.001483592,1.483592,1000
11668,0.000653104,0.653104,1000
11669,0.001006227,1.006227,1000
11670,0.002883201,2.883201,1000
11671,0.001641592,1.641592,1000
11672,0.000733919,0.733919,1000
11673,0.004431472,4.431472,1000
11674,0.000933978,0.933978,1000
11675,0.000880187,0.880187,1000
11676,0.00068299,0.68299,1000
11677,0.007196696,7.196696,1000
11678,0.002633957,2.633957,1000
11679,0.000893937,0.893937,1000
11680,0.000816878,0.816878,1000
11681,0.000572366,0.572366,1000
11682,0.000995982,0.995982,1000
11683,0.000783777,0.783777,1000
11684,0.000634381,0.634381,1000
11685,0.003346329,3.346329,1000
11686,0.003195891,3.195891,1000
11687,0.000651541,0.651541,1000
11688,0.000755899,0.755899,1000
11689,0.000643033,0.643033,1000
11690,0.012281952,12.281952,1000
11691,0.00115367,1.15367,1000
11692,0.000783777,0.783777,1000
11693,0.00583839,5.83839,1000
11694,0.001130195,1.130195,1000
11695,0.001062379,1.062379,1000
11696,0.035283433,35.283433,1000
11697,0.001505839,1.505839,1000
11698,0.001505839,1.505839,1000
11699,0.001062541,1.062541,1000
11700,0.001062541,1.062541,1000
11701,0.003033627,3.033627,1000
11702,0.000641491,0.641491,1000
11703,0.001826577,1.826577,1000
11704,0.002311034,2.311034,1000
11705,0.006505984,6.505984,1000
11706,0.009815013,9.815013,1000
11707,0.000824337,0.824337,1000
11708,0.001014605,1.014605,1000
11709,0.001072286,1.072286,1000
11710,0.00403538,4.03538,1000
11711,0.020948141,20.948141,1000
11712,0.001081154,1.081154,1000
11713,0.001062379,1.062379,1000
11714,0.001223526,1.223526,1000
11715,0.001733636,1.733636,1000
11716,0.015959734,15.959734,1000
11717,0.000813867,0.813867,1000
11718,0.000833607,0.833607,1000
11719,0.146330299,146.330299,1000
11720,0.001958421,1.958421,1000
11721,0.002409889,2.409889,1000
11722,0.00103168,1.03168,1000
11723,0.00037643,0.37643,1000
11724,0.002030347,2.030347,1000
11725,0.070904649,70.904649,1000
11726,0.010936931,10.936931,1000
11727,0.000970393,0.970393,1000
11728,0.000833925,0.833925,1000
11729,0.000612251,0.612251,1000
11730,0.003218909,3.218909,1000
11731,0.000853969,0.853969,1000
11732,0.00113816,1.13816,1000
11733,0.001062871,1.062871,1000
11734,0.000813831,0.813831,1000
11735,0.001619793,1.619793,1000
11736,0.001447874,1.447874,1000
11737,0.000821507,0.821507,1000
11738,0.000610313,0.610313,1000
11739,0.006568399,6.568399,1000
11740,0.000993124,0.993124,1000
11741,0.032268497,32.268497,1000
11742,0.01045425,10.45425,1000
11743,0.006744526,6.744526,1000
11744,0.002962676,2.962676,1000
11745,0.000948554,0.948554,1000
11746,0.000894163,0.894163,1000
11747,0.001551877,1.551877,1000
11748,0.001071105,1.071105,1000
11749,0.007481063,7.481063,1000
11750,0.001138634,1.138634,1000
11751,0.000495688,0.495688,1000
11752,0.001638299,1.638299,1000
11753,0.001156729,1.156729,1000
11754,0.000693366,0.693366,1000
11755,0.000907309,0.907309,1000
11756,0.000867941,0.867941,1000
11757,0.001055946,1.055946,1000
11758,0.000770595,0.770595,1000
11759,0.000752022,0.752022,1000
11760,0.001071105,1.071105,1000
11761,0.001006165,1.006165,1000
11762,0.001523753,1.523753,1000
11763,0.000947239,0.947239,1000
11764,0.01058247,10.58247,1000
11765,0.000849588,0.849588,1000
11766,0.001042979,1.042979,1000
11767,0.002978475,2.978475,1000
11768,0.006819661,6.819661,1000
11769,0.000882011,0.882011,1000
11770,0.001132699,1.132699,1000
11771,0.000783777,0.783777,1000
11772,0.000701223,0.701223,1000
11773,0.000835868,0.835868,1000
11774,0.000851347,0.851347,1000
11775,0.000785109,0.785109,1000
11776,0.000864928,0.864928,1000
11777,0.00293079,2.93079,1000
11778,0.00130375,1.30375,1000
11779,0.001485722,1.485722,1000
11780,0.000995571,0.995571,1000
11781,0.007235428,7.235428,1000
11782,0.002964263,2.964263,1000
11783,0.001523753,1.523753,1000
11784,0.0006452,0.6452,1000
11785,0.000544885,0.544885,1000
11786,0.00070008,0.70008,1000
11787,0.000681067,0.681067,1000
11788,0.000620131,0.620131,1000
11789,0.005743685,5.743685,1000
11790,0.001061351,1.061351,1000
11791,0.026903223,26.903223,1000
11792,0.003232524,3.232524,1000
11793,0.000971299,0.971299,1000
11794,0.001488682,1.488682,1000
11795,0.00073352,0.73352,1000
11796,0.00091887,0.91887,1000
11797,0.001042817,1.042817,1000
11798,0.000783777,0.783777,1000
11799,0.000529535,0.529535,1000
11800,0.000554916,0.554916,1000
11801,0.001042957,1.042957,1000
11802,0.002161382,2.161382,1000
11803,0.000858442,0.858442,1000
11804,0.000694619,0.694619,1000
11805,0.000912456,0.912456,1000
11806,0.000548653,0.548653,1000
11807,0.000906325,0.906325,1000
11808,0.001144266,1.144266,1000
11809,0.000626473,0.626473,1000
11810,0.000714015,0.714015,1000
11811,0.001261951,1.261951,1000
11812,0.000929234,0.929234,1000
11813,0.001041198,1.041198,1000
11814,0.001665231,1.665231,1000
11815,0.000907025,0.907025,1000
11816,0.002522631,2.522631,1000
11817,0.001011936,1.011936,1000
11818,0.001826577,1.826577,1000
11819,0.003264302,3.264302,1000
11820,0.008161303,8.161303,1000
11821,0.005144457,5.144457,1000
11822,0.000841228,0.841228,1000
11823,0.000753095,0.753095,1000
11824,0.008024426,8.024426,1000
11825,0.06457589,64.57589,1000
11826,0.000779705,0.779705,1000
11827,0.00112596,1.12596,1000
11828,0.0011896,1.1896,1000
11829,0.001090981,1.090981,1000
11830,0.000862381,0.862381,1000
11831,0.001042817,1.042817,1000
11832,0.0010364,1.0364,1000
11833,0.000749637,0.749637,1000
11834,0.000825966,0.825966,1000
11835,0.000826098,0.826098,1000
11836,0.003427696,3.427696,1000
11837,0.001378872,1.378872,1000
11838,0.05804105,58.04105,1000
11839,0.000935513,0.935513,1000
11840,0.00079095,0.79095,1000
11841,0.000352455,0.352455,1000
11842,0.001149134,1.149134,1000
11843,0.001006165,1.006165,1000
11844,0.001116018,1.116018,1000
11845,0.001005812,1.005812,1000
11846,0.001042288,1.042288,1000
11847,0.000609121,0.609121,1000
11848,0.000897286,0.897286,1000
11849,0.000772055,0.772055,1000
11850,0.001088478,1.088478,1000
11851,0.00430853,4.30853,1000
11852,0.000964089,0.964089,1000
11853,0.000995922,0.995922,1000
11854,0.001255912,1.255912,1000
11855,0.000951318,0.951318,1000
11856,0.001473396,1.473396,1000
11857,0.00086588,0.86588,1000
11858,0.001348982,1.348982,1000
11859,0.000989136,0.989136,1000
11860,0.001552217,1.552217,1000
11861,0.001139001,1.139001,1000
11862,0.000715862,0.715862,1000
11863,0.000858682,0.858682,1000
11864,0.000642695,0.642695,1000
11865,0.000565818,0.565818,1000
11866,0.000822856,0.822856,1000
11867,0.001269583,1.269583,1000
11868,0.000955023,0.955023,1000
11869,0.001342154,1.342154,1000
11870,0.000750633,0.750633,1000
11871,0.003154929,3.154929,1000
11872,0.000902168,0.902168,1000
11873,0.000574451,0.574451,1000
11874,0.001457786,1.457786,1000
11875,0.001750714,1.750714,1000
11876,0.000987609,0.987609,1000
11877,0.000839087,0.839087,1000
11878,0.001024781,1.024781,1000
11879,0.001484882,1.484882,1000
11880,0.001139483,1.139483,1000
11881,0.008139959,8.139959,1000
11882,0.001042817,1.042817,1000
11883,0.000937243,0.937243,1000
11884,0.002331947,2.331947,1000
11885,0.004756064,4.756064,1000
11886,0.000937243,0.937243,1000
11887,0.00103168,1.03168,1000
11888,0.000490925,0.490925,1000
11889,0.000646822,0.646822,1000
11890,0.000651327,0.651327,1000
11891,0.000670773,0.670773,1000
11892,0.001072481,1.072481,1000
11893,0.000678584,0.678584,1000
11894,0.003076824,3.076824,1000
11895,0.000993186,0.993186,1000
11896,0.001416289,1.416289,1000
11897,0.001162515,1.162515,1000
11898,0.000760397,0.760397,1000
11899,0.00098168,0.98168,1000
11901,0.00078378,0.78378,1000
11902,0.010500325,10.500325,1000
11903,0.000857142,0.857142,1000
11904,0.000693054,0.693054,1000
11905,0.001085124,1.085124,1000
11906,0.001383433,1.383433,1000
11907,0.001935483,1.935483,1000
11908,0.001042008,1.042008,1000
11909,0.001042319,1.042319,1000
11910,0.001159815,1.159815,1000
11911,0.000864227,0.864227,1000
11912,0.000849575,0.849575,1000
11913,0.000993124,0.993124,1000
11914,0.001114833,1.114833,1000
11915,0.000691565,0.691565,1000
11916,0.000907379,0.907379,1000
11917,0.001147967,1.147967,1000
11918,0.001556594,1.556594,1000
11919,0.00154718,1.54718,1000
11920,0.000886407,0.886407,1000
11921,0.001376094,1.376094,1000
11922,0.000808288,0.808288,1000
11923,0.002960633,2.960633,1000
11924,0.000925167,0.925167,1000
11925,0.001243259,1.243259,1000
11926,0.00098373,0.98373,1000
11927,0.00356116,3.56116,1000
11928,0.001069915,1.069915,1000
11929,0.000970703,0.970703,1000
11930,0.00092136,0.92136,1000
11931,0.007989919,7.989919,1000
11932,0.001006227,1.006227,1000
11933,0.001218698,1.218698,1000
11934,0.005292076,5.292076,1000
11935,0.000618936,0.618936,1000
11936,0.00086823,0.86823,1000
11937,0.00153273,1.53273,1000
11938,0.000404581,0.404581,1000
11939,0.00153273,1.53273,1000
11940,0.000618778,0.618778,1000
11941,0.001311235,1.311235,1000
11942,0.000805576,0.805576,1000
11943,0.001080654,1.080654,1000
11944,0.000847128,0.847128,1000
11945,0.007415813,7.415813,1000
11946,0.003041989,3.041989,1000
11947,0.000571899,0.571899,1000
11948,0.000966171,0.966171,1000
11949,0.00314053,3.14053,1000
11950,0.001011936,1.011936,1000
11951,0.001626092,1.626092,1000
11952,0.000961056,0.961056,1000
11953,0.001096064,1.096064,1000
11954,0.018821681,18.821681,1000
11955,0.00122776,1.22776,1000
11956,0.000629278,0.629278,1000
11957,0.000694141,0.694141,1000
11958,0.000879668,0.879668,1000
11959,0.001158602,1.158602,1000
11960,0.001141219,1.141219,1000
11961,0.000922223,0.922223,1000
11962,0.003754216,3.754216,1000
11963,0.001244795,1.244795,1000
11964,0.000976535,0.976535,1000
11965,0.011889017,11.889017,1000
11966,0.00040662,0.40662,1000
11967,0.003427366,3.427366,1000
11968,0.001072364,1.072364,1000
11969,0.000878354,0.878354,1000
11970,0.00084081,0.84081,1000
11971,0.001371127,1.371127,1000
11972,0.000666196,0.666196,1000
11973,0.000711285,0.711285,1000
11974,0.018378852,18.378852,1000
11975,0.001321698,1.321698,1000
11976,0.00095244,0.95244,1000
11977,0.002509171,2.509171,1000
11978,0.00687264,6.87264,1000
11979,0.010490232,10.490232,1000
11980,0.000549578,0.549578,1000
11981,0.001176535,1.176535,1000
11982,0.002724186,2.724186,1000
11983,0.000818465,0.818465,1000
11984,0.002010561,2.010561,1000
11985,0.032763325,32.763325,1000
11986,0.059295078,59.295078,1000
11987,0.000670829,0.670829,1000
11988,0.001006227,1.006227,1000
11989,0.001034269,1.034269,1000
11990,0.595283003,595.283003,1000
11991,0.003430462,3.430462,1000
11992,0.000993186,0.993186,1000
11993,0.06457589,64.57589,1000
11994,0.002229506,2.229506,1000
11995,0.002866586,2.866586,1000
11996,0.000696821,0.696821,1000
11997,0.003357498,3.357498,1000
11998,0.001160076,1.160076,1000
11999,0.000699258,0.699258,1000
12000,0.008940312,8.940312,1000
12001,0.00252878,2.52878,1000
12002,0.001104592,1.104592,1000
12003,0.000644324,0.644324,1000
12004,0.000944592,0.944592,1000
12005,0.001612347,1.612347,1000
12006,0.001608013,1.608013,1000
12007,0.00070495,0.70495,1000
12008,0.001011936,1.011936,1000
12009,0.000615842,0.615842,1000
12010,0.000599385,0.599385,1000
12011,0.002059258,2.059258,1000
12012,0.001062379,1.062379,1000
12013,0.000888897,0.888897,1000
12014,0.001085205,1.085205,1000
12015,0.002959171,2.959171,1000
12016,0.000689675,0.689675,1000
12017,0.001134919,1.134919,1000
12018,0.000821427,0.821427,1000
12019,0.005721562,5.721562,1000
12020,0.001062519,1.062519,1000
12021,0.000823429,0.823429,1000
12022,0.001071105,1.071105,1000
12023,0.000953672,0.953672,1000
12024,0.001011936,1.011936,1000
12025,0.001017415,1.017415,1000
12026,0.001497372,1.497372,1000
12027,0.000951334,0.951334,1000
12028,0.000852463,0.852463,1000
12029,0.000832944,0.832944,1000
12030,0.001520388,1.520388,1000
12031,0.001518587,1.518587,1000
12032,0.001042957,1.042957,1000
12033,0.001525076,1.525076,1000
12034,0.001240761,1.240761,1000
12035,0.000595177,0.595177,1000
12036,0.001135671,1.135671,1000
12037,0.002355848,2.355848,1000
12038,0.00137604,1.37604,1000
12039,0.001011936,1.011936,1000
12040,0.000703034,0.703034,1000
12041,0.001081154,1.081154,1000
12042,0.000560271,0.560271,1000
12043,0.001520493,1.520493,1000
12044,0.00254559,2.54559,1000
12045,0.000795512,0.795512,1000
12046,0.000625201,0.625201,1000
12047,0.001042957,1.042957,1000
12048,0.000916555,0.916555,1000
12049,0.000291193,0.291193,1000
12050,0.001149588,1.149588,1000
12051,0.000661651,0.661651,1000
12052,0.000274194,0.274194,1000
12053,0.001032809,1.032809,1000
12054,0.004822653,4.822653,1000
12055,0.001066718,1.066718,1000
12056,0.000611559,0.611559,1000
12057,0.001519734,1.519734,1000
12058,0.000691411,0.691411,1000
12059,0.000752187,0.752187,1000
12060,0.00400975,4.00975,1000
12061,0.000692007,0.692007,1000
12062,0.000577166,0.577166,1000
12063,0.000898941,0.898941,1000
12064,0.000919343,0.919343,1000
12065,0.004250517,4.250517,1000
12066,0.001369533,1.369533,1000
12067,0.000693631,0.693631,1000
12068,0.001169491,1.169491,1000
12069,0.00103168,1.03168,1000
12070,0.00102189,1.02189,1000
12071,0.001068547,1.068547,1000
12072,0.004457255,4.457255,1000
12073,0.000910897,0.910897,1000
12074,0.000593105,0.593105,1000
12075,0.004884826,4.884826,1000
12076,0.012312435,12.312435,1000
12077,0.001182245,1.182245,1000
12078,0.001062628,1.062628,1000
12079,0.000696672,0.696672,1000
12080,0.000690792,0.690792,1000
12081,0.000622674,0.622674,1000
12082,0.000978604,0.978604,1000
12083,0.000954263,0.954263,1000
12084,0.000775862,0.775862,1000
12085,0.000699346,0.699346,1000
12086,0.000759623,0.759623,1000
12087,0.003874639,3.874639,1000
12088,0.000922584,0.922584,1000
12089,0.000965719,0.965719,1000
12090,0.001001018,1.001018,1000
12091,0.00114796,1.14796,1000
12092,0.000846029,0.846029,1000
12093,0.001684999,1.684999,1000
12094,0.00109252,1.09252,1000
12095,0.001006227,1.006227,1000
12096,0.007101398,7.101398,1000
12097,0.001560962,1.560962,1000
12098,0.001044721,1.044721,1000
12099,0.000710209,0.710209,1000
12100,0.000603381,0.603381,1000
12101,0.00277878,2.77878,1000
12102,0.005682758,5.682758,1000
12103,0.001010699,1.010699,1000
12104,0.011448899,11.448899,1000
12105,0.000434653,0.434653,1000
12106,0.194591783,194.591783,1000
12107,0.001144711,1.144711,1000
12108,0.15400737,154.00737,1000
12109,0.000757335,0.757335,1000
12110,0.000824195,0.824195,1000
12111,0.002843852,2.843852,1000
12112,0.000502671,0.502671,1000
12113,0.001181207,1.181207,1000
12114,0.001548449,1.548449,1000
12115,0.000598864,0.598864,1000
12116,0.001746026,1.746026,1000
12117,0.002176067,2.176067,1000
12118,0.014018959,14.018959,1000
12119,0.001777984,1.777984,1000
12120,0.001042288,1.042288,1000
12121,0.000657272,0.657272,1000
12122,0.001510527,1.510527,1000
12123,0.000767017,0.767017,1000
12124,0.001143068,1.143068,1000
12125,0.001677644,1.677644,1000
12126,0.00169056,1.69056,1000
12127,0.002143019,2.143019,1000
12128,0.00034398,0.34398,1000
12129,0.001004652,1.004652,1000
12130,0.000624431,0.624431,1000
12131,0.000798958,0.798958,1000
12132,0.678310374,678.310374,1000
12133,0.001628219,1.628219,1000
12134,0.000375012,0.375012,1000
12135,0.00103168,1.03168,1000
12136,0.001069559,1.069559,1000
12137,0.000734862,0.734862,1000
12138,0.001043007,1.043007,1000
12139,0.000963771,0.963771,1000
12140,0.001178912,1.178912,1000
12141,0.001213697,1.213697,1000
12142,0.001506896,1.506896,1000
12143,0.000489589,0.489589,1000
12144,0.000691482,0.691482,1000
12145,0.001248052,1.248052,1000
12146,0.000897778,0.897778,1000
12147,0.000631553,0.631553,1000
12148,0.001986014,1.986014,1000
12149,0.00558652,5.58652,1000
12150,0.000849664,0.849664,1000
12151,0.000937184,0.937184,1000
12152,0.000619615,0.619615,1000
12153,0.000689888,0.689888,1000
12154,0.000763484,0.763484,1000
12155,0.007281697,7.281697,1000
12156,0.000576207,0.576207,1000
12157,0.000710345,0.710345,1000
12158,0.001042288,1.042288,1000
12159,0.006294603,6.294603,1000
12160,0.001312558,1.312558,1000
12161,0.001042979,1.042979,1000
12162,0.000846125,0.846125,1000
12163,0.001492864,1.492864,1000
12164,0.001609087,1.609087,1000
12165,0.000866748,0.866748,1000
12166,0.002068032,2.068032,1000
12167,0.017372886,17.372886,1000
12168,0.000833614,0.833614,1000
12169,0.000892135,0.892135,1000
12170,0.027455137,27.455137,1000
12171,0.019524954,19.524954,1000
12172,0.018777491,18.777491,1000
12173,0.018443259,18.443259,1000
12174,0.000703993,0.703993,1000
12175,0.0012875,1.2875,1000
12176,0.002921082,2.921082,1000
12177,0.000556935,0.556935,1000
12178,0.000789233,0.789233,1000
12179,0.000262949,0.262949,1000
12180,0.007500435,7.500435,1000
12181,0.001324896,1.324896,1000
12182,0.026683348,26.683348,1000
12183,0.000758237,0.758237,1000
12184,0.001031058,1.031058,1000
12185,0.000845088,0.845088,1000
12186,0.001505839,1.505839,1000
12187,0.00056607,0.56607,1000
12188,0.00109,1.09,1000
12189,0.000682311,0.682311,1000
12190,0.000866706,0.866706,1000
12191,0.000825251,0.825251,1000
12192,0.000920655,0.920655,1000
12193,0.001008594,1.008594,1000
12194,0.000750623,0.750623,1000
12195,0.000737171,0.737171,1000
12196,0.001113766,1.113766,1000
12197,0.000689926,0.689926,1000
12199,0.001141219,1.141219,1000
12200,0.000846659,0.846659,1000
12201,0.005711995,5.711995,1000
12202,0.000761674,0.761674,1000
12203,0.000852548,0.852548,1000
12204,0.014648293,14.648293,1000
12205,0.00079695,0.79695,1000
12206,0.000694011,0.694011,1000
12207,0.003074347,3.074347,1000
12208,0.001025709,1.025709,1000
12209,0.001239094,1.239094,1000
12210,0.000540145,0.540145,1000
12211,0.002911418,2.911418,1000
12212,0.001097408,1.097408,1000
12213,0.001069991,1.069991,1000
12214,0.001185339,1.185339,1000
12215,0.000795527,0.795527,1000
12216,0.001171798,1.171798,1000
12217,0.002248285,2.248285,1000
12218,0.000688588,0.688588,1000
12219,0.001122392,1.122392,1000
12220,0.028274022,28.274022,1000
12221,0.000783231,0.783231,1000
12222,0.000920538,0.920538,1000
12223,0.001825149,1.825149,1000
12224,0.001379722,1.379722,1000
12225,0.00135119,1.35119,1000
12226,0.001151,1.151,1000
12227,0.001113135,1.113135,1000
12228,0.002177282,2.177282,1000
12229,0.007025638,7.025638,1000
12230,0.016403833,16.403833,1000
12231,0.001523569,1.523569,1000
12232,0.001517915,1.517915,1000
12234,0.000851484,0.851484,1000
12235,0.000994326,0.994326,1000
12236,0.001013247,1.013247,1000
12237,0.002951947,2.951947,1000
12238,0.000722496,0.722496,1000
12239,0.000791537,0.791537,1000
12240,0.000800547,0.800547,1000
12241,0.00139486,1.39486,1000
12242,0.001623754,1.623754,1000
12243,0.000530342,0.530342,1000
12244,0.001006227,1.006227,1000
12245,0.001362127,1.362127,1000
12246,0.000709676,0.709676,1000
12247,0.001330285,1.330285,1000
12248,0.001221487,1.221487,1000
12249,0.003555601,3.555601,1000
12250,0.000715278,0.715278,1000
12251,0.000969327,0.969327,1000
12252,0.001491597,1.491597,1000
12253,0.001177645,1.177645,1000
12254,0.002912019,2.912019,1000
12255,0.00069401,0.69401,1000
12256,0.001124571,1.124571,1000
12258,0.001043798,1.043798,1000
12259,0.002789068,2.789068,1000
12260,0.000816141,0.816141,1000
12261,0.000629887,0.629887,1000
12262,0.001750714,1.750714,1000
12263,0.001147967,1.147967,1000
12264,0.001190342,1.190342,1000
12265,0.000903391,0.903391,1000
12266,0.001011936,1.011936,1000
12267,0.000921744,0.921744,1000
12268,0.00129343,1.29343,1000
12269,0.000986442,0.986442,1000
12270,0.000958165,0.958165,1000
12271,0.001620575,1.620575,1000
12272,0.001522992,1.522992,1000
12273,0.000736436,0.736436,1000
12274,0.001609087,1.609087,1000
12275,0.000632162,0.632162,1000
12276,0.001520309,1.520309,1000
12277,0.001609087,1.609087,1000
12278,0.000440243,0.440243,1000
12279,0.000392168,0.392168,1000
12280,0.000544149,0.544149,1000
12281,0.001012601,1.012601,1000
12282,0.000758329,0.758329,1000
12283,0.000862483,0.862483,1000
12284,0.0008069,0.8069,1000
12285,0.001389034,1.389034,1000
12286,0.000782237,0.782237,1000
12287,0.001520388,1.520388,1000
12288,0.001480195,1.480195,1000
12289,0.001883363,1.883363,1000
12290,0.013372508,13.372508,1000
12291,0.000801073,0.801073,1000
12292,0.000260838,0.260838,1000
12293,0.001592492,1.592492,1000
12294,0.005652133,5.652133,1000
12295,0.001746026,1.746026,1000
12296,0.000982767,0.982767,1000
12297,0.000812128,0.812128,1000
12298,0.000718268,0.718268,1000
12299,0.00103168,1.03168,1000
12300,0.00050154,0.50154,1000
12301,0.000992498,0.992498,1000
12302,0.008304819,8.304819,1000
12303,0.000881923,0.881923,1000
12304,0.003156513,3.156513,1000
12305,0.001042979,1.042979,1000
12306,0.000902755,0.902755,1000
12307,0.001321031,1.321031,1000
12308,0.001609087,1.609087,1000
12309,0.000525682,0.525682,1000
12310,0.005937554,5.937554,1000
12311,0.001641261,1.641261,1000
12312,0.000999621,0.999621,1000
12313,0.005754676,5.754676,1000
12314,0.003142125,3.142125,1000
12315,0.003329849,3.329849,1000
12316,0.005190869,5.190869,1000
12317,0.000873047,0.873047,1000
12318,0.00117307,1.17307,1000
12319,0.00800181,8.00181,1000
12320,0.002971634,2.971634,1000
12321,0.00821028,8.21028,1000
12322,0.056517442,56.517442,1000
12323,0.000724108,0.724108,1000
12324,0.000762967,0.762967,1000
12325,0.000903437,0.903437,1000
12326,0.001165501,1.165501,1000
12327,0.000751074,0.751074,1000
12328,0.178651568,178.651568,1000
12329,0.000864838,0.864838,1000
12330,0.075361318,75.361318,1000
12331,0.0004809,0.4809,1000
12332,0.040562981,40.562981,1000
12333,0.075366214,75.366214,1000
12334,0.148747674,148.747674,1000
12335,0.008749438,8.749438,1000
12336,0.002890775,2.890775,1000
12337,0.016380903,16.380903,1000
12338,0.00088493,0.88493,1000
12339,0.008230867,8.230867,1000
12340,0.00073933,0.73933,1000
12341,0.0402508,40.2508,1000
12342,0.415605066,415.605066,1000
12343,0.016382606,16.382606,1000
12344,0.005220056,5.220056,1000
12345,0.001043007,1.043007,1000
12346,0.000440027,0.440027,1000
12347,0.001312558,1.312558,1000
12348,0.001746026,1.746026,1000
12349,0.00067443,0.67443,1000
12350,0.000597541,0.597541,1000
12351,0.006810593,6.810593,1000
12352,0.001104592,1.104592,1000
12353,0.00061262,0.61262,1000
12354,0.001995384,1.995384,1000
12355,0.001058092,1.058092,1000
12356,0.001288912,1.288912,1000
12357,0.000410782,0.410782,1000
12358,0.000661314,0.661314,1000
12359,0.959652164,959.652164,1000
12360,0.001150022,1.150022,1000
12361,0.000882371,0.882371,1000
12362,0.001757973,1.757973,1000
12363,0.001825149,1.825149,1000
12364,0.001071133,1.071133,1000
12365,0.004240292,4.240292,1000
12366,0.001612062,1.612062,1000
12367,0.006601818,6.601818,1000
12368,0.000963771,0.963771,1000
12369,0.000993186,0.993186,1000
12370,0.001524997,1.524997,1000
12371,0.000710778,0.710778,1000
12372,0.001826577,1.826577,1000
12373,0.000996072,0.996072,1000
12374,0.001621453,1.621453,1000
12375,0.000681118,0.681118,1000
12376,0.002725364,2.725364,1000
12377,0.001119446,1.119446,1000
12378,0.003265241,3.265241,1000
12379,0.001235034,1.235034,1000
12380,0.001171504,1.171504,1000
12381,0.001290576,1.290576,1000
12382,0.001488426,1.488426,1000
12383,0.001062379,1.062379,1000
12384,0.000798677,0.798677,1000
12385,0.000761065,0.761065,1000
12386,0.001071066,1.071066,1000
12387,0.001060749,1.060749,1000
12388,0.001457786,1.457786,1000
12389,0.001825149,1.825149,1000
12390,0.004567311,4.567311,1000
12391,0.000792656,0.792656,1000
12392,0.000627949,0.627949,1000
12393,0.000920943,0.920943,1000
12394,0.000730845,0.730845,1000
12395,0.001042916,1.042916,1000
12396,0.001217249,1.217249,1000
12397,0.000964089,0.964089,1000
12398,0.002075163,2.075163,1000
12399,0.001598603,1.598603,1000
12400,0.000854175,0.854175,1000
12401,0.001628219,1.628219,1000
12402,0.002285947,2.285947,1000
12403,0.001038219,1.038219,1000
12404,0.001570947,1.570947,1000
12405,0.001108434,1.108434,1000
12406,0.001144208,1.144208,1000
12407,0.001733113,1.733113,1000
12408,0.000801904,0.801904,1000
12409,0.000812255,0.812255,1000
12410,0.00137604,1.37604,1000
12411,0.001062541,1.062541,1000
12412,0.00136053,1.36053,1000
12413,0.000616206,0.616206,1000
12414,0.00162742,1.62742,1000
12415,0.001284055,1.284055,1000
12416,0.001198698,1.198698,1000
12417,0.00138101,1.38101,1000
12418,0.000790557,0.790557,1000
12419,0.001044721,1.044721,1000
12420,0.000773553,0.773553,1000
12421,0.004290339,4.290339,1000
12422,0.016314548,16.314548,1000
12423,0.001219521,1.219521,1000
12424,0.000911735,0.911735,1000
12425,0.00126384,1.26384,1000
12426,0.00128259,1.28259,1000
12427,0.000711054,0.711054,1000
12428,0.00126384,1.26384,1000
12429,0.000945784,0.945784,1000
12430,0.003317993,3.317993,1000
12431,0.003082407,3.082407,1000
12432,0.00754394,7.54394,1000
12433,0.004587718,4.587718,1000
12434,0.001011936,1.011936,1000
12435,0.001293292,1.293292,1000
12436,0.001218698,1.218698,1000
12437,0.007071846,7.071846,1000
12438,0.001345337,1.345337,1000
12439,0.001666488,1.666488,1000
12440,0.00173284,1.73284,1000
12441,0.002849988,2.849988,1000
12442,0.000922735,0.922735,1000
12443,0.075976489,75.976489,1000
12444,0.000363153,0.363153,1000
12445,0.001392687,1.392687,1000
12446,0.008156045,8.156045,1000
12447,0.001593884,1.593884,1000
12448,0.001257856,1.257856,1000
12449,0.001042957,1.042957,1000
12450,0.001520388,1.520388,1000
12451,0.001821889,1.821889,1000
12452,0.000442774,0.442774,1000
12453,0.000993186,0.993186,1000
12454,0.06457589,64.57589,1000
12455,0.003058902,3.058902,1000
12456,0.001621692,1.621692,1000
12457,0.001335576,1.335576,1000
12458,0.003825734,3.825734,1000
12459,0.001134919,1.134919,1000
12460,0.000858252,0.858252,1000
12461,0.000825723,0.825723,1000
12462,0.001124571,1.124571,1000
12463,0.001609087,1.609087,1000
12464,0.001613775,1.613775,1000
12465,0.001150787,1.150787,1000
12466,0.001347663,1.347663,1000
12467,0.036948077,36.948077,1000
12468,0.004635133,4.635133,1000
12469,0.00059526,0.59526,1000
12470,0.009734199,9.734199,1000
12471,0.000838286,0.838286,1000
12472,0.008305868,8.305868,1000
12473,0.000685896,0.685896,1000
12474,0.097383459,97.383459,1000
12475,0.000843277,0.843277,1000
12476,0.001228429,1.228429,1000
12477,0.000427042,0.427042,1000
12478,0.000480866,0.480866,1000
12479,0.000465394,0.465394,1000
12480,0.000935513,0.935513,1000
12481,0.000993186,0.993186,1000
12482,0.000535993,0.535993,1000
12483,0.00139486,1.39486,1000
12484,0.00104294,1.04294,1000
12485,0.000839398,0.839398,1000
12486,0.001042979,1.042979,1000
12487,0.000859998,0.859998,1000
12488,0.00115635,1.15635,1000
12489,0.000804222,0.804222,1000
12490,0.000637561,0.637561,1000
12491,0.001071133,1.071133,1000
12492,0.001143068,1.143068,1000
12493,0.000937396,0.937396,1000
12494,0.005023086,5.023086,1000
12495,0.003188095,3.188095,1000
12496,0.005754278,5.754278,1000
12497,0.026962158,26.962158,1000
12498,0.002159537,2.159537,1000
12499,0.028393217,28.393217,1000
12500,0.001042957,1.042957,1000
12501,0.000804134,0.804134,1000
12502,0.00138914,1.38914,1000
12503,0.000776373,0.776373,1000
12504,0.000845485,0.845485,1000
12505,0.001043045,1.043045,1000
12506,0.001098712,1.098712,1000
12508,0.000474248,0.474248,1000
12509,0.001141061,1.141061,1000
12510,0.001623754,1.623754,1000
12511,0.000734559,0.734559,1000
12512,0.003899629,3.899629,1000
12513,0.001748768,1.748768,1000
12514,0.001141219,1.141219,1000
12515,0.000817545,0.817545,1000
12516,0.000557256,0.557256,1000
12517,0.001210976,1.210976,1000
12518,0.000856221,0.856221,1000
12519,0.001707692,1.707692,1000
12520,0.000755471,0.755471,1000
12521,0.001339385,1.339385,1000
12522,0.001000921,1.000921,1000
12523,0.000908341,0.908341,1000
12524,0.001749287,1.749287,1000
12525,0.001363194,1.363194,1000
12526,0.000584437,0.584437,1000
12527,0.367375352,367.375352,1000
12528,0.001154811,1.154811,1000
12529,0.004822519,4.822519,1000
12530,0.001825149,1.825149,1000
12531,0.000308702,0.308702,1000
12532,0.003343872,3.343872,1000
12533,0.000536194,0.536194,1000
12534,0.00067184,0.67184,1000
12535,0.000739686,0.739686,1000
12536,0.000576118,0.576118,1000
12537,0.001746026,1.746026,1000
12538,0.000837579,0.837579,1000
12539,0.001238397,1.238397,1000
12540,0.006917989,6.917989,1000
12541,0.000977131,0.977131,1000
12542,0.000917083,0.917083,1000
12543,0.000765797,0.765797,1000
12544,0.001021114,1.021114,1000
12545,0.000886355,0.886355,1000
12546,0.001033214,1.033214,1000
12547,0.008874698,8.874698,1000
12548,0.001555661,1.555661,1000
12549,0.015971957,15.971957,1000
12550,0.001613561,1.613561,1000
12551,0.008477015,8.477015,1000
12552,0.001444382,1.444382,1000
12553,0.00078378,0.78378,1000
12554,0.000977131,0.977131,1000
12555,0.001049744,1.049744,1000
12556,0.000690463,0.690463,1000
12557,0.016220931,16.220931,1000
12558,0.002360143,2.360143,1000
12559,0.000677368,0.677368,1000
12560,0.595283003,595.283003,1000
12561,0.214958943,214.958943,1000
12562,0.002397122,2.397122,1000
12563,0.00088611,0.88611,1000
12564,0.00114796,1.14796,1000
12565,0.000614488,0.614488,1000
12566,0.007902997,7.902997,1000
12567,0.001520493,1.520493,1000
12568,0.000875647,0.875647,1000
12569,0.001700356,1.700356,1000
12570,0.001623754,1.623754,1000
12571,0.000987347,0.987347,1000
12572,0.101409909,101.409909,1000
12573,0.003478134,3.478134,1000
12574,0.000795862,0.795862,1000
12575,0.000683789,0.683789,1000
12576,0.000690445,0.690445,1000
12577,0.000945045,0.945045,1000
12578,0.001021294,1.021294,1000
12579,0.000658457,0.658457,1000
12580,0.001457786,1.457786,1000
12581,0.001159546,1.159546,1000
12582,0.000912038,0.912038,1000
12583,0.000944937,0.944937,1000
12584,0.001081154,1.081154,1000
12585,0.001381172,1.381172,1000
12586,0.001703666,1.703666,1000
12587,0.000477535,0.477535,1000
12588,0.000651419,0.651419,1000
12589,0.001550361,1.550361,1000
12590,0.001023331,1.023331,1000
12591,0.000594866,0.594866,1000
12592,0.000819978,0.819978,1000
12593,0.001614528,1.614528,1000
12594,0.000846688,0.846688,1000
12595,0.002354239,2.354239,1000
12596,0.000479201,0.479201,1000
12597,0.001412302,1.412302,1000
12598,0.002022323,2.022323,1000
12599,0.003011927,3.011927,1000
12600,0.000367066,0.367066,1000
12601,0.001520388,1.520388,1000
12603,0.001259511,1.259511,1000
12604,0.000953672,0.953672,1000
12605,0.000589942,0.589942,1000
12606,0.000971284,0.971284,1000
12607,0.000815901,0.815901,1000
12608,0.001463344,1.463344,1000
12609,0.001104592,1.104592,1000
12610,0.001203305,1.203305,1000
12611,0.001061881,1.061881,1000
12612,0.023186205,23.186205,1000
12613,0.000743145,0.743145,1000
12614,0.001263261,1.263261,1000
12615,0.007980905,7.980905,1000
12616,0.000732299,0.732299,1000
12617,0.000783777,0.783777,1000
12618,0.005152875,5.152875,1000
12619,0.008271911,8.271911,1000
12620,0.178479114,178.479114,1000
12621,0.0401221,40.1221,1000
12622,0.000624061,0.624061,1000
12623,0.001553532,1.553532,1000
12624,0.000989501,0.989501,1000
12625,0.011525925,11.525925,1000
12626,0.000576356,0.576356,1000
12627,0.000562563,0.562563,1000
12628,0.000594562,0.594562,1000
12629,0.000909218,0.909218,1000
12630,0.021030119,21.030119,1000
12631,0.001042979,1.042979,1000
12632,0.00104294,1.04294,1000
12633,0.000277947,0.277947,1000
12634,0.000765656,0.765656,1000
12635,0.001921647,1.921647,1000
12636,0.001717017,1.717017,1000
12638,0.017669131,17.669131,1000
12639,0.031524716,31.524716,1000
12640,0.001525312,1.525312,1000
12641,0.001137167,1.137167,1000
12642,0.008702858,8.702858,1000
12643,0.003062515,3.062515,1000
12644,0.006417928,6.417928,1000
12645,0.003075137,3.075137,1000
12646,0.000808824,0.808824,1000
12647,0.001813826,1.813826,1000
12648,0.001134919,1.134919,1000
12649,0.000848506,0.848506,1000
12650,0.000629709,0.629709,1000
12651,0.004522541,4.522541,1000
12652,0.004976016,4.976016,1000
12653,0.013608633,13.608633,1000
12654,0.002764693,2.764693,1000
12655,0.000476747,0.476747,1000
12656,0.000981935,0.981935,1000
12657,0.00567052,5.67052,1000
12658,0.000972434,0.972434,1000
12659,0.001042957,1.042957,1000
12660,0.001542309,1.542309,1000
12661,0.001062519,1.062519,1000
12662,0.00081312,0.81312,1000
12663,0.000993186,0.993186,1000
12664,0.001331713,1.331713,1000
12665,0.001041789,1.041789,1000
12666,0.000783777,0.783777,1000
12667,0.000794245,0.794245,1000
12668,0.002207987,2.207987,1000
12669,0.000652297,0.652297,1000
12670,0.000688967,0.688967,1000
12671,0.001746026,1.746026,1000
12672,0.001749287,1.749287,1000
12673,0.001505839,1.505839,1000
12674,0.001749287,1.749287,1000
12675,0.001750714,1.750714,1000
12676,0.000666338,0.666338,1000
12677,0.001746026,1.746026,1000
12678,0.00137604,1.37604,1000
12679,0.001312558,1.312558,1000
12680,0.001349229,1.349229,1000
12681,0.001282928,1.282928,1000
12682,0.000908899,0.908899,1000
12683,0.001051026,1.051026,1000
12684,0.010521455,10.521455,1000
12685,0.000921302,0.921302,1000
12686,0.005587054,5.587054,1000
12687,0.002375375,2.375375,1000
12688,0.001480195,1.480195,1000
12689,0.00127805,1.27805,1000
12690,0.004332338,4.332338,1000
12691,0.001608681,1.608681,1000
12692,0.001525312,1.525312,1000
12693,0.000783777,0.783777,1000
12694,0.001171504,1.171504,1000
12695,0.000835075,0.835075,1000
12696,0.003689439,3.689439,1000
12697,0.001749287,1.749287,1000
12698,0.001362738,1.362738,1000
12699,0.002914491,2.914491,1000
12700,0.001006165,1.006165,1000
12701,0.020012772,20.012772,1000
12702,0.000830379,0.830379,1000
12703,0.000843124,0.843124,1000
12704,0.00122861,1.22861,1000
12705,0.004290339,4.290339,1000
12706,0.00101079,1.01079,1000
12707,0.001044721,1.044721,1000
12708,0.000825966,0.825966,1000
12709,0.00105043,1.05043,1000
12710,0.001523648,1.523648,1000
12711,0.001601863,1.601863,1000
12712,0.000937668,0.937668,1000
12713,0.001373176,1.373176,1000
12714,0.000657118,0.657118,1000
12715,0.000948293,0.948293,1000
12716,0.000625019,0.625019,1000
12717,0.000908723,0.908723,1000
12718,0.000808994,0.808994,1000
12719,0.000720989,0.720989,1000
12720,0.000697998,0.697998,1000
12721,0.001081154,1.081154,1000
12722,0.008258667,8.258667,1000
12723,0.001241257,1.241257,1000
12724,0.000604212,0.604212,1000
12725,0.000993186,0.993186,1000
12726,0.004338541,4.338541,1000
12727,0.001444967,1.444967,1000
12728,0.002372016,2.372016,1000
12729,0.000426724,0.426724,1000
12730,0.001443885,1.443885,1000
12731,0.002309434,2.309434,1000
12732,0.014096138,14.096138,1000
12733,0.001133226,1.133226,1000
12734,0.001401106,1.401106,1000
12735,0.002956319,2.956319,1000
12736,0.0170275,17.0275,1000
12737,0.032228527,32.228527,1000
12738,0.008286715,8.286715,1000
12739,0.006344292,6.344292,1000
12740,0.001647619,1.647619,1000
12741,0.000735021,0.735021,1000
12742,0.002700787,2.700787,1000
12743,0.000679445,0.679445,1000
12744,0.002796522,2.796522,1000
12745,0.001349721,1.349721,1000
12746,0.001142911,1.142911,1000
12747,0.002629758,2.629758,1000
12748,0.000858202,0.858202,1000
12749,0.017896988,17.896988,1000
12750,0.121739897,121.739897,1000
12751,0.000661515,0.661515,1000
12752,0.00033787,0.33787,1000
12753,0.075422942,75.422942,1000
12754,0.024887369,24.887369,1000
12755,0.000589858,0.589858,1000
12756,0.000993186,0.993186,1000
12757,0.002762529,2.762529,1000
12758,0.003709637,3.709637,1000
12759,0.000552228,0.552228,1000
12760,0.030140531,30.140531,1000
12761,0.000883916,0.883916,1000
12762,0.000904703,0.904703,1000
12763,0.000980269,0.980269,1000
12764,0.001011936,1.011936,1000
12765,0.019423723,19.423723,1000
12766,0.00099938,0.99938,1000
12767,0.00114796,1.14796,1000
12768,0.000935513,0.935513,1000
12769,0.001721705,1.721705,1000
12770,0.001467872,1.467872,1000
12771,0.001392687,1.392687,1000
12772,0.002373496,2.373496,1000
12773,0.006604016,6.604016,1000
12774,0.00094322,0.94322,1000
12775,0.00072169,0.72169,1000
12776,0.001208909,1.208909,1000
12777,0.001831078,1.831078,1000
12778,0.00090097,0.90097,1000
12779,0.000763836,0.763836,1000
12780,0.005912112,5.912112,1000
12781,0.001702229,1.702229,1000
12782,0.000510069,0.510069,1000
12783,0.013027826,13.027826,1000
12784,0.003939764,3.939764,1000
12785,0.000762367,0.762367,1000
12786,0.00090841,0.90841,1000
12787,0.023209516,23.209516,1000
12788,0.001010701,1.010701,1000
12789,0.001443609,1.443609,1000
12790,0.000745464,0.745464,1000
12791,0.001376162,1.376162,1000
12792,0.001015484,1.015484,1000
12793,0.001042319,1.042319,1000
12794,0.00090841,0.90841,1000
12795,0.000891492,0.891492,1000
12796,0.00089139,0.89139,1000
12797,0.001149588,1.149588,1000
12798,0.000793584,0.793584,1000
12799,0.001555514,1.555514,1000
12800,0.001491057,1.491057,1000
12801,0.001324896,1.324896,1000
12802,0.000729812,0.729812,1000
12803,0.001143068,1.143068,1000
12804,0.000792807,0.792807,1000
12805,0.000685322,0.685322,1000
12806,0.001177216,1.177216,1000
12807,0.000922263,0.922263,1000
12808,0.003228593,3.228593,1000
12809,0.000822307,0.822307,1000
12810,0.00072139,0.72139,1000
12811,0.000678328,0.678328,1000
12812,0.00107861,1.07861,1000
12813,0.000929932,0.929932,1000
12814,0.001906201,1.906201,1000
12815,0.005167895,5.167895,1000
12816,0.001218447,1.218447,1000
12817,0.001188242,1.188242,1000
12818,0.000825966,0.825966,1000
12819,0.00078378,0.78378,1000
12820,0.00078378,0.78378,1000
12822,0.001247527,1.247527,1000
12823,0.001112022,1.112022,1000
12824,0.002272768,2.272768,1000
12825,0.000584207,0.584207,1000
12826,0.001727349,1.727349,1000
12827,0.000669433,0.669433,1000
12828,0.004368728,4.368728,1000
12829,0.001456359,1.456359,1000
12830,0.001198685,1.198685,1000
12831,0.003724723,3.724723,1000
12832,0.000725256,0.725256,1000
12833,0.000375402,0.375402,1000
12834,0.002252899,2.252899,1000
12835,0.001141219,1.141219,1000
12836,0.015163863,15.163863,1000
12837,0.00902532,9.02532,1000
12838,0.003198892,3.198892,1000
12839,0.049698679,49.698679,1000
12840,0.000834175,0.834175,1000
12841,0.001062519,1.062519,1000
12842,0.001099781,1.099781,1000
12843,0.059091599,59.091599,1000
12844,0.001158113,1.158113,1000
12845,0.000741773,0.741773,1000
12846,0.00096415,0.96415,1000
12847,0.026679245,26.679245,1000
12848,0.001505839,1.505839,1000
12849,0.001012131,1.012131,1000
12850,0.010459668,10.459668,1000
12851,0.0109641,10.9641,1000
12852,0.001486413,1.486413,1000
12853,0.001059525,1.059525,1000
12854,0.001042518,1.042518,1000
12855,0.038416362,38.416362,1000
12856,0.000980166,0.980166,1000
12857,0.000901255,0.901255,1000
12858,0.004772662,4.772662,1000
12859,0.000993186,0.993186,1000
12860,0.001015121,1.015121,1000
12861,0.004295221,4.295221,1000
12862,0.002261635,2.261635,1000
12863,0.000753569,0.753569,1000
12864,0.00092881,0.92881,1000
12865,0.00112694,1.12694,1000
12866,0.000886728,0.886728,1000
12867,0.000993186,0.993186,1000
12868,0.001024488,1.024488,1000
12869,0.000945779,0.945779,1000
12870,0.00031333,0.31333,1000
12871,0.000842969,0.842969,1000
12872,0.000913207,0.913207,1000
12873,0.00156649,1.56649,1000
12874,0.000314564,0.314564,1000
12875,0.001006227,1.006227,1000
12876,0.005116949,5.116949,1000
12877,0.000737893,0.737893,1000
12878,0.001525592,1.525592,1000
12879,0.001006165,1.006165,1000
12880,0.00142909,1.42909,1000
12881,0.00083693,0.83693,1000
12882,0.001081263,1.081263,1000
12883,0.001327025,1.327025,1000
12884,0.000993186,0.993186,1000
12885,0.001609717,1.609717,1000
12886,0.001121696,1.121696,1000
12887,0.001004206,1.004206,1000
12888,0.001919561,1.919561,1000
12889,0.00060433,0.60433,1000
12890,0.000910355,0.910355,1000
12891,0.006559053,6.559053,1000
12892,0.001629378,1.629378,1000
12893,0.001416289,1.416289,1000
12894,0.000611272,0.611272,1000
12895,0.000994071,0.994071,1000
12896,0.001258898,1.258898,1000
12897,0.00103168,1.03168,1000
12898,0.009337538,9.337538,1000
12899,0.000334956,0.334956,1000
12900,0.001199352,1.199352,1000
12901,0.00103168,1.03168,1000
12902,0.001236254,1.236254,1000
12903,0.00077921,0.77921,1000
12904,0.001798952,1.798952,1000
12905,0.001009371,1.009371,1000
12906,0.00105043,1.05043,1000
12907,0.001675582,1.675582,1000
12908,0.001038449,1.038449,1000
12909,0.056490472,56.490472,1000
12910,0.000518579,0.518579,1000
12911,0.000280361,0.280361,1000
12912,0.00550674,5.50674,1000
12913,0.002810843,2.810843,1000
12914,0.001213157,1.213157,1000
12915,0.001062379,1.062379,1000
12916,0.00826235,8.26235,1000
12917,0.001161351,1.161351,1000
12918,0.007915063,7.915063,1000
12919,0.000880872,0.880872,1000
12920,0.007979437,7.979437,1000
12921,0.019285132,19.285132,1000
12922,0.001011874,1.011874,1000
12923,0.000871341,0.871341,1000
12924,0.011712183,11.712183,1000
12925,0.008267013,8.267013,1000
12926,0.003745702,3.745702,1000
12927,0.000645546,0.645546,1000
12928,0.001394618,1.394618,1000
12929,0.000845897,0.845897,1000
12930,0.000689908,0.689908,1000
12931,0.000838312,0.838312,1000
12932,0.011569889,11.569889,1000
12933,0.000505943,0.505943,1000
12934,0.001609087,1.609087,1000
12935,0.00067996,0.67996,1000
12936,0.002804157,2.804157,1000
12937,0.000660997,0.660997,1000
12938,0.000993186,0.993186,1000
12939,0.000786545,0.786545,1000
12940,0.000985086,0.985086,1000
12941,0.000685283,0.685283,1000
12942,0.000574973,0.574973,1000
12943,0.000888606,0.888606,1000
12944,0.001334072,1.334072,1000
12945,0.001134919,1.134919,1000
12946,0.000993186,0.993186,1000
12947,0.001023212,1.023212,1000
12948,0.000610027,0.610027,1000
12949,0.000612706,0.612706,1000
12950,0.00102305,1.02305,1000
12951,0.003111828,3.111828,1000
12952,0.000925283,0.925283,1000
12953,0.001010701,1.010701,1000
12954,0.000817339,0.817339,1000
12955,0.002094613,2.094613,1000
12956,0.000842884,0.842884,1000
12957,0.010338678,10.338678,1000
12958,0.001746026,1.746026,1000
12959,0.000779586,0.779586,1000
12960,0.000845094,0.845094,1000
12961,0.040153051,40.153051,1000
12962,0.000872238,0.872238,1000
12963,0.000948186,0.948186,1000
12964,0.00387982,3.87982,1000
12965,0.000804938,0.804938,1000
12966,0.000813645,0.813645,1000
12967,0.001576132,1.576132,1000
12968,0.001038342,1.038342,1000
12969,0.001468487,1.468487,1000
12970,0.000836965,0.836965,1000
12971,0.001042817,1.042817,1000
12972,0.000831831,0.831831,1000
12973,0.000601169,0.601169,1000
12974,0.00286387,2.86387,1000
12975,0.000673239,0.673239,1000
12976,0.000848933,0.848933,1000
12977,0.001049396,1.049396,1000
12978,0.001242286,1.242286,1000
12979,0.001284625,1.284625,1000
12980,0.001158113,1.158113,1000
12981,0.000761674,0.761674,1000
12982,0.001790506,1.790506,1000
12983,0.000795045,0.795045,1000
12984,0.000656572,0.656572,1000
12985,0.000813623,0.813623,1000
12986,0.01423001,14.23001,1000
12987,0.000732835,0.732835,1000
12988,0.000853926,0.853926,1000
12989,0.001141219,1.141219,1000
12990,0.000948212,0.948212,1000
12991,0.001556617,1.556617,1000
12992,0.008480768,8.480768,1000
12994,0.000710465,0.710465,1000
12995,0.003718943,3.718943,1000
12996,0.011723602,11.723602,1000
12997,0.000812823,0.812823,1000
12998,0.001520309,1.520309,1000
12999,0.000963458,0.963458,1000
13000,0.000582109,0.582109,1000
13001,0.246505528,246.505528,1000
13002,0.008436612,8.436612,1000
13003,0.001330889,1.330889,1000
13004,0.001313973,1.313973,1000
13005,0.001176535,1.176535,1000
13006,0.002135155,2.135155,1000
13007,0.000677049,0.677049,1000
13008,0.000663129,0.663129,1000
13009,0.001480195,1.480195,1000
13010,0.000927611,0.927611,1000
13011,0.001599014,1.599014,1000
13012,0.001134919,1.134919,1000
13013,0.001077213,1.077213,1000
13014,0.001893288,1.893288,1000
13015,0.030570851,30.570851,1000
13016,0.001199128,1.199128,1000
13017,0.032843097,32.843097,1000
13018,0.002700646,2.700646,1000
13019,0.030081979,30.081979,1000
13020,0.00077872,0.77872,1000
13021,0.004552827,4.552827,1000
13022,0.003027835,3.027835,1000
13023,0.00369907,3.69907,1000
13024,0.00217357,2.17357,1000
13025,0.000853193,0.853193,1000
13026,0.001149588,1.149588,1000
13027,0.001296806,1.296806,1000
13028,0.002929327,2.929327,1000
13029,0.056271981,56.271981,1000
13030,0.008423972,8.423972,1000
13031,0.007686812,7.686812,1000
13032,0.00108664,1.08664,1000
13033,0.000858252,0.858252,1000
13034,0.008433448,8.433448,1000
13035,0.008162598,8.162598,1000
13036,0.007015834,7.015834,1000
13037,0.000597093,0.597093,1000
13038,0.016260777,16.260777,1000
13039,0.000819687,0.819687,1000
13040,0.000884702,0.884702,1000
13041,0.000993124,0.993124,1000
13042,0.000568226,0.568226,1000
13043,0.000809709,0.809709,1000
13044,0.000539967,0.539967,1000
13045,0.003086897,3.086897,1000
13046,0.000544857,0.544857,1000
13047,0.000848729,0.848729,1000
13048,0.001308858,1.308858,1000
13049,0.003441924,3.441924,1000
13050,0.001054447,1.054447,1000
13051,0.000801375,0.801375,1000
13052,0.000512846,0.512846,1000
13053,0.000794498,0.794498,1000
13054,0.00103871,1.03871,1000
13055,0.000946896,0.946896,1000
13056,0.001183512,1.183512,1000
13057,0.000545205,0.545205,1000
13058,0.003923934,3.923934,1000
13059,0.002842424,2.842424,1000
13060,0.000987133,0.987133,1000
13061,0.003685958,3.685958,1000
13062,0.004902368,4.902368,1000
13063,0.003959226,3.959226,1000
13064,0.001194322,1.194322,1000
13065,0.000728633,0.728633,1000
13066,0.001677593,1.677593,1000
13067,0.001095895,1.095895,1000
13068,0.016628175,16.628175,1000
13069,0.001390634,1.390634,1000
13070,0.002879314,2.879314,1000
13071,0.001075156,1.075156,1000
13072,0.031294281,31.294281,1000
13073,0.001459684,1.459684,1000
13074,0.000916029,0.916029,1000
13075,0.000829445,0.829445,1000
13076,0.00066701,0.66701,1000
13077,0.000885884,0.885884,1000
13078,0.000701971,0.701971,1000
13079,0.000800291,0.800291,1000
13080,0.000922728,0.922728,1000
13081,0.000909327,0.909327,1000
13082,0.001143174,1.143174,1000
13083,0.003866787,3.866787,1000
13084,0.000921528,0.921528,1000
13086,0.00815476,8.15476,1000
13087,0.001524419,1.524419,1000
13088,0.001070445,1.070445,1000
13089,0.001256033,1.256033,1000
13090,0.000993124,0.993124,1000
13091,0.002873875,2.873875,1000
13092,0.003106953,3.106953,1000
13093,0.000814771,0.814771,1000
13094,0.004325662,4.325662,1000
13095,0.001523042,1.523042,1000
13096,0.003837392,3.837392,1000
13097,0.001150958,1.150958,1000
13098,0.004353027,4.353027,1000
13099,0.019263153,19.263153,1000
13100,0.000597634,0.597634,1000
13101,0.001598572,1.598572,1000
13102,0.002667202,2.667202,1000
13103,0.00295199,2.95199,1000
13104,0.003569674,3.569674,1000
13105,0.0011927,1.1927,1000
13106,0.000699414,0.699414,1000
13107,0.000808843,0.808843,1000
13108,0.001414244,1.414244,1000
13109,0.003087774,3.087774,1000
13110,0.001011936,1.011936,1000
13111,0.000342669,0.342669,1000
13112,0.003261936,3.261936,1000
13113,0.001524997,1.524997,1000
13114,0.001749122,1.749122,1000
13115,0.000611783,0.611783,1000
13116,0.001028976,1.028976,1000
13117,0.001315703,1.315703,1000
13118,0.000927442,0.927442,1000
13119,0.001062379,1.062379,1000
13120,0.000772678,0.772678,1000
13121,0.001367964,1.367964,1000
13122,0.001148858,1.148858,1000
13123,0.000974102,0.974102,1000
13124,0.000864754,0.864754,1000
13125,0.00058165,0.58165,1000
13126,0.000964907,0.964907,1000
13127,0.00129342,1.29342,1000
13128,0.001072544,1.072544,1000
13129,0.001906429,1.906429,1000
13130,0.001066929,1.066929,1000
13131,0.080507087,80.507087,1000
13132,0.000969304,0.969304,1000
13133,0.001082704,1.082704,1000
13134,0.001148664,1.148664,1000
13135,0.000657505,0.657505,1000
13136,0.001431268,1.431268,1000
13137,0.001071083,1.071083,1000
13138,0.00101503,1.01503,1000
13139,0.001524997,1.524997,1000
13140,0.000824222,0.824222,1000
13141,0.000982522,0.982522,1000
13142,0.000732558,0.732558,1000
13143,0.000866832,0.866832,1000
13144,0.001011936,1.011936,1000
13145,0.00115367,1.15367,1000
13146,0.0014656,1.4656,1000
13147,0.000451357,0.451357,1000
13148,0.001071083,1.071083,1000
13149,0.000924373,0.924373,1000
13150,0.000902993,0.902993,1000
13151,0.001144266,1.144266,1000
13152,0.001071105,1.071105,1000
13153,0.001750714,1.750714,1000
13154,0.000993186,0.993186,1000
13156,0.012550764,12.550764,1000
13157,0.001042319,1.042319,1000
13158,0.000577709,0.577709,1000
13159,0.000630694,0.630694,1000
13160,0.001104592,1.104592,1000
13161,0.011065163,11.065163,1000
13162,0.001000957,1.000957,1000
13163,0.007344971,7.344971,1000
13164,0.00103168,1.03168,1000
13165,0.001451968,1.451968,1000
13166,0.039871171,39.871171,1000
13167,0.000545864,0.545864,1000
13168,0.001042979,1.042979,1000
13169,0.001107875,1.107875,1000
13170,0.00114796,1.14796,1000
13171,0.001408846,1.408846,1000
13172,0.001062519,1.062519,1000
13173,0.004088511,4.088511,1000
13174,0.000832612,0.832612,1000
13175,0.000412217,0.412217,1000
13176,0.001321238,1.321238,1000
13177,0.001637579,1.637579,1000
13178,0.001134926,1.134926,1000
13179,0.000912388,0.912388,1000
13180,0.003706376,3.706376,1000
13181,0.00078378,0.78378,1000
13182,0.000669133,0.669133,1000
13183,0.001101356,1.101356,1000
13184,0.00059096,0.59096,1000
13185,0.000721318,0.721318,1000
13186,0.007442341,7.442341,1000
13187,0.001157213,1.157213,1000
13188,0.00097784,0.97784,1000
13189,0.008994891,8.994891,1000
13190,0.001368562,1.368562,1000
13191,0.001619722,1.619722,1000
13192,0.009003878,9.003878,1000
13193,0.000663806,0.663806,1000
13194,0.001691866,1.691866,1000
13195,0.001520493,1.520493,1000
13196,0.001149588,1.149588,1000
13197,0.000825385,0.825385,1000
13198,0.001042957,1.042957,1000
13199,0.003428648,3.428648,1000
13200,0.001514672,1.514672,1000
13201,0.001042957,1.042957,1000
13202,0.001153677,1.153677,1000
13203,0.005226889,5.226889,1000
13204,0.000980552,0.980552,1000
13205,0.004815094,4.815094,1000
13206,0.000685343,0.685343,1000
13207,0.001124571,1.124571,1000
13208,0.000315753,0.315753,1000
13209,0.000690208,0.690208,1000
13210,0.000863534,0.863534,1000
13211,0.000325246,0.325246,1000
13212,0.001199128,1.199128,1000
13213,0.000685369,0.685369,1000
13214,0.004199338,4.199338,1000
13215,0.000796738,0.796738,1000
13216,0.000666093,0.666093,1000
13217,0.005785568,5.785568,1000
13218,0.001018433,1.018433,1000
13219,0.000850847,0.850847,1000
13220,0.00179903,1.79903,1000
13221,0.00090433,0.90433,1000
13222,0.00090998,0.90998,1000
13223,0.000700877,0.700877,1000
13224,0.008694114,8.694114,1000
13225,0.001681876,1.681876,1000
13226,0.075562814,75.562814,1000
13227,0.001045553,1.045553,1000
13228,0.001192974,1.192974,1000
13229,0.001047066,1.047066,1000
13230,0.001848987,1.848987,1000
13231,0.002027098,2.027098,1000
13232,0.030283656,30.283656,1000
13233,0.001520187,1.520187,1000
13234,0.002904876,2.904876,1000
13235,0.003040079,3.040079,1000
13236,0.000993186,0.993186,1000
13237,0.000648578,0.648578,1000
13238,0.001042957,1.042957,1000
13239,0.00228241,2.28241,1000
13240,0.000837905,0.837905,1000
13241,0.001424756,1.424756,1000
13242,0.000612558,0.612558,1000
13243,0.000611375,0.611375,1000
13244,0.001217744,1.217744,1000
13245,0.001480367,1.480367,1000
13246,0.001188313,1.188313,1000
13247,0.00082604,0.82604,1000
13248,0.000993186,0.993186,1000
13249,0.001703666,1.703666,1000
13250,0.000952758,0.952758,1000
13251,0.000877158,0.877158,1000
13252,0.000553711,0.553711,1000
13253,0.000976519,0.976519,1000
13254,0.00125192,1.25192,1000
13255,0.005262108,5.262108,1000
13256,0.000760905,0.760905,1000
13257,0.000348792,0.348792,1000
13258,0.025558938,25.558938,1000
13259,0.001134926,1.134926,1000
13261,0.000916276,0.916276,1000
13262,0.00078378,0.78378,1000
13263,0.001226795,1.226795,1000
13264,0.003010711,3.010711,1000
13265,0.005741729,5.741729,1000
13266,0.001011874,1.011874,1000
13267,0.000324276,0.324276,1000
13268,0.000753535,0.753535,1000
13269,0.003122284,3.122284,1000
13270,0.001257552,1.257552,1000
13271,0.01349735,13.49735,1000
13272,0.002211248,2.211248,1000
13273,0.001189009,1.189009,1000
13274,0.06457589,64.57589,1000
13275,0.003133644,3.133644,1000
13276,0.001495187,1.495187,1000
13277,0.000953672,0.953672,1000
13278,0.000914119,0.914119,1000
13279,0.001042957,1.042957,1000
13280,0.000867246,0.867246,1000
13281,0.001520493,1.520493,1000
13282,0.000797738,0.797738,1000
13283,0.000921877,0.921877,1000
13284,0.000647455,0.647455,1000
13285,0.000837492,0.837492,1000
13286,0.000911121,0.911121,1000
13287,0.001145587,1.145587,1000
13288,0.001205656,1.205656,1000
13289,0.000881939,0.881939,1000
13290,0.001218698,1.218698,1000
13291,0.001205656,1.205656,1000
13292,0.001224407,1.224407,1000
13293,0.001010586,1.010586,1000
13294,0.000973784,0.973784,1000
13295,0.001224407,1.224407,1000
13296,0.001750714,1.750714,1000
13297,0.008304032,8.304032,1000
13298,0.038264785,38.264785,1000
13299,0.000738184,0.738184,1000
13300,0.00172493,1.72493,1000
13301,0.001648101,1.648101,1000
13302,0.000839269,0.839269,1000
13303,0.003276577,3.276577,1000
13304,0.001829982,1.829982,1000
13305,0.000652589,0.652589,1000
13306,0.016135356,16.135356,1000
13307,0.001555046,1.555046,1000
13308,0.001250587,1.250587,1000
13309,0.000722718,0.722718,1000
13310,0.00068484,0.68484,1000
13311,0.000599833,0.599833,1000
13312,0.001127527,1.127527,1000
13313,0.001337068,1.337068,1000
13314,0.001339902,1.339902,1000
13315,0.001097456,1.097456,1000
13316,0.001510527,1.510527,1000
13317,0.00104294,1.04294,1000
13318,0.001071105,1.071105,1000
13319,0.004340636,4.340636,1000
13320,0.000981645,0.981645,1000
13321,0.000805442,0.805442,1000
13322,0.00124928,1.24928,1000
13323,0.000923345,0.923345,1000
13324,0.000771007,0.771007,1000
13325,0.001376162,1.376162,1000
13326,0.000817205,0.817205,1000
13327,0.001250013,1.250013,1000
13328,0.000779332,0.779332,1000
13329,0.001827938,1.827938,1000
13330,0.001166267,1.166267,1000
13331,0.000623425,0.623425,1000
13332,0.000640276,0.640276,1000
13333,0.001971647,1.971647,1000
13334,0.595286263,595.286263,1000
13335,0.001302353,1.302353,1000
13336,0.056236653,56.236653,1000
13337,0.000682038,0.682038,1000
13338,0.001126925,1.126925,1000
13339,0.002499036,2.499036,1000
13340,0.001520625,1.520625,1000
13341,0.000730295,0.730295,1000
13342,0.000964112,0.964112,1000
13343,0.000963913,0.963913,1000
13344,0.00284888,2.84888,1000
13345,0.001480195,1.480195,1000
13346,0.001166589,1.166589,1000
13347,0.000485486,0.485486,1000
13348,0.0006745,0.6745,1000
13349,0.00107455,1.07455,1000
13350,0.003862013,3.862013,1000
13351,0.00043975,0.43975,1000
13352,0.075260921,75.260921,1000
13353,0.001016664,1.016664,1000
13354,0.001480218,1.480218,1000
13355,0.000926977,0.926977,1000
13356,0.000685625,0.685625,1000
13357,0.002103004,2.103004,1000
13358,0.001525181,1.525181,1000
13359,0.000752734,0.752734,1000
13360,0.001505839,1.505839,1000
13361,0.000721108,0.721108,1000
13362,0.016165922,16.165922,1000
13363,0.000880115,0.880115,1000
13364,0.00104294,1.04294,1000
13365,0.001750714,1.750714,1000
13366,0.000856683,0.856683,1000
13367,0.001176913,1.176913,1000
13368,0.006043445,6.043445,1000
13369,0.001613775,1.613775,1000
13370,0.000894701,0.894701,1000
13371,0.000924729,0.924729,1000
13372,0.000882963,0.882963,1000
13373,0.000922241,0.922241,1000
13374,0.004304164,4.304164,1000
13375,0.001071133,1.071133,1000
13376,0.000734923,0.734923,1000
13377,0.001042957,1.042957,1000
13378,0.001898144,1.898144,1000
13379,0.001108175,1.108175,1000
13380,0.001248131,1.248131,1000
13381,0.001138518,1.138518,1000
13382,0.001746026,1.746026,1000
13383,0.001612347,1.612347,1000
13384,0.001014465,1.014465,1000
13385,0.000437328,0.437328,1000
13386,0.000525198,0.525198,1000
13387,0.001109799,1.109799,1000
13388,0.001520309,1.520309,1000
13389,0.000715905,0.715905,1000
13390,0.000905124,0.905124,1000
13391,0.005451253,5.451253,1000
13392,0.000901715,0.901715,1000
13393,0.000963785,0.963785,1000
13394,0.000712368,0.712368,1000
13395,0.000891204,0.891204,1000
13396,0.000825966,0.825966,1000
13397,0.001639647,1.639647,1000
13398,0.000993186,0.993186,1000
13399,0.000944808,0.944808,1000
13400,0.000737021,0.737021,1000
13401,0.00281405,2.81405,1000
13402,0.285788503,285.788503,1000
13403,0.001787467,1.787467,1000
13404,0.001149437,1.149437,1000
13405,0.008255705,8.255705,1000
13406,0.040058778,40.058778,1000
13407,0.015989868,15.989868,1000
13408,0.000373081,0.373081,1000
13409,0.016175048,16.175048,1000
13410,0.008124691,8.124691,1000
13411,0.002778049,2.778049,1000
13412,0.000576285,0.576285,1000
13413,0.000580787,0.580787,1000
13414,0.000640626,0.640626,1000
13415,0.001406366,1.406366,1000
13416,0.00136492,1.36492,1000
13417,0.000912571,0.912571,1000
13418,0.000737184,0.737184,1000
13419,0.000394793,0.394793,1000
13420,0.000737556,0.737556,1000
13421,0.002774818,2.774818,1000
13422,0.001721833,1.721833,1000
13423,0.015915631,15.915631,1000
13424,0.00073158,0.73158,1000
13425,0.000942364,0.942364,1000
13426,0.002693086,2.693086,1000
13427,0.003247284,3.247284,1000
13428,0.000846161,0.846161,1000
13429,0.008264314,8.264314,1000
13430,0.003346022,3.346022,1000
13431,0.008197058,8.197058,1000
13432,0.001334149,1.334149,1000
13433,0.003176053,3.176053,1000
13434,0.002748688,2.748688,1000
13435,0.001155124,1.155124,1000
13436,0.001326462,1.326462,1000
13437,0.000687684,0.687684,1000
13438,0.000704895,0.704895,1000
13439,0.000978076,0.978076,1000
13440,0.000681079,0.681079,1000
13441,0.000612888,0.612888,1000
13442,0.016218271,16.218271,1000
13443,0.00072733,0.72733,1000
13444,0.001754502,1.754502,1000
13445,0.003054432,3.054432,1000
13446,0.001019972,1.019972,1000
13447,0.000623379,0.623379,1000
13448,0.001042979,1.042979,1000
13449,0.000585478,0.585478,1000
13450,0.00099395,0.99395,1000
13451,0.001206464,1.206464,1000
13452,0.001087941,1.087941,1000
13453,0.001314131,1.314131,1000
13454,0.000747729,0.747729,1000
13455,0.004469762,4.469762,1000
13456,0.000847821,0.847821,1000
13457,0.000803894,0.803894,1000
13458,0.001031562,1.031562,1000
13459,0.001395488,1.395488,1000
13460,0.001011874,1.011874,1000
13461,0.000511214,0.511214,1000
13462,0.001524997,1.524997,1000
13463,0.001150022,1.150022,1000
13464,0.000600013,0.600013,1000
13465,0.000821183,0.821183,1000
13466,0.003181478,3.181478,1000
13467,0.001613775,1.613775,1000
13468,0.001062525,1.062525,1000
13469,0.000849033,0.849033,1000
13470,0.001271243,1.271243,1000
13471,0.000589482,0.589482,1000
13472,0.001070943,1.070943,1000
13473,0.008118399,8.118399,1000
13474,0.000628356,0.628356,1000
13475,0.001604209,1.604209,1000
13476,0.001460253,1.460253,1000
13477,0.000795476,0.795476,1000
13478,0.000887167,0.887167,1000
13479,0.001104592,1.104592,1000
13480,0.002951977,2.951977,1000
13481,0.001142276,1.142276,1000
13482,0.001139483,1.139483,1000
13483,0.001892153,1.892153,1000
13484,0.000922049,0.922049,1000
13485,0.001768494,1.768494,1000
13487,0.000759821,0.759821,1000
13488,0.00088766,0.88766,1000
13489,0.001199603,1.199603,1000
13490,0.000903357,0.903357,1000
13491,0.001520388,1.520388,1000
13492,0.001270274,1.270274,1000
13493,0.000886885,0.886885,1000
13494,0.000490609,0.490609,1000
13495,0.001525181,1.525181,1000
13496,0.001613775,1.613775,1000
13497,0.001746026,1.746026,1000
13498,0.001125562,1.125562,1000
13499,0.001218503,1.218503,1000
13500,0.003292455,3.292455,1000
13501,0.001150787,1.150787,1000
13502,0.000478398,0.478398,1000
13503,0.001746026,1.746026,1000
13504,0.001732465,1.732465,1000
13505,0.000769931,0.769931,1000
13506,0.000925627,0.925627,1000
13507,0.001047584,1.047584,1000
13508,0.00145494,1.45494,1000
13509,0.001523648,1.523648,1000
13510,0.000935945,0.935945,1000
13511,0.000786048,0.786048,1000
13512,0.001525181,1.525181,1000
13513,0.001083813,1.083813,1000
13514,0.000746578,0.746578,1000
13515,0.001126215,1.126215,1000
13516,0.001525076,1.525076,1000
13517,0.000973905,0.973905,1000
13518,0.000766977,0.766977,1000
13519,0.001042957,1.042957,1000
13520,0.000625209,0.625209,1000
13521,0.004374434,4.374434,1000
13522,0.096725795,96.725795,1000
13523,0.00114796,1.14796,1000
13524,0.001835222,1.835222,1000
13525,0.000356558,0.356558,1000
13526,0.000577135,0.577135,1000
13527,0.000908895,0.908895,1000
13528,0.00112596,1.12596,1000
13529,0.001185061,1.185061,1000
13530,0.001062519,1.062519,1000
13531,0.000835702,0.835702,1000
13532,0.000955592,0.955592,1000
13533,0.000530842,0.530842,1000
13534,0.001264414,1.264414,1000
13535,0.001071066,1.071066,1000
13536,0.001024048,1.024048,1000
13537,0.001005587,1.005587,1000
13538,0.001522089,1.522089,1000
13539,0.001317245,1.317245,1000
13540,0.000956965,0.956965,1000
13541,0.013391733,13.391733,1000
13542,0.000727964,0.727964,1000
13543,0.001523885,1.523885,1000
13544,0.001070445,1.070445,1000
13545,0.00081312,0.81312,1000
13546,0.000971294,0.971294,1000
13547,0.001484882,1.484882,1000
13548,0.001520625,1.520625,1000
13549,0.000780569,0.780569,1000
13550,0.001144266,1.144266,1000
13551,0.00115343,1.15343,1000
13552,0.000956262,0.956262,1000
13553,0.001071133,1.071133,1000
13554,0.000991915,0.991915,1000
13555,0.001110696,1.110696,1000
13556,0.001806996,1.806996,1000
13557,0.000901038,0.901038,1000
13558,0.003742076,3.742076,1000
13559,0.001312558,1.312558,1000
13560,0.000779086,0.779086,1000
13561,0.00068106,0.68106,1000
13562,0.001144251,1.144251,1000
13563,0.00026147,0.26147,1000
13564,0.000753487,0.753487,1000
13565,0.000993186,0.993186,1000
13566,0.000768733,0.768733,1000
13567,0.000671751,0.671751,1000
13568,0.000839899,0.839899,1000
13569,0.001218053,1.218053,1000
13570,0.00063522,0.63522,1000
13571,0.000575841,0.575841,1000
13572,0.001320102,1.320102,1000
13573,0.001171055,1.171055,1000
13574,0.000998406,0.998406,1000
13575,0.00082454,0.82454,1000
13576,0.001438601,1.438601,1000
13577,0.001510527,1.510527,1000
13578,0.008111577,8.111577,1000
13579,0.001183497,1.183497,1000
13580,0.090872752,90.872752,1000
13581,0.001505839,1.505839,1000
13582,0.001323992,1.323992,1000
13583,0.000668385,0.668385,1000
13584,0.000783449,0.783449,1000
13585,0.001036354,1.036354,1000
13586,0.001199352,1.199352,1000
13587,0.000852007,0.852007,1000
13588,0.00300567,3.00567,1000
13589,0.001325513,1.325513,1000
13590,0.001147493,1.147493,1000
13591,0.001746026,1.746026,1000
13592,0.000499117,0.499117,1000
13593,0.000714116,0.714116,1000
13594,0.001268244,1.268244,1000
13595,0.001213254,1.213254,1000
13596,0.001228447,1.228447,1000
13597,0.000993186,0.993186,1000
13598,0.000626749,0.626749,1000
13599,0.000720659,0.720659,1000
13600,0.00070226,0.70226,1000
13601,0.001091753,1.091753,1000
13602,0.00058308,0.58308,1000
13603,0.000739044,0.739044,1000
13604,0.000869035,0.869035,1000
13605,0.000811126,0.811126,1000
13606,0.000814155,0.814155,1000
13607,0.001496979,1.496979,1000
13608,0.001218303,1.218303,1000
13609,0.001070445,1.070445,1000
13610,0.000798921,0.798921,1000
13611,0.011937538,11.937538,1000
13612,0.001524997,1.524997,1000
13613,0.002594558,2.594558,1000
13614,0.003447186,3.447186,1000
13615,0.00346021,3.46021,1000
13616,0.001097709,1.097709,1000
13617,0.01023345,10.23345,1000
13618,0.000854584,0.854584,1000
13619,0.001071083,1.071083,1000
13620,0.000732204,0.732204,1000
13621,0.001144266,1.144266,1000
13622,0.000561372,0.561372,1000
13623,0.001155239,1.155239,1000
13624,0.00272299,2.72299,1000
13625,0.003779599,3.779599,1000
13626,0.005149644,5.149644,1000
13627,0.001016363,1.016363,1000
13628,0.000562582,0.562582,1000
13629,0.000591654,0.591654,1000
13630,0.000932074,0.932074,1000
13631,0.001341559,1.341559,1000
13632,0.046885804,46.885804,1000
13633,0.001071133,1.071133,1000
13634,0.000887898,0.887898,1000
13635,0.000497814,0.497814,1000
13636,0.00099292,0.99292,1000
13637,0.02726909,27.26909,1000
13638,0.001457786,1.457786,1000
13639,0.007922571,7.922571,1000
13640,0.000996466,0.996466,1000
13641,0.000443067,0.443067,1000
13642,0.001333633,1.333633,1000
13643,0.001145496,1.145496,1000
13644,0.001609087,1.609087,1000
13645,0.000700713,0.700713,1000
13646,0.005064446,5.064446,1000
13647,0.00129343,1.29343,1000
13648,0.001071083,1.071083,1000
13649,0.000867362,0.867362,1000
13650,0.005306127,5.306127,1000
13651,0.000901397,0.901397,1000
13652,0.000995922,0.995922,1000
13653,0.001009209,1.009209,1000
13654,0.008627926,8.627926,1000
13655,0.000783777,0.783777,1000
13656,0.001520388,1.520388,1000
13657,0.000880927,0.880927,1000
13658,0.000852654,0.852654,1000
13659,0.000965143,0.965143,1000
13660,0.001746026,1.746026,1000
13661,0.000628343,0.628343,1000
13662,0.001071133,1.071133,1000
13663,0.000510499,0.510499,1000
13664,0.001600968,1.600968,1000
13665,0.00073575,0.73575,1000
13666,0.000794696,0.794696,1000
13667,0.001510527,1.510527,1000
13668,0.001071083,1.071083,1000
13669,0.015300262,15.300262,1000
13670,0.001145289,1.145289,1000
13671,0.001748258,1.748258,1000
13672,0.000882911,0.882911,1000
13673,0.001221487,1.221487,1000
13675,0.001134926,1.134926,1000
13676,0.000679446,0.679446,1000
13677,0.001905337,1.905337,1000
13678,0.001435956,1.435956,1000
13679,0.000599972,0.599972,1000
13680,0.006360284,6.360284,1000
13681,0.008061282,8.061282,1000
13682,0.000765259,0.765259,1000
13683,0.001520388,1.520388,1000
13684,0.001441815,1.441815,1000
13685,0.001024048,1.024048,1000
13686,0.000724879,0.724879,1000
13687,0.001069915,1.069915,1000
13688,0.000591459,0.591459,1000
13689,0.06457589,64.57589,1000
13690,0.001842993,1.842993,1000
13691,0.000621959,0.621959,1000
13692,0.001609087,1.609087,1000
13693,0.001062502,1.062502,1000
13694,0.001213008,1.213008,1000
13695,0.000679595,0.679595,1000
13696,0.001042957,1.042957,1000
13697,0.001609087,1.609087,1000
13698,0.016018082,16.018082,1000
13699,0.000984811,0.984811,1000
13701,0.011777062,11.777062,1000
13702,0.000902709,0.902709,1000
13703,0.000646166,0.646166,1000
13704,0.000706191,0.706191,1000
13705,0.001013557,1.013557,1000
13706,0.000779306,0.779306,1000
13707,0.000919593,0.919593,1000
13708,0.001600968,1.600968,1000
13709,0.001204353,1.204353,1000
13710,0.001385469,1.385469,1000
13711,0.000840854,0.840854,1000
13712,0.030550151,30.550151,1000
13713,0.002867822,2.867822,1000
13714,0.000699,0.699,1000
13715,0.001629313,1.629313,1000
13716,0.000798611,0.798611,1000
13717,0.001339277,1.339277,1000
13718,0.001071083,1.071083,1000
13719,0.001601399,1.601399,1000
13720,0.001583562,1.583562,1000
13721,0.001605656,1.605656,1000
13722,0.000631565,0.631565,1000
13723,0.001326138,1.326138,1000
13724,0.001542492,1.542492,1000
13725,0.000968069,0.968069,1000
13726,0.001101067,1.101067,1000
13727,0.000783777,0.783777,1000
13728,0.000982989,0.982989,1000
13729,0.00104294,1.04294,1000
13730,0.001613775,1.613775,1000
13731,0.001524997,1.524997,1000
13732,0.000795035,0.795035,1000
13733,0.001610711,1.610711,1000
13734,0.002700787,2.700787,1000
13735,0.000924355,0.924355,1000
13736,0.001016213,1.016213,1000
13737,0.009187902,9.187902,1000
13738,0.001290692,1.290692,1000
13739,0.000847574,0.847574,1000
13740,0.000808882,0.808882,1000
13741,0.001134926,1.134926,1000
13742,0.000380048,0.380048,1000
13743,0.000630738,0.630738,1000
13744,0.000886937,0.886937,1000
13745,0.00076978,0.76978,1000
13746,0.001248584,1.248584,1000
13747,0.001124571,1.124571,1000
13748,0.000847956,0.847956,1000
13749,0.001722967,1.722967,1000
13750,0.000947704,0.947704,1000
13751,0.001042288,1.042288,1000
13752,0.003871972,3.871972,1000
13753,0.000934877,0.934877,1000
13754,0.000816393,0.816393,1000
13755,0.000855787,0.855787,1000
13756,0.000993186,0.993186,1000
13757,0.001052333,1.052333,1000
13758,0.002207987,2.207987,1000
13759,0.000759997,0.759997,1000
13760,0.001222122,1.222122,1000
13761,0.001060434,1.060434,1000
13762,0.000976274,0.976274,1000
13763,0.002325852,2.325852,1000
13764,0.001004655,1.004655,1000
13765,0.001148254,1.148254,1000
13766,0.00100678,1.00678,1000
13767,0.595269441,595.269441,1000
13768,0.015330796,15.330796,1000
13769,0.001008423,1.008423,1000
13770,0.000813123,0.813123,1000
13771,0.003939924,3.939924,1000
13772,0.001042957,1.042957,1000
13773,0.000573034,0.573034,1000
13774,0.000349563,0.349563,1000
13775,0.000885343,0.885343,1000
13776,0.000650373,0.650373,1000
13777,0.000596524,0.596524,1000
13778,0.001070445,1.070445,1000
13779,0.001032522,1.032522,1000
13780,0.000701789,0.701789,1000
13781,0.00321203,3.21203,1000
13782,0.008388504,8.388504,1000
13783,0.002799036,2.799036,1000
13784,0.003817804,3.817804,1000
13785,0.000616036,0.616036,1000
13786,0.002991065,2.991065,1000
13787,0.008391226,8.391226,1000
13788,0.000708861,0.708861,1000
13789,0.011259843,11.259843,1000
13790,0.000285026,0.285026,1000
13791,0.001267517,1.267517,1000
13792,0.007914149,7.914149,1000
13793,0.000461805,0.461805,1000
13794,0.001608681,1.608681,1000
13795,0.000671815,0.671815,1000
13796,0.000780151,0.780151,1000
13797,0.000439082,0.439082,1000
13798,0.002754685,2.754685,1000
13799,0.025038479,25.038479,1000
13800,0.000569711,0.569711,1000
13801,0.000715992,0.715992,1000
13802,0.001622839,1.622839,1000
13803,0.001996941,1.996941,1000
13804,0.00222684,2.22684,1000
13805,0.000881939,0.881939,1000
13806,0.001071083,1.071083,1000
13807,0.001071066,1.071066,1000
13808,0.001520607,1.520607,1000
13809,0.001564189,1.564189,1000
13810,0.001385415,1.385415,1000
13811,0.000734857,0.734857,1000
13812,0.006890835,6.890835,1000
13813,0.001043084,1.043084,1000
13814,0.000652908,0.652908,1000
13815,0.003163776,3.163776,1000
13816,0.00039528,0.39528,1000
13817,0.001336885,1.336885,1000
13818,0.001331648,1.331648,1000
13819,0.000903105,0.903105,1000
13820,0.000650462,0.650462,1000
13821,0.013833159,13.833159,1000
13822,0.001935727,1.935727,1000
13823,0.000606169,0.606169,1000
13824,0.001134926,1.134926,1000
13825,0.001071083,1.071083,1000
13826,0.000854685,0.854685,1000
13827,0.00157358,1.57358,1000
13828,0.000877264,0.877264,1000
13829,0.000861679,0.861679,1000
13830,0.000761449,0.761449,1000
13831,0.000645522,0.645522,1000
13832,0.001113951,1.113951,1000
13833,0.000604519,0.604519,1000
13834,0.001010701,1.010701,1000
13835,0.000712236,0.712236,1000
13836,0.000300643,0.300643,1000
13837,0.000852927,0.852927,1000
13838,0.003052784,3.052784,1000
13839,0.000784705,0.784705,1000
13840,0.001042957,1.042957,1000
13841,0.00038075,0.38075,1000
13842,0.000868728,0.868728,1000
13843,0.000993186,0.993186,1000
13844,0.000728301,0.728301,1000
13845,0.001520309,1.520309,1000
13846,0.0008536,0.8536,1000
13847,0.00137604,1.37604,1000
13848,0.001042817,1.042817,1000
13849,0.00104294,1.04294,1000
13850,0.000305335,0.305335,1000
13851,0.00082527,0.82527,1000
13852,0.0003977,0.3977,1000
13853,0.001872384,1.872384,1000
13854,0.000480332,0.480332,1000
13855,0.001279,1.279,1000
13856,0.004056184,4.056184,1000
13857,0.000982767,0.982767,1000
13858,0.001071105,1.071105,1000
13859,0.000507995,0.507995,1000
13860,0.000982522,0.982522,1000
13861,0.000557369,0.557369,1000
13862,0.00860534,8.60534,1000
13863,0.00267454,2.67454,1000
13864,0.001034986,1.034986,1000
13865,0.000775924,0.775924,1000
13866,0.000533409,0.533409,1000
13867,0.00069178,0.69178,1000
13868,0.001319304,1.319304,1000
13869,0.001351599,1.351599,1000
13870,0.000659921,0.659921,1000
13871,0.060549882,60.549882,1000
13872,0.004814568,4.814568,1000
13873,0.00156957,1.56957,1000
13874,0.000776183,0.776183,1000
13875,0.001103075,1.103075,1000
13876,0.001111392,1.111392,1000
13877,0.001506826,1.506826,1000
13878,0.000887121,0.887121,1000
13879,0.01678098,16.78098,1000
13880,0.000774189,0.774189,1000
13881,0.06457589,64.57589,1000
13882,0.058605007,58.605007,1000
13883,0.001275971,1.275971,1000
13884,0.002819965,2.819965,1000
13885,0.00132985,1.32985,1000
13886,0.000993124,0.993124,1000
13887,0.000688962,0.688962,1000
13888,0.001385374,1.385374,1000
13889,0.000833239,0.833239,1000
13890,0.000993186,0.993186,1000
13891,0.001249772,1.249772,1000
13892,0.001042979,1.042979,1000
13893,0.000468553,0.468553,1000
13894,0.000762736,0.762736,1000
13895,0.000854532,0.854532,1000
13896,0.004206005,4.206005,1000
13897,0.000891204,0.891204,1000
13898,0.000993124,0.993124,1000
13899,0.000949286,0.949286,1000
13900,0.001488379,1.488379,1000
13901,0.001199354,1.199354,1000
13902,0.001258326,1.258326,1000
13903,0.000633199,0.633199,1000
13904,0.000483383,0.483383,1000
13905,0.000751235,0.751235,1000
13906,0.001398666,1.398666,1000
13907,0.01601711,16.01711,1000
13908,0.001134919,1.134919,1000
13909,0.000689011,0.689011,1000
13910,0.001099781,1.099781,1000
13911,0.000779241,0.779241,1000
13912,0.00104294,1.04294,1000
13913,0.000786814,0.786814,1000
13914,0.161602874,161.602874,1000
13915,0.000713681,0.713681,1000
13916,0.002381205,2.381205,1000
13917,0.000727878,0.727878,1000
13918,0.001484882,1.484882,1000
13919,0.00079831,0.79831,1000
13920,0.000823124,0.823124,1000
13921,0.000783574,0.783574,1000
13922,0.009174884,9.174884,1000
13923,0.00077725,0.77725,1000
13924,0.000811738,0.811738,1000
13925,0.000754672,0.754672,1000
13926,0.000894121,0.894121,1000
13927,0.000644437,0.644437,1000
13928,0.000455272,0.455272,1000
13929,0.001144266,1.144266,1000
13930,0.000787471,0.787471,1000
13931,0.000588224,0.588224,1000
13932,0.000667025,0.667025,1000
13933,0.001274886,1.274886,1000
13934,0.000848626,0.848626,1000
13935,0.001196152,1.196152,1000
13936,0.001134919,1.134919,1000
13937,0.000714553,0.714553,1000
13938,0.000785826,0.785826,1000
13939,0.001347588,1.347588,1000
13940,0.007052486,7.052486,1000
13941,0.001319029,1.319029,1000
13942,0.001007063,1.007063,1000
13943,0.001287855,1.287855,1000
13944,0.001144266,1.144266,1000
13945,0.000259235,0.259235,1000
13946,0.001149437,1.149437,1000
13947,0.00080628,0.80628,1000
13948,0.001821889,1.821889,1000
13949,0.000856089,0.856089,1000
13950,0.001813315,1.813315,1000
13951,0.001015003,1.015003,1000
13952,0.000581049,0.581049,1000
13953,0.000487728,0.487728,1000
13955,0.013520777,13.520777,1000
13956,0.000470288,0.470288,1000
13957,0.00167056,1.67056,1000
13958,0.001017135,1.017135,1000
13959,0.000712509,0.712509,1000
13960,0.006984432,6.984432,1000
13961,0.000714695,0.714695,1000
13962,0.001273494,1.273494,1000
13963,0.000861895,0.861895,1000
13964,0.000765768,0.765768,1000
13965,0.000890874,0.890874,1000
13966,0.000909293,0.909293,1000
13967,0.000956262,0.956262,1000
13968,0.000923527,0.923527,1000
13969,0.001027686,1.027686,1000
13970,0.000825966,0.825966,1000
13971,0.00081312,0.81312,1000
13972,0.001482174,1.482174,1000
13973,0.002981332,2.981332,1000
13974,0.001004991,1.004991,1000
13975,0.003237892,3.237892,1000
13976,0.001484906,1.484906,1000
13977,0.000855516,0.855516,1000
13978,0.001669889,1.669889,1000
13979,0.000813123,0.813123,1000
13980,0.000660936,0.660936,1000
13981,0.001821889,1.821889,1000
13982,0.00064712,0.64712,1000
13983,0.001011936,1.011936,1000
13984,0.000936814,0.936814,1000
13985,0.001352624,1.352624,1000
13986,0.00104294,1.04294,1000
13987,0.00076304,0.76304,1000
13988,0.002873862,2.873862,1000
13989,0.002519904,2.519904,1000
13990,0.011657094,11.657094,1000
13991,0.000713061,0.713061,1000
13992,0.001146054,1.146054,1000
13993,0.001004015,1.004015,1000
13994,0.001433977,1.433977,1000
13995,0.000602045,0.602045,1000
13996,0.001071083,1.071083,1000
13997,0.001435281,1.435281,1000
13998,0.001553221,1.553221,1000
13999,0.000630738,0.630738,1000
14000,0.000715853,0.715853,1000
14001,0.002042854,2.042854,1000
14002,0.001143276,1.143276,1000
14003,0.001461237,1.461237,1000
14004,0.001071066,1.071066,1000
14005,0.000733484,0.733484,1000
14006,0.001006227,1.006227,1000
14007,0.000783777,0.783777,1000
14008,0.000701271,0.701271,1000
14009,0.000607724,0.607724,1000
14010,0.000551626,0.551626,1000
14011,0.001159546,1.159546,1000
14012,0.001670848,1.670848,1000
14013,0.000702154,0.702154,1000
14014,0.091163864,91.163864,1000
14015,0.0011383,1.1383,1000
14016,0.001027042,1.027042,1000
14017,0.002432892,2.432892,1000
14018,0.001633611,1.633611,1000
14019,0.000420556,0.420556,1000
14020,0.001042957,1.042957,1000
14021,0.001340132,1.340132,1000
14022,0.008080139,8.080139,1000
14023,0.00065642,0.65642,1000
14024,0.000640683,0.640683,1000
14025,0.000993186,0.993186,1000
14026,0.001217744,1.217744,1000
14027,0.001385075,1.385075,1000
14028,0.001556481,1.556481,1000
14029,0.000787482,0.787482,1000
14030,0.00064736,0.64736,1000
14031,0.001225569,1.225569,1000
14032,0.000918316,0.918316,1000
14033,0.001525076,1.525076,1000
14034,0.001517401,1.517401,1000
14035,0.000809692,0.809692,1000
14036,0.001011936,1.011936,1000
14037,0.001074887,1.074887,1000
14038,0.001375999,1.375999,1000
14039,0.000993186,0.993186,1000
14040,0.001042957,1.042957,1000
14041,0.000761996,0.761996,1000
14042,0.000672305,0.672305,1000
14043,0.001112632,1.112632,1000
14044,0.000504835,0.504835,1000
14045,0.001484906,1.484906,1000
14046,0.001734513,1.734513,1000
14047,0.006579032,6.579032,1000
14048,0.000736178,0.736178,1000
14049,0.00073513,0.73513,1000
14050,0.000853058,0.853058,1000
14051,0.000631993,0.631993,1000
14052,0.000575279,0.575279,1000
14053,0.00316752,3.16752,1000
14054,0.001036147,1.036147,1000
14055,0.004443214,4.443214,1000
14056,0.001476884,1.476884,1000
14057,0.000825223,0.825223,1000
14058,0.000546055,0.546055,1000
14059,0.000784668,0.784668,1000
14060,0.00137421,1.37421,1000
14061,0.001556481,1.556481,1000
14062,0.003521933,3.521933,1000
14063,0.00483946,4.83946,1000
14064,0.000523369,0.523369,1000
14065,0.007972474,7.972474,1000
14066,0.001609337,1.609337,1000
14067,0.003100564,3.100564,1000
14068,0.001147557,1.147557,1000
14069,0.008003964,8.003964,1000
14070,0.00152736,1.52736,1000
14071,0.000877048,0.877048,1000
14072,0.004378808,4.378808,1000
14073,0.000279947,0.279947,1000
14074,0.000386545,0.386545,1000
14075,0.001042957,1.042957,1000
14076,0.000952428,0.952428,1000
14077,0.000982522,0.982522,1000
14078,0.011015661,11.015661,1000
14079,0.001231399,1.231399,1000
14080,0.000870919,0.870919,1000
14081,0.001243356,1.243356,1000
14082,0.001195825,1.195825,1000
14083,0.001071083,1.071083,1000
14084,0.000778396,0.778396,1000
14085,0.000440742,0.440742,1000
14086,0.06457915,64.57915,1000
14087,0.001011936,1.011936,1000
14088,0.002880538,2.880538,1000
14089,0.000268506,0.268506,1000
14090,0.000401417,0.401417,1000
14091,0.001321085,1.321085,1000
14092,0.000709379,0.709379,1000
14093,0.001146855,1.146855,1000
14094,0.000682145,0.682145,1000
14095,0.000900766,0.900766,1000
14096,0.001746026,1.746026,1000
14097,0.000811984,0.811984,1000
14098,0.000729616,0.729616,1000
14099,0.000670979,0.670979,1000
14100,0.001028327,1.028327,1000
14101,0.00180201,1.80201,1000
14102,0.001062379,1.062379,1000
14103,0.000919147,0.919147,1000
14104,0.000680038,0.680038,1000
14105,0.000658987,0.658987,1000
14106,0.001692968,1.692968,1000
14107,0.001159546,1.159546,1000
14108,0.001687941,1.687941,1000
14109,0.001276942,1.276942,1000
14110,0.000620945,0.620945,1000
14111,0.000728051,0.728051,1000
14112,0.006526711,6.526711,1000
14113,0.000755531,0.755531,1000
14114,0.000871877,0.871877,1000
14115,0.000796037,0.796037,1000
14116,0.000520061,0.520061,1000
14117,0.002956476,2.956476,1000
14118,0.000652705,0.652705,1000
14119,0.001003687,1.003687,1000
14120,0.001453099,1.453099,1000
14121,0.001597191,1.597191,1000
14122,0.001015095,1.015095,1000
14123,0.001025066,1.025066,1000
14124,0.001532129,1.532129,1000
14125,0.000818021,0.818021,1000
14126,0.000915257,0.915257,1000
14127,0.000275084,0.275084,1000
14128,0.001519731,1.519731,1000
14129,0.000311879,0.311879,1000
14130,0.001525076,1.525076,1000
14131,0.00138932,1.38932,1000
14132,0.001385075,1.385075,1000
14133,0.00118765,1.18765,1000
14134,0.001312558,1.312558,1000
14135,0.000988614,0.988614,1000
14136,0.000961772,0.961772,1000
14137,0.001533543,1.533543,1000
14138,0.000712331,0.712331,1000
14139,0.001175848,1.175848,1000
14140,0.001255625,1.255625,1000
14141,0.000565984,0.565984,1000
14142,0.000732953,0.732953,1000
14143,0.00083853,0.83853,1000
14144,0.001175848,1.175848,1000
14145,0.009974796,9.974796,1000
14146,0.001011936,1.011936,1000
14147,0.001746026,1.746026,1000
14148,0.000605023,0.605023,1000
14149,0.000918865,0.918865,1000
14150,0.000592884,0.592884,1000
14151,0.001268666,1.268666,1000
14152,0.000813123,0.813123,1000
14153,0.00100736,1.00736,1000
14154,0.000768516,0.768516,1000
14155,0.00076743,0.76743,1000
14156,0.000672856,0.672856,1000
14157,0.016130012,16.130012,1000
14158,0.001746026,1.746026,1000
14159,0.000479572,0.479572,1000
14160,0.000831387,0.831387,1000
14161,0.001089507,1.089507,1000
14162,0.00080349,0.80349,1000
14163,0.000855975,0.855975,1000
14164,0.000937261,0.937261,1000
14165,0.001520625,1.520625,1000
14166,0.000686524,0.686524,1000
14167,0.001821889,1.821889,1000
14168,0.00228825,2.28825,1000
14169,0.000783777,0.783777,1000
14170,0.000900327,0.900327,1000
14171,0.000903105,0.903105,1000
14172,0.001013786,1.013786,1000
14173,0.00064854,0.64854,1000
14174,0.000840713,0.840713,1000
14175,0.00096075,0.96075,1000
14176,0.001042979,1.042979,1000
14177,0.00061521,0.61521,1000
14178,0.007302012,7.302012,1000
14179,0.00112596,1.12596,1000
14180,0.001750714,1.750714,1000
14181,0.001071066,1.071066,1000
14182,0.000544822,0.544822,1000
14183,0.000819393,0.819393,1000
14184,0.009585953,9.585953,1000
14185,0.000635807,0.635807,1000
14186,0.00097756,0.97756,1000
14187,0.001437892,1.437892,1000
14188,0.000962922,0.962922,1000
14189,0.002832952,2.832952,1000
14190,0.001666066,1.666066,1000
14191,0.002898287,2.898287,1000
14192,0.02706132,27.06132,1000
14193,0.001071083,1.071083,1000
14194,0.011477714,11.477714,1000
14195,0.011375149,11.375149,1000
14196,0.000867082,0.867082,1000
14197,0.000928682,0.928682,1000
14198,0.001216988,1.216988,1000
14199,0.001011936,1.011936,1000
14200,0.001523648,1.523648,1000
14201,0.001523569,1.523569,1000
14202,0.001520388,1.520388,1000
14203,0.000593539,0.593539,1000
14204,0.002830312,2.830312,1000
14205,0.003223377,3.223377,1000
14206,0.001321145,1.321145,1000
14207,0.000728289,0.728289,1000
14208,0.000829247,0.829247,1000
14209,0.001385415,1.385415,1000
14210,0.000791136,0.791136,1000
14211,0.026873463,26.873463,1000
14212,0.000563412,0.563412,1000
14213,0.000751163,0.751163,1000
14214,0.0010336,1.0336,1000
14215,0.001346207,1.346207,1000
14216,0.000834376,0.834376,1000
14217,0.00031649,0.31649,1000
14218,0.001982486,1.982486,1000
14219,0.001226739,1.226739,1000
14220,0.000729559,0.729559,1000
14221,0.000993304,0.993304,1000
14222,0.000772373,0.772373,1000
14223,0.001096676,1.096676,1000
14224,0.001480195,1.480195,1000
14225,0.000837248,0.837248,1000
14226,0.000756842,0.756842,1000
14227,0.000628387,0.628387,1000
14228,0.001006227,1.006227,1000
14229,0.002737221,2.737221,1000
14230,0.00035512,0.35512,1000
14231,0.000368528,0.368528,1000
14232,0.003283667,3.283667,1000
14233,0.000337396,0.337396,1000
14234,0.004389103,4.389103,1000
14235,0.008006049,8.006049,1000
14236,0.001247268,1.247268,1000
14237,0.000871749,0.871749,1000
14238,0.000353006,0.353006,1000
14239,0.003202264,3.202264,1000
14240,0.001105937,1.105937,1000
14241,0.000929056,0.929056,1000
14242,0.001014383,1.014383,1000
14243,0.000936958,0.936958,1000
14244,0.000557176,0.557176,1000
14245,0.000542039,0.542039,1000
14246,0.000430677,0.430677,1000
14247,0.000720124,0.720124,1000
14248,0.002880717,2.880717,1000
14249,0.016018688,16.018688,1000
14250,0.001569658,1.569658,1000
14251,0.00247622,2.47622,1000
14252,0.000408043,0.408043,1000
14253,0.001409129,1.409129,1000
14254,0.000252187,0.252187,1000
14255,0.00176531,1.76531,1000
14256,0.00311205,3.11205,1000
14257,0.001102977,1.102977,1000
14258,0.000630312,0.630312,1000
14259,0.000417603,0.417603,1000
14260,0.003863634,3.863634,1000
14261,0.002961249,2.961249,1000
14262,0.00071001,0.71001,1000
14263,0.057124651,57.124651,1000
14264,0.003392526,3.392526,1000
14265,0.000945496,0.945496,1000
14266,0.000313303,0.313303,1000
14267,0.000587312,0.587312,1000
14268,0.00061728,0.61728,1000
14269,0.000737884,0.737884,1000
14270,0.000997149,0.997149,1000
14271,0.001043007,1.043007,1000
14272,0.000757881,0.757881,1000
14273,0.002180391,2.180391,1000
14274,0.000788431,0.788431,1000
14275,0.000713556,0.713556,1000
14276,0.000571789,0.571789,1000
14277,0.001685612,1.685612,1000
14278,0.001601159,1.601159,1000
14279,0.000260221,0.260221,1000
14280,0.000724314,0.724314,1000
14281,0.000844723,0.844723,1000
14282,0.001454741,1.454741,1000
14283,0.000379181,0.379181,1000
14284,0.002214686,2.214686,1000
14285,0.000624023,0.624023,1000
14286,0.000571478,0.571478,1000
14287,0.000736972,0.736972,1000
14288,0.000960809,0.960809,1000
14289,0.000689999,0.689999,1000
14290,0.003525586,3.525586,1000
14291,0.001175848,1.175848,1000
14292,0.001062502,1.062502,1000
14293,0.000937681,0.937681,1000
14294,0.000993186,0.993186,1000
14295,0.011299126,11.299126,1000
14296,0.001843903,1.843903,1000
14297,0.001746026,1.746026,1000
14298,0.001376094,1.376094,1000
14299,0.00103997,1.03997,1000
14300,0.000812896,0.812896,1000
14301,0.000765831,0.765831,1000
14302,0.001885624,1.885624,1000
14303,0.001103129,1.103129,1000
14304,0.000843822,0.843822,1000
14305,0.000736881,0.736881,1000
14306,0.007976777,7.976777,1000
14307,0.000833813,0.833813,1000
14308,0.00137617,1.37617,1000
14309,0.001134926,1.134926,1000
14310,0.008182343,8.182343,1000
14311,0.000688768,0.688768,1000
14312,0.001221487,1.221487,1000
14313,0.001612347,1.612347,1000
14314,0.001584552,1.584552,1000
14315,0.001097456,1.097456,1000
14316,0.001553221,1.553221,1000
14317,0.001556481,1.556481,1000
14318,0.000412708,0.412708,1000
14319,0.000509558,0.509558,1000
14320,0.000298372,0.298372,1000
14321,0.001352029,1.352029,1000
14322,0.001143068,1.143068,1000
14323,0.000709294,0.709294,1000
14324,0.000547321,0.547321,1000
14325,0.000762736,0.762736,1000
14326,0.000837414,0.837414,1000
14327,0.001063148,1.063148,1000
14328,0.003172839,3.172839,1000
14329,0.003065207,3.065207,1000
14330,0.000960809,0.960809,1000
14331,0.006313862,6.313862,1000
14332,0.000613854,0.613854,1000
14333,0.001042957,1.042957,1000
14334,0.001043045,1.043045,1000
14335,0.000707212,0.707212,1000
14336,0.000681519,0.681519,1000
14337,0.001520388,1.520388,1000
14338,0.000621511,0.621511,1000
14339,0.000518401,0.518401,1000
14340,0.000767461,0.767461,1000
14341,0.000577911,0.577911,1000
14342,0.000749388,0.749388,1000
14343,0.000865827,0.865827,1000
14344,0.000916974,0.916974,1000
14345,0.000888451,0.888451,1000
14346,0.000616153,0.616153,1000
14347,0.000789026,0.789026,1000
14348,0.004306382,4.306382,1000
14349,0.002705474,2.705474,1000
14350,0.00083685,0.83685,1000
14351,0.000581159,0.581159,1000
14352,0.002290577,2.290577,1000
14353,0.001051125,1.051125,1000
14354,0.000667721,0.667721,1000
14355,0.001382519,1.382519,1000
14356,0.001102018,1.102018,1000
14357,0.000602288,0.602288,1000
14358,0.001071083,1.071083,1000
14359,0.001042805,1.042805,1000
14360,0.000811687,0.811687,1000
14361,0.000952693,0.952693,1000
14362,0.064580577,64.580577,1000
14363,0.000942397,0.942397,1000
14364,0.008063508,8.063508,1000
14365,0.000696116,0.696116,1000
14366,0.000783777,0.783777,1000
14367,0.000825966,0.825966,1000
14368,0.000848783,0.848783,1000
14369,0.000937243,0.937243,1000
14370,0.001448297,1.448297,1000
14371,0.001011936,1.011936,1000
14372,0.00070367,0.70367,1000
14373,0.000829026,0.829026,1000
14374,0.000981717,0.981717,1000
14375,0.001042957,1.042957,1000
14376,0.000981072,0.981072,1000
14377,0.001608896,1.608896,1000
14378,0.000820725,0.820725,1000
14379,0.001071105,1.071105,1000
14380,0.000959761,0.959761,1000
14381,0.000769712,0.769712,1000
14382,0.000918268,0.918268,1000
14383,0.001153627,1.153627,1000
14384,0.00107348,1.07348,1000
14385,0.001069915,1.069915,1000
14386,0.001717421,1.717421,1000
14387,0.005530952,5.530952,1000
14388,0.001075349,1.075349,1000
14389,0.00081312,0.81312,1000
14390,0.001024298,1.024298,1000
14391,0.001132812,1.132812,1000
14392,0.001225466,1.225466,1000
14393,0.00121891,1.21891,1000
14394,0.00059672,0.59672,1000
14395,0.000995774,0.995774,1000
14396,0.000330264,0.330264,1000
14397,0.001523753,1.523753,1000
14398,0.000824969,0.824969,1000
14399,0.000850595,0.850595,1000
14400,0.001029247,1.029247,1000
14401,0.001157733,1.157733,1000
14402,0.001043007,1.043007,1000
14403,0.000860786,0.860786,1000
14404,0.000664265,0.664265,1000
14405,0.002565468,2.565468,1000
14406,0.001988727,1.988727,1000
14407,0.000386543,0.386543,1000
14408,0.001143693,1.143693,1000
14409,0.001223247,1.223247,1000
14410,0.000243865,0.243865,1000
14411,0.001167828,1.167828,1000
14412,0.000908364,0.908364,1000
14413,0.000790347,0.790347,1000
14414,0.000710071,0.710071,1000
14415,0.000953545,0.953545,1000
14416,0.001147967,1.147967,1000
14417,0.000609918,0.609918,1000
14418,0.001081154,1.081154,1000
14419,0.00071855,0.71855,1000
14420,0.000552105,0.552105,1000
14421,0.001497372,1.497372,1000
14422,0.01045395,10.45395,1000
14423,0.001403451,1.403451,1000
14424,0.001521702,1.521702,1000
14425,0.0006624,0.6624,1000
14426,0.002833315,2.833315,1000
14427,0.000452144,0.452144,1000
14428,0.001036145,1.036145,1000
14429,0.000496181,0.496181,1000
14430,0.000366637,0.366637,1000
14431,0.001011936,1.011936,1000
14432,0.000937396,0.937396,1000
14433,0.001293329,1.293329,1000
14434,0.000919593,0.919593,1000
14435,0.000583007,0.583007,1000
14436,0.000695277,0.695277,1000
14437,0.001037404,1.037404,1000
14438,0.000935444,0.935444,1000
14439,0.000868526,0.868526,1000
14440,0.001071105,1.071105,1000
14441,0.00092875,0.92875,1000
14442,0.00048104,0.48104,1000
14443,0.001242727,1.242727,1000
14444,0.002376912,2.376912,1000
14445,0.001042979,1.042979,1000
14446,0.36944089,369.44089,1000
14447,0.000640659,0.640659,1000
14448,0.003479575,3.479575,1000
14449,0.000795935,0.795935,1000
14450,0.001330889,1.330889,1000
14451,0.001144711,1.144711,1000
14452,0.000615515,0.615515,1000
14453,0.001672567,1.672567,1000
14454,0.000975891,0.975891,1000
14455,0.001242727,1.242727,1000
14456,0.007919328,7.919328,1000
14457,0.001251734,1.251734,1000
14458,0.000915537,0.915537,1000
14459,0.001409129,1.409129,1000
14460,0.000652444,0.652444,1000
14461,0.001728359,1.728359,1000
14462,0.001409129,1.409129,1000
14463,0.003037983,3.037983,1000
14464,0.002226393,2.226393,1000
14465,0.000920912,0.920912,1000
14466,0.00104294,1.04294,1000
14467,0.00103637,1.03637,1000
14468,0.001713139,1.713139,1000
14469,0.00130215,1.30215,1000
14470,0.000849202,0.849202,1000
14471,0.001749287,1.749287,1000
14472,0.000993124,0.993124,1000
14473,0.001413817,1.413817,1000
14474,0.001261969,1.261969,1000
14475,0.000622615,0.622615,1000
14476,0.000977086,0.977086,1000
14477,0.000559132,0.559132,1000
14478,0.001015051,1.015051,1000
14479,0.000292772,0.292772,1000
14480,0.001037288,1.037288,1000
14481,0.001717017,1.717017,1000
14482,0.001676831,1.676831,1000
14483,0.000838868,0.838868,1000
14484,0.040303095,40.303095,1000
14485,0.000793123,0.793123,1000
14486,0.001193744,1.193744,1000
14487,0.00125593,1.25593,1000
14488,0.000462734,0.462734,1000
14489,0.003764342,3.764342,1000
14490,0.00078403,0.78403,1000
14491,0.001213919,1.213919,1000
14492,0.001152306,1.152306,1000
14493,0.00147013,1.47013,1000
14494,0.00073743,0.73743,1000
14495,0.001010534,1.010534,1000
14496,0.000753825,0.753825,1000
14497,0.004943846,4.943846,1000
14498,0.001439954,1.439954,1000
14499,0.002510902,2.510902,1000
14500,0.000899565,0.899565,1000
14501,0.00070195,0.70195,1000
14502,0.023037266,23.037266,1000
14503,0.000784645,0.784645,1000
14504,0.000599289,0.599289,1000
14505,0.010536899,10.536899,1000
14506,0.001246497,1.246497,1000
14507,0.000748006,0.748006,1000
14508,0.000942387,0.942387,1000
14509,0.00135426,1.35426,1000
14510,0.000933636,0.933636,1000
14511,0.00082325,0.82325,1000
14512,0.000458501,0.458501,1000
14513,0.000878419,0.878419,1000
14514,0.001352957,1.352957,1000
14515,0.001493217,1.493217,1000
14516,0.001252608,1.252608,1000
14517,0.284636181,284.636181,1000
14518,0.000588899,0.588899,1000
14519,0.005555314,5.555314,1000
14520,0.001750714,1.750714,1000
14521,0.000793537,0.793537,1000
14522,0.000823729,0.823729,1000
14523,0.001134919,1.134919,1000
14524,0.000831954,0.831954,1000
14525,0.00071971,0.71971,1000
14526,0.001246131,1.246131,1000
14527,0.000769162,0.769162,1000
14528,0.001746026,1.746026,1000
14529,0.001153627,1.153627,1000
14530,0.001250497,1.250497,1000
14531,0.00104294,1.04294,1000
14532,0.001452021,1.452021,1000
14533,0.002967249,2.967249,1000
14534,0.003262036,3.262036,1000
14535,0.001523753,1.523753,1000
14536,0.000937311,0.937311,1000
14537,0.001348929,1.348929,1000
14538,0.000676909,0.676909,1000
14539,0.000526384,0.526384,1000
14540,0.00834792,8.34792,1000
14541,0.000960809,0.960809,1000
14542,0.00110692,1.10692,1000
14543,0.001333318,1.333318,1000
14544,0.001604228,1.604228,1000
14545,0.000773789,0.773789,1000
14546,0.003040576,3.040576,1000
14547,0.000616931,0.616931,1000
14548,0.001620389,1.620389,1000
14549,0.000741108,0.741108,1000
14550,0.001011936,1.011936,1000
14551,0.007378406,7.378406,1000
14552,0.00159512,1.59512,1000
14553,0.001460158,1.460158,1000
14554,0.001027792,1.027792,1000
14555,0.021329805,21.329805,1000
14556,0.001081154,1.081154,1000
14557,0.00053052,0.53052,1000
14558,0.014341235,14.341235,1000
14559,0.000638806,0.638806,1000
14560,0.005239871,5.239871,1000
14561,0.00149109,1.49109,1000
14562,0.001525181,1.525181,1000
14563,0.001369533,1.369533,1000
14564,0.000678525,0.678525,1000
14565,0.00103902,1.03902,1000
14566,0.00100894,1.00894,1000
14567,0.000769252,0.769252,1000
14568,0.00205679,2.05679,1000
14569,0.008154936,8.154936,1000
14570,0.000733648,0.733648,1000
14571,0.001200572,1.200572,1000
14572,0.001284429,1.284429,1000
14573,0.001164676,1.164676,1000
14574,0.026974913,26.974913,1000
14576,0.001459295,1.459295,1000
14577,0.001026534,1.026534,1000
14578,0.001483455,1.483455,1000
14579,0.001509573,1.509573,1000
14580,0.026795535,26.795535,1000
14581,0.00348729,3.48729,1000
14582,0.001001401,1.001401,1000
14583,0.000782173,0.782173,1000
14584,0.000800266,0.800266,1000
14585,0.001463624,1.463624,1000
14586,0.001307609,1.307609,1000
14587,0.000449478,0.449478,1000
14588,0.001317245,1.317245,1000
14589,0.001116778,1.116778,1000
14590,0.000783777,0.783777,1000
14591,0.000783777,0.783777,1000
14592,0.001777124,1.777124,1000
14593,0.000349902,0.349902,1000
14594,0.00085896,0.85896,1000
14595,0.000798433,0.798433,1000
14596,0.149847324,149.847324,1000
14597,0.001011936,1.011936,1000
14598,0.000896903,0.896903,1000
14599,0.001324896,1.324896,1000
14600,0.000359645,0.359645,1000
14601,0.001134352,1.134352,1000
14602,0.000765758,0.765758,1000
14603,0.000993186,0.993186,1000
14604,0.000289549,0.289549,1000
14605,0.001284044,1.284044,1000
14606,0.009270111,9.270111,1000
14607,0.005617962,5.617962,1000
14608,0.004263219,4.263219,1000
14609,0.122503562,122.503562,1000
14610,0.001104592,1.104592,1000
14611,0.001330889,1.330889,1000
14612,0.000900409,0.900409,1000
14613,0.000678989,0.678989,1000
14614,0.000812741,0.812741,1000
14615,0.001472851,1.472851,1000
14616,0.000739746,0.739746,1000
14617,0.00103168,1.03168,1000
14618,0.000661444,0.661444,1000
14619,0.000692061,0.692061,1000
14620,0.001194978,1.194978,1000
14621,0.000802744,0.802744,1000
14622,0.001172505,1.172505,1000
14623,0.000580607,0.580607,1000
14624,0.00102305,1.02305,1000
14625,0.000979133,0.979133,1000
14626,0.000937184,0.937184,1000
14627,0.000945085,0.945085,1000
14628,0.003215866,3.215866,1000
14629,0.001030222,1.030222,1000
14630,0.000977131,0.977131,1000
14631,0.000993124,0.993124,1000
14632,0.000884874,0.884874,1000
14633,0.000532401,0.532401,1000
14634,0.004435729,4.435729,1000
14635,0.000632141,0.632141,1000
14636,0.001041789,1.041789,1000
14637,0.00354613,3.54613,1000
14638,0.000859529,0.859529,1000
14639,0.003062091,3.062091,1000
14640,0.001399852,1.399852,1000
14641,0.000889134,0.889134,1000
14642,0.001104654,1.104654,1000
14643,0.00096626,0.96626,1000
14644,0.001042957,1.042957,1000
14645,0.000858202,0.858202,1000
14646,0.005846816,5.846816,1000
14647,0.000670451,0.670451,1000
14648,0.002853733,2.853733,1000
14649,0.001098393,1.098393,1000
14650,0.001397216,1.397216,1000
14651,0.06457915,64.57915,1000
14652,0.014449448,14.449448,1000
14653,0.000633059,0.633059,1000
14654,0.000878372,0.878372,1000
14655,0.001434167,1.434167,1000
14656,0.00553504,5.53504,1000
14657,0.001084496,1.084496,1000
14658,0.000993186,0.993186,1000
14659,0.001097456,1.097456,1000
14660,0.000991084,0.991084,1000
14661,0.00073352,0.73352,1000
14662,0.000871717,0.871717,1000
14663,0.000631721,0.631721,1000
14664,0.000943011,0.943011,1000
14665,0.001223536,1.223536,1000
14667,0.001258003,1.258003,1000
14668,0.000779894,0.779894,1000
14669,0.000898438,0.898438,1000
14670,0.001795189,1.795189,1000
14671,0.001050209,1.050209,1000
14672,0.000824169,0.824169,1000
14673,0.008399071,8.399071,1000
14674,0.000810615,0.810615,1000
14675,0.004819393,4.819393,1000
14676,0.002815503,2.815503,1000
14677,0.001826577,1.826577,1000
14678,0.000881319,0.881319,1000
14680,0.000845639,0.845639,1000
14681,0.000622612,0.622612,1000
14682,0.001501099,1.501099,1000
14683,0.000808027,0.808027,1000
14684,0.001103081,1.103081,1000
14685,0.19459321,194.59321,1000
14686,0.001043045,1.043045,1000
14687,0.001149588,1.149588,1000
14688,0.000977857,0.977857,1000
14689,0.001082865,1.082865,1000
14690,0.000445968,0.445968,1000
14691,0.000897138,0.897138,1000
14692,0.001268944,1.268944,1000
14693,0.000816551,0.816551,1000
14694,0.000739225,0.739225,1000
14695,0.001609087,1.609087,1000
14696,0.003334971,3.334971,1000
14697,0.000957458,0.957458,1000
14698,0.008070124,8.070124,1000
14699,0.001112401,1.112401,1000
14700,0.000767238,0.767238,1000
14701,0.001042979,1.042979,1000
14702,0.000557979,0.557979,1000
14703,0.001523885,1.523885,1000
14704,0.000919671,0.919671,1000
14705,0.000714573,0.714573,1000
14706,0.016937077,16.937077,1000
14707,0.000993186,0.993186,1000
14708,0.001609087,1.609087,1000
14709,0.000647297,0.647297,1000
14710,0.001023663,1.023663,1000
14711,0.002049701,2.049701,1000
14712,0.000701853,0.701853,1000
14713,0.001252608,1.252608,1000
14714,0.001474301,1.474301,1000
14715,0.001746026,1.746026,1000
14716,0.000835609,0.835609,1000
14717,0.001042979,1.042979,1000
14718,0.000616698,0.616698,1000
14719,0.008799881,8.799881,1000
14720,0.002362457,2.362457,1000
14721,0.003455585,3.455585,1000
14722,0.000937243,0.937243,1000
14723,0.001152272,1.152272,1000
14724,0.000712704,0.712704,1000
14725,0.000801032,0.801032,1000
14726,0.001171504,1.171504,1000
14727,0.001084892,1.084892,1000
14728,0.001341559,1.341559,1000
14729,0.000850084,0.850084,1000
14730,0.001625621,1.625621,1000
14731,0.000993311,0.993311,1000
14732,0.001520309,1.520309,1000
14733,0.001043125,1.043125,1000
14734,0.001042979,1.042979,1000
14735,0.011883177,11.883177,1000
14736,0.001199128,1.199128,1000
14737,0.000795339,0.795339,1000
14738,0.001633535,1.633535,1000
14739,0.00859245,8.59245,1000
14740,0.003783363,3.783363,1000
14741,0.017096553,17.096553,1000
14742,0.000938615,0.938615,1000
14743,0.000395575,0.395575,1000
14744,0.000677222,0.677222,1000
14745,0.000593075,0.593075,1000
14746,0.00070843,0.70843,1000
14747,0.00280233,2.80233,1000
14748,0.000866148,0.866148,1000
14749,0.000982522,0.982522,1000
14750,0.002532727,2.532727,1000
14751,0.00114796,1.14796,1000
14752,0.001505839,1.505839,1000
14753,0.000828501,0.828501,1000
14754,0.006279746,6.279746,1000
14755,0.002634558,2.634558,1000
14756,0.483568691,483.568691,1000
14757,0.000964089,0.964089,1000
14758,0.000930535,0.930535,1000
14759,0.001113135,1.113135,1000
14760,0.000762661,0.762661,1000
14761,0.000875886,0.875886,1000
14762,0.000774559,0.774559,1000
14763,0.001737802,1.737802,1000
14764,0.000911539,0.911539,1000
14765,0.001523753,1.523753,1000
14766,0.001051102,1.051102,1000
14767,0.000817892,0.817892,1000
14768,0.002827412,2.827412,1000
14769,0.002980186,2.980186,1000
14770,0.001088464,1.088464,1000
14771,0.00204325,2.04325,1000
14772,0.000773789,0.773789,1000
14773,0.00125192,1.25192,1000
14774,0.001031621,1.031621,1000
14775,0.002051214,2.051214,1000
14776,0.002230809,2.230809,1000
14777,0.001211563,1.211563,1000
14778,0.08456518,84.56518,1000
14779,0.001481875,1.481875,1000
14780,0.00214176,2.14176,1000
14781,0.001000935,1.000935,1000
14782,0.101409909,101.409909,1000
14783,0.000573862,0.573862,1000
14784,0.004865353,4.865353,1000
14785,0.001081154,1.081154,1000
14786,0.00063803,0.63803,1000
14787,0.000798033,0.798033,1000
14788,0.368876533,368.876533,1000
14789,0.000576689,0.576689,1000
14790,0.000608725,0.608725,1000
14791,0.000857895,0.857895,1000
14792,0.000873578,0.873578,1000
14793,0.000627944,0.627944,1000
14794,0.000849015,0.849015,1000
14795,0.001268507,1.268507,1000
14796,0.000516365,0.516365,1000
14797,0.001480195,1.480195,1000
14798,0.001520309,1.520309,1000
14799,0.001146019,1.146019,1000
14800,0.001375999,1.375999,1000
14801,0.000754197,0.754197,1000
14802,0.005292332,5.292332,1000
14803,0.000901699,0.901699,1000
14804,0.001142234,1.142234,1000
14805,0.022911195,22.911195,1000
14806,0.000871714,0.871714,1000
14807,0.000578976,0.578976,1000
14808,0.000750321,0.750321,1000
14809,0.001524296,1.524296,1000
14810,0.001042957,1.042957,1000
14811,0.002796529,2.796529,1000
14812,0.00056754,0.56754,1000
14813,0.000600737,0.600737,1000
14814,0.001324502,1.324502,1000
14815,0.000573404,0.573404,1000
14816,0.000666621,0.666621,1000
14817,0.000874285,0.874285,1000
14818,0.001076987,1.076987,1000
14819,0.000920075,0.920075,1000
14820,0.040045397,40.045397,1000
14821,0.000840414,0.840414,1000
14822,0.000969838,0.969838,1000
14823,0.000618981,0.618981,1000
14824,0.001554702,1.554702,1000
14825,0.005311987,5.311987,1000
14826,0.000819666,0.819666,1000
14827,0.008160625,8.160625,1000
14829,0.019150242,19.150242,1000
14830,0.001284055,1.284055,1000
14831,0.001134919,1.134919,1000
14832,0.001071298,1.071298,1000
14833,0.001096676,1.096676,1000
14834,0.001192118,1.192118,1000
14835,0.001062541,1.062541,1000
14836,0.000468647,0.468647,1000
14837,0.001291575,1.291575,1000
14838,0.001589788,1.589788,1000
14839,0.001115853,1.115853,1000
14840,0.000575692,0.575692,1000
14841,0.000322963,0.322963,1000
14842,0.00381839,3.81839,1000
14843,0.000759659,0.759659,1000
14844,0.001065745,1.065745,1000
14845,0.000678384,0.678384,1000
14846,0.001520388,1.520388,1000
14847,0.000847082,0.847082,1000
14848,0.000908965,0.908965,1000
14849,0.000803139,0.803139,1000
14850,0.001088061,1.088061,1000
14851,0.001128953,1.128953,1000
14852,0.000880526,0.880526,1000
14853,0.000710095,0.710095,1000
14854,0.001018794,1.018794,1000
14855,0.00143643,1.43643,1000
14856,0.001150268,1.150268,1000
14857,0.000817018,0.817018,1000
14858,0.001267963,1.267963,1000
14860,0.001047679,1.047679,1000
14861,0.002768709,2.768709,1000
14862,0.000714813,0.714813,1000
14863,0.002820304,2.820304,1000
14864,0.001376162,1.376162,1000
14865,0.000794071,0.794071,1000
14866,0.001029247,1.029247,1000
14867,0.001000921,1.000921,1000
14868,0.000884044,0.884044,1000
14869,0.000611063,0.611063,1000
14870,0.003693404,3.693404,1000
14871,0.000837097,0.837097,1000
14872,0.001006165,1.006165,1000
14873,0.00054512,0.54512,1000
14874,0.001612347,1.612347,1000
14875,0.006768563,6.768563,1000
14876,0.003509484,3.509484,1000
14877,0.019888781,19.888781,1000
14878,0.002423267,2.423267,1000
14879,0.008158351,8.158351,1000
14880,0.001189924,1.189924,1000
14881,0.010484427,10.484427,1000
14882,0.001384157,1.384157,1000
14883,0.001113076,1.113076,1000
14884,0.001097456,1.097456,1000
14885,0.001323321,1.323321,1000
14886,0.001932931,1.932931,1000
14887,0.00053209,0.53209,1000
14888,0.000579546,0.579546,1000
14889,0.001782584,1.782584,1000
14890,0.000802032,0.802032,1000
14891,0.00081235,0.81235,1000
14892,0.000993124,0.993124,1000
14893,0.000790758,0.790758,1000
14894,0.000844618,0.844618,1000
14895,0.002258343,2.258343,1000
14896,0.016268417,16.268417,1000
14897,0.000712139,0.712139,1000
14898,0.001480218,1.480218,1000
14899,0.000880137,0.880137,1000
14900,0.00080381,0.80381,1000
14901,0.001205656,1.205656,1000
14902,0.000780725,0.780725,1000
14903,0.000300569,0.300569,1000
14904,0.00314358,3.14358,1000
14905,0.000653122,0.653122,1000
14906,0.001062502,1.062502,1000
14907,0.002765434,2.765434,1000
14908,0.00093772,0.93772,1000
14909,0.000601422,0.601422,1000
14910,0.003073632,3.073632,1000
14911,0.0006227,0.6227,1000
14912,0.001034429,1.034429,1000
14913,0.000708023,0.708023,1000
14914,0.016074487,16.074487,1000
14915,0.000690895,0.690895,1000
14916,0.011240482,11.240482,1000
14917,0.002193806,2.193806,1000
14918,0.00104342,1.04342,1000
14919,0.001084381,1.084381,1000
14920,0.001102074,1.102074,1000
14921,0.000490771,0.490771,1000
14922,0.001006227,1.006227,1000
14923,0.000785344,0.785344,1000
14924,0.000771323,0.771323,1000
14925,0.001324896,1.324896,1000
14926,0.00110695,1.10695,1000
14927,0.017966447,17.966447,1000
14928,0.00046123,0.46123,1000
14929,0.000833745,0.833745,1000
14930,0.002940387,2.940387,1000
14931,0.001027775,1.027775,1000
14932,0.001011818,1.011818,1000
14933,0.001143068,1.143068,1000
14934,0.000812594,0.812594,1000
14935,0.00081312,0.81312,1000
14936,0.00130705,1.30705,1000
14937,0.001307142,1.307142,1000
14938,0.000963901,0.963901,1000
14939,0.00078378,0.78378,1000
14940,0.001332838,1.332838,1000
14941,0.595286263,595.286263,1000
14942,0.000644795,0.644795,1000
14943,0.000588099,0.588099,1000
14944,0.012410235,12.410235,1000
14945,0.001342654,1.342654,1000
14946,0.000719326,0.719326,1000
14947,0.001032589,1.032589,1000
14948,0.000633721,0.633721,1000
14949,0.000830036,0.830036,1000
14950,0.001052083,1.052083,1000
14951,0.001339365,1.339365,1000
14952,0.002102074,2.102074,1000
14954,0.001367967,1.367967,1000
14955,0.001006227,1.006227,1000
14956,0.001006227,1.006227,1000
14957,0.00082325,0.82325,1000
14958,0.000303357,0.303357,1000
14959,0.001621633,1.621633,1000
14960,0.000989093,0.989093,1000
14961,0.000884496,0.884496,1000
14962,0.000679829,0.679829,1000
14963,0.000790236,0.790236,1000
14964,0.000751983,0.751983,1000
14965,0.001677933,1.677933,1000
14966,0.038301241,38.301241,1000
14967,0.002051658,2.051658,1000
14968,0.029784036,29.784036,1000
14969,0.002053768,2.053768,1000
14970,0.002094101,2.094101,1000
14971,0.000772579,0.772579,1000
14972,0.001062379,1.062379,1000
14973,0.004345168,4.345168,1000
14974,0.000825966,0.825966,1000
14975,0.002205154,2.205154,1000
14976,0.001042979,1.042979,1000
14977,0.004070596,4.070596,1000
14978,0.001042957,1.042957,1000
14979,0.003576079,3.576079,1000
14980,0.001039296,1.039296,1000
14981,0.001520388,1.520388,1000
14982,0.00094671,0.94671,1000
14983,0.000606083,0.606083,1000
14984,0.000784703,0.784703,1000
14985,0.000818825,0.818825,1000
14986,0.003064408,3.064408,1000
14987,0.000539235,0.539235,1000
14988,0.00081312,0.81312,1000
14989,0.008295962,8.295962,1000
14990,0.000742886,0.742886,1000
14991,0.000684506,0.684506,1000
14992,0.000882468,0.882468,1000
14993,0.000886012,0.886012,1000
14994,0.001523885,1.523885,1000
14995,0.001480218,1.480218,1000
14996,0.016000683,16.000683,1000
14997,0.016140973,16.140973,1000
14998,0.000783777,0.783777,1000
14999,0.002487134,2.487134,1000
15000,0.001270917,1.270917,1000
15001,0.002085208,2.085208,1000
15002,0.0007305,0.7305,1000
15003,0.000711815,0.711815,1000
15004,0.000488717,0.488717,1000
15005,0.001050561,1.050561,1000
15006,0.000624206,0.624206,1000
15007,0.007383841,7.383841,1000
15008,0.000786871,0.786871,1000
15009,0.001576132,1.576132,1000
15010,0.00298394,2.98394,1000
15011,0.000839551,0.839551,1000
15012,0.001404375,1.404375,1000
15013,0.001097456,1.097456,1000
15014,0.003792047,3.792047,1000
15015,0.007955033,7.955033,1000
15016,0.001289002,1.289002,1000
15017,0.000761696,0.761696,1000
15018,0.001246131,1.246131,1000
15019,0.004784771,4.784771,1000
15020,0.000621921,0.621921,1000
15021,0.000755927,0.755927,1000
15022,0.001042817,1.042817,1000
15023,0.00137604,1.37604,1000
15024,0.06457915,64.57915,1000
15025,0.045426845,45.426845,1000
15026,0.000586938,0.586938,1000
15027,0.000886771,0.886771,1000
15028,0.00085638,0.85638,1000
15029,0.000704145,0.704145,1000
15030,0.001640317,1.640317,1000
15031,0.000940942,0.940942,1000
15032,0.038155416,38.155416,1000
15033,0.000924848,0.924848,1000
15034,0.001746026,1.746026,1000
15035,0.000993186,0.993186,1000
15036,0.000960622,0.960622,1000
15037,0.000858252,0.858252,1000
15038,0.000993186,0.993186,1000
15039,0.001604111,1.604111,1000
15040,0.001608896,1.608896,1000
15041,0.000627438,0.627438,1000
15042,0.000937371,0.937371,1000
15043,0.000894859,0.894859,1000
15044,0.00305822,3.05822,1000
15045,0.00052158,0.52158,1000
15046,0.000907527,0.907527,1000
15047,0.000742085,0.742085,1000
15048,0.000735192,0.735192,1000
15049,0.002609618,2.609618,1000
15050,0.001409129,1.409129,1000
15051,0.001061533,1.061533,1000
15052,0.000626674,0.626674,1000
15053,0.001110106,1.110106,1000
15054,0.000259402,0.259402,1000
15055,0.00075799,0.75799,1000
15056,0.000588656,0.588656,1000
15057,0.001142425,1.142425,1000
15058,0.002402725,2.402725,1000
15059,0.000408609,0.408609,1000
15060,0.001218698,1.218698,1000
15061,0.001218698,1.218698,1000
15062,0.001044721,1.044721,1000
15063,0.000839569,0.839569,1000
15064,0.001399208,1.399208,1000
15065,0.00070303,0.70303,1000
15066,0.001254668,1.254668,1000
15067,0.001241868,1.241868,1000
15068,0.000937371,0.937371,1000
15069,0.000567583,0.567583,1000
15070,0.000614972,0.614972,1000
15071,0.003407636,3.407636,1000
15072,0.000927174,0.927174,1000
15073,0.000712277,0.712277,1000
15074,0.001201499,1.201499,1000
15075,0.000936276,0.936276,1000
15076,0.00160468,1.60468,1000
15077,0.003580286,3.580286,1000
15078,0.001324896,1.324896,1000
15079,0.006936389,6.936389,1000
15080,0.001015859,1.015859,1000
15081,0.000385831,0.385831,1000
15082,0.001813618,1.813618,1000
15083,0.001419549,1.419549,1000
15084,0.001511833,1.511833,1000
15085,0.00172961,1.72961,1000
15086,0.000931386,0.931386,1000
15087,0.001062379,1.062379,1000
15088,0.001009486,1.009486,1000
15089,0.000760459,0.760459,1000
15090,0.001327025,1.327025,1000
15091,0.001015581,1.015581,1000
15092,0.000884571,0.884571,1000
15093,0.005084396,5.084396,1000
15094,0.000733682,0.733682,1000
15095,0.000896127,0.896127,1000
15096,0.001081154,1.081154,1000
15097,0.000867622,0.867622,1000
15098,0.000800733,0.800733,1000
15099,0.000765797,0.765797,1000
15100,0.027981851,27.981851,1000
15101,0.001467604,1.467604,1000
15102,0.00112596,1.12596,1000
15103,0.001006929,1.006929,1000
15104,0.000888322,0.888322,1000
15105,0.000924982,0.924982,1000
15106,0.001456359,1.456359,1000
15107,0.000929317,0.929317,1000
15108,0.001749287,1.749287,1000
15109,0.001691866,1.691866,1000
15110,0.001382615,1.382615,1000
15111,0.001331713,1.331713,1000
15112,0.001382615,1.382615,1000
15113,0.000912506,0.912506,1000
15114,0.000954277,0.954277,1000
15115,0.001821889,1.821889,1000
15116,0.000772561,0.772561,1000
15117,0.000843923,0.843923,1000
15118,0.001369879,1.369879,1000
15119,0.001821889,1.821889,1000
15120,0.000846221,0.846221,1000
15121,0.000839244,0.839244,1000
15122,0.001363194,1.363194,1000
15123,0.002254791,2.254791,1000
15124,0.001661413,1.661413,1000
15125,0.000659394,0.659394,1000
15126,0.001134919,1.134919,1000
15127,0.001548993,1.548993,1000
15128,0.000989018,0.989018,1000
15129,0.000556326,0.556326,1000
15130,0.00056851,0.56851,1000
15131,0.001483772,1.483772,1000
15132,0.000667536,0.667536,1000
15133,0.001790354,1.790354,1000
15134,0.001768488,1.768488,1000
15135,0.008035707,8.035707,1000
15136,0.005884455,5.884455,1000
15137,0.00115367,1.15367,1000
15138,0.000967153,0.967153,1000
15139,0.005880937,5.880937,1000
15140,0.004402026,4.402026,1000
15141,0.00072354,0.72354,1000
15142,0.016049327,16.049327,1000
15143,0.00054001,0.54001,1000
15144,0.003706376,3.706376,1000
15145,0.001328954,1.328954,1000
15146,0.001011936,1.011936,1000
15147,0.001115427,1.115427,1000
15148,0.000748058,0.748058,1000
15149,0.000718445,0.718445,1000
15150,0.001134919,1.134919,1000
15151,0.001096676,1.096676,1000
15152,0.000772475,0.772475,1000
15153,0.00174357,1.74357,1000
15154,0.000833725,0.833725,1000
15155,0.001271044,1.271044,1000
15156,0.001061453,1.061453,1000
15157,0.00081312,0.81312,1000
15158,0.008893013,8.893013,1000
15159,0.002042266,2.042266,1000
15160,0.000751117,0.751117,1000
15161,0.000357786,0.357786,1000
15162,0.00096162,0.96162,1000
15163,0.001369797,1.369797,1000
15164,0.000721301,0.721301,1000
15165,0.001141219,1.141219,1000
15166,0.014923668,14.923668,1000
15167,0.00077627,0.77627,1000
15168,0.000851452,0.851452,1000
15169,0.000722564,0.722564,1000
15170,0.001109464,1.109464,1000
15171,0.00231598,2.31598,1000
15172,0.002092569,2.092569,1000
15173,0.000699996,0.699996,1000
15174,0.001050444,1.050444,1000
15175,0.001059643,1.059643,1000
15176,0.001081154,1.081154,1000
15177,0.005825992,5.825992,1000
15178,0.001082047,1.082047,1000
15179,0.000621794,0.621794,1000
15180,0.000791881,0.791881,1000
15181,0.000898851,0.898851,1000
15182,0.000908102,0.908102,1000
15183,0.000820996,0.820996,1000
15184,0.000586125,0.586125,1000
15185,0.001044267,1.044267,1000
15186,0.001081154,1.081154,1000
15187,0.000687848,0.687848,1000
15188,0.000980731,0.980731,1000
15190,0.00068793,0.68793,1000
15191,0.00085082,0.85082,1000
15192,0.037492622,37.492622,1000
15193,0.001448074,1.448074,1000
15194,0.000824337,0.824337,1000
15195,0.001323466,1.323466,1000
15196,0.0008509,0.8509,1000
15197,0.001098108,1.098108,1000
15198,0.007875373,7.875373,1000
15199,0.001215751,1.215751,1000
15200,0.000583895,0.583895,1000
15201,0.001424267,1.424267,1000
15202,0.000993186,0.993186,1000
15203,0.003859155,3.859155,1000
15204,0.001304329,1.304329,1000
15205,0.002207987,2.207987,1000
15206,0.000614448,0.614448,1000
15207,0.001611942,1.611942,1000
15208,0.001504712,1.504712,1000
15209,0.000643742,0.643742,1000
15210,0.001515822,1.515822,1000
15211,0.000953158,0.953158,1000
15212,0.001059346,1.059346,1000
15213,0.000540466,0.540466,1000
15214,0.000664776,0.664776,1000
15215,0.001696293,1.696293,1000
15216,0.000657261,0.657261,1000
15217,0.001118016,1.118016,1000
15218,0.000835931,0.835931,1000
15219,0.001129457,1.129457,1000
15220,0.000865095,0.865095,1000
15221,0.001024048,1.024048,1000
15222,0.000687137,0.687137,1000
15223,0.001273982,1.273982,1000
15224,0.008217384,8.217384,1000
15225,0.000693852,0.693852,1000
15226,0.000620543,0.620543,1000
15227,0.002750315,2.750315,1000
15228,0.001042979,1.042979,1000
15229,0.000629147,0.629147,1000
15230,0.002072759,2.072759,1000
15231,0.001134919,1.134919,1000
15232,0.000760642,0.760642,1000
15233,0.001606087,1.606087,1000
15234,0.00064231,0.64231,1000
15235,0.007920452,7.920452,1000
15236,0.000354222,0.354222,1000
15237,0.000670304,0.670304,1000
15238,0.000769854,0.769854,1000
15239,0.004891286,4.891286,1000
15240,0.005609368,5.609368,1000
15241,0.000790621,0.790621,1000
15242,0.000937181,0.937181,1000
15243,0.001327025,1.327025,1000
15244,0.001295391,1.295391,1000
15245,0.001097456,1.097456,1000
15246,0.000883955,0.883955,1000
15247,0.00084429,0.84429,1000
15248,0.001052077,1.052077,1000
15249,0.003015004,3.015004,1000
15250,0.000344251,0.344251,1000
15251,0.022887612,22.887612,1000
15252,0.001071358,1.071358,1000
15253,0.001204802,1.204802,1000
15254,0.000415449,0.415449,1000
15255,0.002935025,2.935025,1000
15256,0.000644416,0.644416,1000
15257,0.000908865,0.908865,1000
15258,0.000686676,0.686676,1000
15259,0.000964089,0.964089,1000
15260,0.000860046,0.860046,1000
15261,0.001037844,1.037844,1000
15262,0.001600968,1.600968,1000
15263,0.00074086,0.74086,1000
15264,0.000572426,0.572426,1000
15265,0.000686804,0.686804,1000
15266,0.000700694,0.700694,1000
15267,0.001695137,1.695137,1000
15268,0.00032359,0.32359,1000
15269,0.000768185,0.768185,1000
15270,0.002429667,2.429667,1000
15271,0.000617721,0.617721,1000
15272,0.000616164,0.616164,1000
15273,0.001186884,1.186884,1000
15274,0.001058741,1.058741,1000
15275,0.001553277,1.553277,1000
15276,0.001763084,1.763084,1000
15277,0.000924355,0.924355,1000
15278,0.056192996,56.192996,1000
15279,0.000747923,0.747923,1000
15280,0.000258803,0.258803,1000
15281,0.002631559,2.631559,1000
15282,0.000783777,0.783777,1000
15283,0.003406251,3.406251,1000
15284,0.001282011,1.282011,1000
15285,0.001194978,1.194978,1000
15286,0.001139001,1.139001,1000
15287,0.000798611,0.798611,1000
15288,0.000797316,0.797316,1000
15289,0.000737915,0.737915,1000
15290,0.000993186,0.993186,1000
15291,0.001127924,1.127924,1000
15292,0.00129343,1.29343,1000
15293,0.004503149,4.503149,1000
15294,0.001220049,1.220049,1000
15295,0.002622768,2.622768,1000
15296,0.001689914,1.689914,1000
15297,0.001632122,1.632122,1000
15298,0.001000921,1.000921,1000
15299,0.003244281,3.244281,1000
15300,0.001033398,1.033398,1000
15301,0.002913819,2.913819,1000
15302,0.000953485,0.953485,1000
15303,0.001101019,1.101019,1000
15304,0.001408202,1.408202,1000
15305,0.004671084,4.671084,1000
15306,0.00103259,1.03259,1000
15307,0.002914229,2.914229,1000
15308,0.00106945,1.06945,1000
15309,0.002207987,2.207987,1000
15310,0.000846011,0.846011,1000
15311,0.009884442,9.884442,1000
15312,0.000937243,0.937243,1000
15313,0.00103168,1.03168,1000
15314,0.001042979,1.042979,1000
15315,0.001165085,1.165085,1000
15316,0.000874776,0.874776,1000
15317,0.001042957,1.042957,1000
15318,0.000587081,0.587081,1000
15319,0.001320385,1.320385,1000
15320,0.001062519,1.062519,1000
15321,0.002644473,2.644473,1000
15322,0.000773179,0.773179,1000
15323,0.002534809,2.534809,1000
15324,0.082125403,82.125403,1000
15325,0.001191694,1.191694,1000
15326,0.001970331,1.970331,1000
15327,0.001554518,1.554518,1000
15328,0.000796562,0.796562,1000
15329,0.000978881,0.978881,1000
15330,0.000680387,0.680387,1000
15331,0.000588467,0.588467,1000
15332,0.016163627,16.163627,1000
15333,0.000579835,0.579835,1000
15334,0.00072062,0.72062,1000
15335,0.001044721,1.044721,1000
15336,0.00151666,1.51666,1000
15337,0.000838317,0.838317,1000
15338,0.001134926,1.134926,1000
15339,0.000853634,0.853634,1000
15340,0.000937243,0.937243,1000
15341,0.000578164,0.578164,1000
15342,0.000816751,0.816751,1000
15343,0.00125706,1.25706,1000
15344,0.013653214,13.653214,1000
15345,0.000687888,0.687888,1000
15346,0.096965208,96.965208,1000
15347,0.008526707,8.526707,1000
15348,0.000584188,0.584188,1000
15349,0.000449621,0.449621,1000
15350,0.001042957,1.042957,1000
15351,0.000572914,0.572914,1000
15352,0.001139794,1.139794,1000
15353,0.00072367,0.72367,1000
15354,0.01997442,19.97442,1000
15355,0.001609087,1.609087,1000
15356,0.00121732,1.21732,1000
15357,0.001863062,1.863062,1000
15358,0.000420646,0.420646,1000
15359,0.001029247,1.029247,1000
15361,0.001000436,1.000436,1000
15362,0.001013684,1.013684,1000
15363,0.00138496,1.38496,1000
15364,0.000742465,0.742465,1000
15365,0.0013809,1.3809,1000
15366,0.001081154,1.081154,1000
15367,0.000596002,0.596002,1000
15368,0.000993186,0.993186,1000
15369,0.001027544,1.027544,1000
15370,0.001246149,1.246149,1000
15371,0.001108994,1.108994,1000
15372,0.000947082,0.947082,1000
15373,0.000693997,0.693997,1000
15374,0.001385787,1.385787,1000
15375,0.001520388,1.520388,1000
15376,0.000926543,0.926543,1000
15377,0.001306127,1.306127,1000
15378,0.00081312,0.81312,1000
15379,0.000796667,0.796667,1000
15380,0.006064449,6.064449,1000
15381,0.001041602,1.041602,1000
15382,0.00057595,0.57595,1000
15383,0.000885204,0.885204,1000
15384,0.001683844,1.683844,1000
15385,0.003035887,3.035887,1000
15386,0.000886535,0.886535,1000
15387,0.012562335,12.562335,1000
15388,0.001609087,1.609087,1000
15389,0.000863605,0.863605,1000
15390,0.000427578,0.427578,1000
15391,0.002111209,2.111209,1000
15392,0.010598751,10.598751,1000
15393,0.000623348,0.623348,1000
15394,0.001020173,1.020173,1000
15395,0.001356871,1.356871,1000
15396,0.000680158,0.680158,1000
15397,0.003150683,3.150683,1000
15398,0.003623249,3.623249,1000
15399,0.000480459,0.480459,1000
15400,0.000643825,0.643825,1000
15401,0.000937243,0.937243,1000
15402,0.00081312,0.81312,1000
15403,0.00092408,0.92408,1000
15404,0.00101272,1.01272,1000
15405,0.001062519,1.062519,1000
15406,0.002733826,2.733826,1000
15407,0.001237868,1.237868,1000
15408,0.001458887,1.458887,1000
15409,0.000761222,0.761222,1000
15410,0.00107152,1.07152,1000
15411,0.001624704,1.624704,1000
15412,0.001600968,1.600968,1000
15413,0.001330889,1.330889,1000
15414,0.001006227,1.006227,1000
15415,0.001028277,1.028277,1000
15416,0.000764145,0.764145,1000
15417,0.000953545,0.953545,1000
15418,0.00159217,1.59217,1000
15419,0.001134434,1.134434,1000
15420,0.000824452,0.824452,1000
15421,0.001005787,1.005787,1000
15422,0.000722389,0.722389,1000
15423,0.001201283,1.201283,1000
15424,0.026715702,26.715702,1000
15425,0.003438077,3.438077,1000
15426,0.00148096,1.48096,1000
15427,0.001108728,1.108728,1000
15428,0.056189932,56.189932,1000
15429,0.003209558,3.209558,1000
15430,0.001746026,1.746026,1000
15431,0.001335345,1.335345,1000
15432,0.002654083,2.654083,1000
15433,0.00082316,0.82316,1000
15434,0.001749287,1.749287,1000
15435,0.001001237,1.001237,1000
15436,0.000741511,0.741511,1000
15437,0.001825149,1.825149,1000
15438,0.003925068,3.925068,1000
15439,0.020092831,20.092831,1000
15440,0.046191431,46.191431,1000
15441,0.001739867,1.739867,1000
15442,0.000609316,0.609316,1000
15443,0.002835219,2.835219,1000
15444,0.000822138,0.822138,1000
15445,0.000689505,0.689505,1000
15446,0.001168654,1.168654,1000
15447,0.00074186,0.74186,1000
15448,0.001600968,1.600968,1000
15449,0.001673955,1.673955,1000
15450,0.000923712,0.923712,1000
15451,0.00089118,0.89118,1000
15452,0.00132985,1.32985,1000
15453,0.001665808,1.665808,1000
15454,0.000736329,0.736329,1000
15455,0.000974809,0.974809,1000
15456,0.001236442,1.236442,1000
15457,0.016102366,16.102366,1000
15458,0.001019715,1.019715,1000
15459,0.00292712,2.92712,1000
15460,0.001520493,1.520493,1000
15461,0.001018268,1.018268,1000
15463,0.001090528,1.090528,1000
15464,0.000800035,0.800035,1000
15465,0.001081154,1.081154,1000
15466,0.001041789,1.041789,1000
15467,0.000808081,0.808081,1000
15468,0.008264487,8.264487,1000
15469,0.000844437,0.844437,1000
15470,0.001116622,1.116622,1000
15471,0.001008711,1.008711,1000
15472,0.001004472,1.004472,1000
15473,0.000760501,0.760501,1000
15474,0.000554586,0.554586,1000
15475,0.000923345,0.923345,1000
15476,0.016396621,16.396621,1000
15477,0.000782611,0.782611,1000
15478,0.002120647,2.120647,1000
15479,0.001306208,1.306208,1000
15480,0.000838519,0.838519,1000
15481,0.001226287,1.226287,1000
15482,0.001523569,1.523569,1000
15483,0.002257054,2.257054,1000
15484,0.000570116,0.570116,1000
15485,0.001477435,1.477435,1000
15486,0.001302804,1.302804,1000
15487,0.000845094,0.845094,1000
15488,0.000807456,0.807456,1000
15489,0.000658445,0.658445,1000
15490,0.000737736,0.737736,1000
15491,0.000880673,0.880673,1000
15492,0.001544137,1.544137,1000
15493,0.001134919,1.134919,1000
15494,0.000841302,0.841302,1000
15495,0.001963246,1.963246,1000
15496,0.000403113,0.403113,1000
15497,0.008123454,8.123454,1000
15498,0.00103168,1.03168,1000
15499,0.000547968,0.547968,1000
15500,0.001062541,1.062541,1000
15501,0.00129514,1.29514,1000
15502,0.003872563,3.872563,1000
15503,0.000675973,0.675973,1000
15504,0.000844964,0.844964,1000
15505,0.001044721,1.044721,1000
15506,0.001405666,1.405666,1000
15507,0.003926691,3.926691,1000
15508,0.000597454,0.597454,1000
15509,0.000266994,0.266994,1000
15510,0.000739978,0.739978,1000
15511,0.004940894,4.940894,1000
15512,0.000937243,0.937243,1000
15513,0.000355957,0.355957,1000
15514,0.001043007,1.043007,1000
15515,0.001199128,1.199128,1000
15516,0.001157973,1.157973,1000
15517,0.001502312,1.502312,1000
15518,0.002815856,2.815856,1000
15519,0.000887627,0.887627,1000
15520,0.001661413,1.661413,1000
15521,0.002401765,2.401765,1000
15522,0.001108243,1.108243,1000
15523,0.001054919,1.054919,1000
15524,0.000937243,0.937243,1000
15525,0.001885916,1.885916,1000
15526,0.000963512,0.963512,1000
15527,0.001239029,1.239029,1000
15528,0.001750714,1.750714,1000
15529,0.001113983,1.113983,1000
15530,0.001364778,1.364778,1000
15531,0.000994333,0.994333,1000
15532,0.000496216,0.496216,1000
15533,0.001002638,1.002638,1000
15534,0.000749546,0.749546,1000
15535,0.000851719,0.851719,1000
15536,0.001986007,1.986007,1000
15537,0.000595701,0.595701,1000
15538,0.000519806,0.519806,1000
15539,0.000636163,0.636163,1000
15540,0.005382214,5.382214,1000
15541,0.000609185,0.609185,1000
15542,0.026544244,26.544244,1000
15543,0.003432082,3.432082,1000
15544,0.008329526,8.329526,1000
15545,0.000996613,0.996613,1000
15546,0.003324252,3.324252,1000
15547,0.001520309,1.520309,1000
15548,0.000787739,0.787739,1000
15549,0.001520493,1.520493,1000
15550,0.003837882,3.837882,1000
15551,0.005278241,5.278241,1000
15552,0.000612817,0.612817,1000
15553,0.001154749,1.154749,1000
15554,0.000782925,0.782925,1000
15555,0.000612274,0.612274,1000
15556,0.000656533,0.656533,1000
15557,0.000908981,0.908981,1000
15558,0.002525632,2.525632,1000
15559,0.001201422,1.201422,1000
15560,0.000808805,0.808805,1000
15561,0.003143835,3.143835,1000
15562,0.000661779,0.661779,1000
15563,0.00073087,0.73087,1000
15564,0.001026773,1.026773,1000
15565,0.00345509,3.45509,1000
15566,0.002265482,2.265482,1000
15567,0.000324708,0.324708,1000
15568,0.000847002,0.847002,1000
15569,0.00140876,1.40876,1000
15570,0.003382946,3.382946,1000
15571,0.001427272,1.427272,1000
15572,0.000964089,0.964089,1000
15573,0.001426563,1.426563,1000
15574,0.001381621,1.381621,1000
15575,0.000813861,0.813861,1000
15576,0.002784875,2.784875,1000
15577,0.06457915,64.57915,1000
15578,0.001749287,1.749287,1000
15579,0.001043974,1.043974,1000
15580,0.0014444,1.4444,1000
15581,0.000813406,0.813406,1000
15582,0.001414041,1.414041,1000
15583,0.00058182,0.58182,1000
15584,0.000739636,0.739636,1000
15585,0.001611942,1.611942,1000
15586,0.000981055,0.981055,1000
15587,0.006007042,6.007042,1000
15588,0.000774312,0.774312,1000
15589,0.001091954,1.091954,1000
15590,0.005133175,5.133175,1000
15591,0.000798789,0.798789,1000
15592,0.000827693,0.827693,1000
15593,0.000796628,0.796628,1000
15594,0.001609087,1.609087,1000
15595,0.007625536,7.625536,1000
15596,0.017524165,17.524165,1000
15597,0.001505839,1.505839,1000
15598,0.000767818,0.767818,1000
15599,0.000618865,0.618865,1000
15600,0.06457915,64.57915,1000
15601,0.001011936,1.011936,1000
15602,0.000836117,0.836117,1000
15603,0.004434986,4.434986,1000
15604,0.000962377,0.962377,1000
15605,0.001041789,1.041789,1000
15606,0.000825966,0.825966,1000
15607,0.000827189,0.827189,1000
15608,0.000926242,0.926242,1000
15609,0.001749287,1.749287,1000
15610,0.001483455,1.483455,1000
15611,0.001179323,1.179323,1000
15612,0.002766655,2.766655,1000
15613,0.001093598,1.093598,1000
15614,0.001071105,1.071105,1000
15615,0.001637676,1.637676,1000
15616,0.001595525,1.595525,1000
15617,0.000909342,0.909342,1000
15618,0.001746026,1.746026,1000
15619,0.000814768,0.814768,1000
15620,0.001746026,1.746026,1000
15621,0.001862998,1.862998,1000
15622,0.002460536,2.460536,1000
15623,0.000954263,0.954263,1000
15624,0.001006227,1.006227,1000
15625,0.0015091,1.5091,1000
15626,0.00103398,1.03398,1000
15627,0.000717785,0.717785,1000
15628,0.000783777,0.783777,1000
15629,0.000736443,0.736443,1000
15630,0.001504208,1.504208,1000
15631,0.001505839,1.505839,1000
15632,0.001745616,1.745616,1000
15633,0.001667934,1.667934,1000
15634,0.001135606,1.135606,1000
15635,0.001081154,1.081154,1000
15636,0.00822788,8.22788,1000
15637,0.003274683,3.274683,1000
15638,0.00103168,1.03168,1000
15639,0.001042979,1.042979,1000
15640,0.00158555,1.58555,1000
15641,0.001584973,1.584973,1000
15642,0.000563383,0.563383,1000
15643,0.003222781,3.222781,1000
15644,0.001612347,1.612347,1000
15645,0.001746026,1.746026,1000
15646,0.001749287,1.749287,1000
15647,0.001480218,1.480218,1000
15648,0.001453099,1.453099,1000
15649,0.000690463,0.690463,1000
15650,0.000641358,0.641358,1000
15651,0.00090152,0.90152,1000
15652,0.000998739,0.998739,1000
15653,0.022912067,22.912067,1000
15654,0.000772061,0.772061,1000
15655,0.001601399,1.601399,1000
15656,0.000777003,0.777003,1000
15657,0.000849008,0.849008,1000
15658,0.000876107,0.876107,1000
15659,0.000964089,0.964089,1000
15660,0.001292575,1.292575,1000
15661,0.000822563,0.822563,1000
15662,0.000934392,0.934392,1000
15663,0.001205656,1.205656,1000
15664,0.003091278,3.091278,1000
15665,0.000876324,0.876324,1000
15666,0.00095168,0.95168,1000
15667,0.001525181,1.525181,1000
15668,0.000779894,0.779894,1000
15669,0.000723077,0.723077,1000
15670,0.001697242,1.697242,1000
15671,0.008767883,8.767883,1000
15672,0.001271052,1.271052,1000
15673,0.002704047,2.704047,1000
15674,0.000953545,0.953545,1000
15675,0.001322153,1.322153,1000
15676,0.000676749,0.676749,1000
15677,0.000954955,0.954955,1000
15678,0.000936874,0.936874,1000
15679,0.001705643,1.705643,1000
15680,0.001609087,1.609087,1000
15681,0.00117837,1.17837,1000
15682,0.01467256,14.67256,1000
15683,0.000564614,0.564614,1000
15684,0.001205656,1.205656,1000
15685,0.000799385,0.799385,1000
15686,0.000993579,0.993579,1000
15687,0.000629036,0.629036,1000
15688,0.0008779,0.8779,1000
15689,0.001821889,1.821889,1000
15690,0.000874547,0.874547,1000
15691,0.056311209,56.311209,1000
15692,0.001446869,1.446869,1000
15693,0.000991852,0.991852,1000
15694,0.000631916,0.631916,1000
15695,0.001821889,1.821889,1000
15696,0.001243208,1.243208,1000
15697,0.001637817,1.637817,1000
15698,0.003187287,3.187287,1000
15699,0.001205656,1.205656,1000
15700,0.001246131,1.246131,1000
15701,0.004822653,4.822653,1000
15702,0.00114796,1.14796,1000
15703,0.001157719,1.157719,1000
15704,0.001205932,1.205932,1000
15705,0.003171189,3.171189,1000
15706,0.001191622,1.191622,1000
15707,0.00076521,0.76521,1000
15708,0.000761704,0.761704,1000
15709,0.016073295,16.073295,1000
15710,0.000882938,0.882938,1000
15711,0.001062519,1.062519,1000
15712,0.000560661,0.560661,1000
15713,0.003757357,3.757357,1000
15714,0.000531125,0.531125,1000
15715,0.000805007,0.805007,1000
15716,0.000894163,0.894163,1000
15717,0.001344071,1.344071,1000
15718,0.001592071,1.592071,1000
15719,0.000667641,0.667641,1000
15720,0.002207987,2.207987,1000
15721,0.001010701,1.010701,1000
15722,0.001519312,1.519312,1000
15723,0.000846659,0.846659,1000
15724,0.000408359,0.408359,1000
15725,0.001553333,1.553333,1000
15726,0.001520662,1.520662,1000
15727,0.001011874,1.011874,1000
15728,0.001609087,1.609087,1000
15729,0.001311538,1.311538,1000
15730,0.000862691,0.862691,1000
15731,0.000814478,0.814478,1000
15732,0.001505839,1.505839,1000
15733,0.001505839,1.505839,1000
15734,0.001252135,1.252135,1000
15735,0.000428011,0.428011,1000
15736,0.001203289,1.203289,1000
15737,0.000862105,0.862105,1000
15738,0.000793395,0.793395,1000
15739,0.001749235,1.749235,1000
15740,0.001042979,1.042979,1000
15741,0.000685044,0.685044,1000
15742,0.005382485,5.382485,1000
15743,0.000717082,0.717082,1000
15744,0.000979319,0.979319,1000
15745,0.000718805,0.718805,1000
15746,0.001514928,1.514928,1000
15747,0.000629405,0.629405,1000
15748,0.001673356,1.673356,1000
15749,0.001296367,1.296367,1000
15750,0.00081312,0.81312,1000
15751,0.00081312,0.81312,1000
15752,0.000495013,0.495013,1000
15753,0.000958582,0.958582,1000
15754,0.000863541,0.863541,1000
15755,0.001096255,1.096255,1000
15756,0.001609087,1.609087,1000
15757,0.000908835,0.908835,1000
15758,0.001300641,1.300641,1000
15759,0.000692039,0.692039,1000
15761,0.001741615,1.741615,1000
15763,0.002092959,2.092959,1000
15764,0.00569357,5.69357,1000
15765,0.000998763,0.998763,1000
15766,0.00081312,0.81312,1000
15767,0.003012718,3.012718,1000
15768,0.000988925,0.988925,1000
15769,0.000948737,0.948737,1000
15770,0.00081312,0.81312,1000
15771,0.001029247,1.029247,1000
15772,0.001256955,1.256955,1000
15773,0.001314582,1.314582,1000
15774,0.001821889,1.821889,1000
15775,0.001638003,1.638003,1000
15776,0.000436769,0.436769,1000
15777,0.004784994,4.784994,1000
15778,0.000529493,0.529493,1000
15779,0.000783777,0.783777,1000
15780,0.001014503,1.014503,1000
15781,0.000808261,0.808261,1000
15782,0.000778038,0.778038,1000
15783,0.001010728,1.010728,1000
15784,0.000510139,0.510139,1000
15785,0.000637933,0.637933,1000
15786,0.013825512,13.825512,1000
15787,0.001004217,1.004217,1000
15788,0.001009209,1.009209,1000
15789,0.008740222,8.740222,1000
15790,0.06457589,64.57589,1000
15791,0.003082449,3.082449,1000
15792,0.000860116,0.860116,1000
15793,0.003637559,3.637559,1000
15794,0.012358363,12.358363,1000
15795,0.001042957,1.042957,1000
15796,0.00078378,0.78378,1000
15797,0.00082884,0.82884,1000
15798,0.312511694,312.511694,1000
15799,0.00176817,1.76817,1000
15800,0.000857652,0.857652,1000
15801,0.000836791,0.836791,1000
15802,0.001210749,1.210749,1000
15803,0.001062519,1.062519,1000
15804,0.001046192,1.046192,1000
15805,0.00111521,1.11521,1000
15806,0.000995785,0.995785,1000
15807,0.001356678,1.356678,1000
15808,0.0009475,0.9475,1000
15809,0.00070815,0.70815,1000
15810,0.001205309,1.205309,1000
15811,0.000783151,0.783151,1000
15812,0.011286302,11.286302,1000
15813,0.000704517,0.704517,1000
15814,0.000995621,0.995621,1000
15815,0.001668661,1.668661,1000
15816,0.001141219,1.141219,1000
15817,0.001134352,1.134352,1000
15818,0.001119979,1.119979,1000
15819,0.00085012,0.85012,1000
15820,0.000937311,0.937311,1000
15821,0.004598579,4.598579,1000
15822,0.00064899,0.64899,1000
15823,0.000761165,0.761165,1000
15824,0.000602379,0.602379,1000
15825,0.004813467,4.813467,1000
15826,0.000834582,0.834582,1000
15827,0.000713744,0.713744,1000
15828,0.000809842,0.809842,1000
15829,0.008808568,8.808568,1000
15830,0.001010701,1.010701,1000
15831,0.000580701,0.580701,1000
15832,0.000822497,0.822497,1000
15833,0.001231268,1.231268,1000
15834,0.000797296,0.797296,1000
15835,0.000705593,0.705593,1000
15836,0.003224882,3.224882,1000
15837,0.000907877,0.907877,1000
15838,0.000775773,0.775773,1000
15839,0.000783777,0.783777,1000
15840,0.001373176,1.373176,1000
15841,0.003210052,3.210052,1000
15842,0.000522271,0.522271,1000
15843,0.1548605,154.8605,1000
15844,0.000583402,0.583402,1000
15845,0.001470287,1.470287,1000
15846,0.003946186,3.946186,1000
15847,0.325529291,325.529291,1000
15848,0.056412198,56.412198,1000
15849,0.000979319,0.979319,1000
15850,0.00073028,0.73028,1000
15851,0.000786254,0.786254,1000
15852,0.001694867,1.694867,1000
15853,0.000645339,0.645339,1000
15854,0.000901619,0.901619,1000
15855,0.003140657,3.140657,1000
15856,0.000564626,0.564626,1000
15857,0.000999191,0.999191,1000
15858,0.001007704,1.007704,1000
15859,0.003328269,3.328269,1000
15860,0.000812963,0.812963,1000
15861,0.001505839,1.505839,1000
15862,0.000776978,0.776978,1000
15863,0.000780224,0.780224,1000
15864,0.001746026,1.746026,1000
15865,0.000703551,0.703551,1000
15866,0.0007726,0.7726,1000
15867,0.001269442,1.269442,1000
15868,0.000779921,0.779921,1000
15869,0.000948554,0.948554,1000
15870,0.001345823,1.345823,1000
15871,0.000780415,0.780415,1000
15872,0.009775117,9.775117,1000
15873,0.000783777,0.783777,1000
15874,0.001523753,1.523753,1000
15875,0.000595092,0.595092,1000
15876,0.000643964,0.643964,1000
15877,0.001469267,1.469267,1000
15878,0.001523885,1.523885,1000
15879,0.000874207,0.874207,1000
15880,0.001008601,1.008601,1000
15881,0.001206141,1.206141,1000
15882,0.001355576,1.355576,1000
15883,0.001018268,1.018268,1000
15884,0.001276797,1.276797,1000
15885,0.000937311,0.937311,1000
15886,0.000723433,0.723433,1000
15887,0.000954955,0.954955,1000
15888,0.001632574,1.632574,1000
15889,0.000904939,0.904939,1000
15890,0.001134919,1.134919,1000
15891,0.00100531,1.00531,1000
15892,0.000857403,0.857403,1000
15893,0.001292019,1.292019,1000
15894,0.001177522,1.177522,1000
15895,0.00081312,0.81312,1000
15896,0.002001568,2.001568,1000
15897,0.033617428,33.617428,1000
15898,0.000755806,0.755806,1000
15899,0.000974452,0.974452,1000
15900,0.000864586,0.864586,1000
15901,0.00058713,0.58713,1000
15902,0.001815248,1.815248,1000
15903,0.045690223,45.690223,1000
15904,0.001041789,1.041789,1000
15905,0.002010299,2.010299,1000
15906,0.0007675,0.7675,1000
15907,0.00093242,0.93242,1000
15908,0.000580541,0.580541,1000
15909,0.000830823,0.830823,1000
15910,0.000993124,0.993124,1000
15911,0.000993186,0.993186,1000
15912,0.015776865,15.776865,1000
15913,0.00793746,7.93746,1000
15914,0.000993186,0.993186,1000
15915,0.00172585,1.72585,1000
15916,0.001065085,1.065085,1000
15917,0.009985108,9.985108,1000
15918,0.000887119,0.887119,1000
15919,0.001081154,1.081154,1000
15920,0.001062502,1.062502,1000
15921,0.001062032,1.062032,1000
15922,0.00156433,1.56433,1000
15923,0.001042979,1.042979,1000
15924,0.001497372,1.497372,1000
15925,0.003067549,3.067549,1000
15926,0.001750714,1.750714,1000
15927,0.008344449,8.344449,1000
15928,0.000397194,0.397194,1000
15929,0.002817525,2.817525,1000
15930,0.000302408,0.302408,1000
15931,0.004545765,4.545765,1000
15932,0.000747472,0.747472,1000
15934,0.001134919,1.134919,1000
15935,0.00346297,3.46297,1000
15936,0.001121216,1.121216,1000
15937,0.001698969,1.698969,1000
15938,0.001383259,1.383259,1000
15939,0.000655646,0.655646,1000
15940,0.000812024,0.812024,1000
15941,0.000748424,0.748424,1000
15942,0.00059814,0.59814,1000
15943,0.000745144,0.745144,1000
15944,0.001136907,1.136907,1000
15945,0.000829969,0.829969,1000
15946,0.006872385,6.872385,1000
15947,0.001044721,1.044721,1000
15948,0.001065476,1.065476,1000
15949,0.01987244,19.87244,1000
15950,0.000718052,0.718052,1000
15951,0.001119421,1.119421,1000
15952,0.001362491,1.362491,1000
15953,0.001114211,1.114211,1000
15954,0.000860797,0.860797,1000
15955,0.000993186,0.993186,1000
15956,0.000353191,0.353191,1000
15957,0.001261129,1.261129,1000
15958,0.000937243,0.937243,1000
15959,0.000976512,0.976512,1000
15960,0.001024527,1.024527,1000
15961,0.001026464,1.026464,1000
15962,0.000761359,0.761359,1000
15963,0.0015091,1.5091,1000
15964,0.000888848,0.888848,1000
15965,0.001071123,1.071123,1000
15966,0.001697202,1.697202,1000
15967,0.004209464,4.209464,1000
15968,0.000937243,0.937243,1000
15969,0.000713938,0.713938,1000
15970,0.000771813,0.771813,1000
15971,0.001164221,1.164221,1000
15972,0.003300287,3.300287,1000
15973,0.001115288,1.115288,1000
15974,0.001094572,1.094572,1000
15975,0.001205656,1.205656,1000
15976,0.001218698,1.218698,1000
15977,0.000928464,0.928464,1000
15978,0.003249865,3.249865,1000
15979,0.000840638,0.840638,1000
15980,0.000736855,0.736855,1000
15981,0.008990645,8.990645,1000
15982,0.000993186,0.993186,1000
15983,0.001341923,1.341923,1000
15984,0.000524655,0.524655,1000
15985,0.000933514,0.933514,1000
15986,0.00078378,0.78378,1000
15987,0.000711204,0.711204,1000
15988,0.016867865,16.867865,1000
15989,0.003141362,3.141362,1000
15990,0.001679482,1.679482,1000
15991,0.001976489,1.976489,1000
15992,0.001006227,1.006227,1000
15993,0.000573501,0.573501,1000
15994,0.000483528,0.483528,1000
15995,0.001452664,1.452664,1000
15996,0.001146661,1.146661,1000
15997,0.00104294,1.04294,1000
15998,0.003627005,3.627005,1000
15999,0.015291275,15.291275,1000
16000,0.002522213,2.522213,1000
16001,0.000580101,0.580101,1000
16002,0.000900306,0.900306,1000
16003,0.001739387,1.739387,1000
16004,0.001672756,1.672756,1000
16005,0.000325336,0.325336,1000
16006,0.00137604,1.37604,1000
16007,0.000788225,0.788225,1000
16008,0.000336959,0.336959,1000
16009,0.003273034,3.273034,1000
16010,0.001462196,1.462196,1000
16011,0.000783777,0.783777,1000
16012,0.000963771,0.963771,1000
16013,0.000832262,0.832262,1000
16014,0.000862978,0.862978,1000
16015,0.001288837,1.288837,1000
16016,0.00076786,0.76786,1000
16017,0.00031241,0.31241,1000
16018,0.000627363,0.627363,1000
16019,0.000964697,0.964697,1000
16020,0.001014465,1.014465,1000
16021,0.003203086,3.203086,1000
16022,0.001014465,1.014465,1000
16023,0.001681571,1.681571,1000
16024,0.000646038,0.646038,1000
16025,0.00077723,0.77723,1000
16026,0.001109662,1.109662,1000
16027,0.000752998,0.752998,1000
16028,0.001015015,1.015015,1000
16029,0.001147967,1.147967,1000
16030,0.000456475,0.456475,1000
16031,0.00061278,0.61278,1000
16032,0.000855267,0.855267,1000
16033,0.001825149,1.825149,1000
16034,0.064562328,64.562328,1000
16035,0.000232728,0.232728,1000
16036,0.001702229,1.702229,1000
16037,0.001168745,1.168745,1000
16038,0.001554702,1.554702,1000
16039,0.001732465,1.732465,1000
16040,0.002704047,2.704047,1000
16041,0.000851722,0.851722,1000
16042,0.003781213,3.781213,1000
16043,0.000904703,0.904703,1000
16044,0.001411648,1.411648,1000
16045,0.001011936,1.011936,1000
16046,0.00077625,0.77625,1000
16047,0.0007008,0.7008,1000
16048,0.000878524,0.878524,1000
16049,0.001443609,1.443609,1000
16050,0.000829147,0.829147,1000
16051,0.00110576,1.10576,1000
16052,0.003159847,3.159847,1000
16053,0.008081296,8.081296,1000
16054,0.016316201,16.316201,1000
16055,0.000672074,0.672074,1000
16056,0.008236122,8.236122,1000
16057,0.000655034,0.655034,1000
16058,0.000726903,0.726903,1000
16059,0.000775065,0.775065,1000
16060,0.000466776,0.466776,1000
16061,0.000725563,0.725563,1000
16062,0.000993186,0.993186,1000
16063,0.000696541,0.696541,1000
16064,0.002418112,2.418112,1000
16065,0.001696293,1.696293,1000
16066,0.004080937,4.080937,1000
16067,0.00076374,0.76374,1000
16068,0.000649248,0.649248,1000
16069,0.000662822,0.662822,1000
16070,0.000380341,0.380341,1000
16071,0.001808729,1.808729,1000
16072,0.0028412,2.8412,1000
16073,0.000934773,0.934773,1000
16074,0.000711244,0.711244,1000
16075,0.000716445,0.716445,1000
16076,0.001084963,1.084963,1000
16077,0.001160218,1.160218,1000
16078,0.000551104,0.551104,1000
16079,0.000991255,0.991255,1000
16080,0.000680178,0.680178,1000
16081,0.002451903,2.451903,1000
16082,0.0006227,0.6227,1000
16083,0.001881439,1.881439,1000
16084,0.001147309,1.147309,1000
16085,0.000733132,0.733132,1000
16086,0.000584545,0.584545,1000
16087,0.000688384,0.688384,1000
16088,0.001150772,1.150772,1000
16089,0.000624602,0.624602,1000
16090,0.00076521,0.76521,1000
16091,0.000578445,0.578445,1000
16092,0.000778152,0.778152,1000
16093,0.001043074,1.043074,1000
16094,0.001147967,1.147967,1000
16095,0.000798789,0.798789,1000
16096,0.000759112,0.759112,1000
16097,0.001033502,1.033502,1000
16098,0.000294862,0.294862,1000
16099,0.001134919,1.134919,1000
16100,0.000937184,0.937184,1000
16101,0.001061836,1.061836,1000
16102,0.003053,3.053,1000
16103,0.001749287,1.749287,1000
16104,0.001749287,1.749287,1000
16105,0.000752232,0.752232,1000
16106,0.001825149,1.825149,1000
16107,0.001519731,1.519731,1000
16108,0.000673018,0.673018,1000
16109,0.001070445,1.070445,1000
16110,0.00105043,1.05043,1000
16111,0.001334072,1.334072,1000
16112,0.001153677,1.153677,1000
16113,0.002698654,2.698654,1000
16114,0.002284366,2.284366,1000
16115,0.030480315,30.480315,1000
16116,0.000813123,0.813123,1000
16117,0.00174513,1.74513,1000
16118,0.00076855,0.76855,1000
16119,0.001854331,1.854331,1000
16120,0.000717179,0.717179,1000
16121,0.001539043,1.539043,1000
16122,0.001598572,1.598572,1000
16123,0.002806374,2.806374,1000
16124,0.001032629,1.032629,1000
16125,0.004080515,4.080515,1000
16126,0.000722532,0.722532,1000
16127,0.000691774,0.691774,1000
16128,0.001386304,1.386304,1000
16129,0.001749287,1.749287,1000
16130,0.01217475,12.17475,1000
16131,0.001166367,1.166367,1000
16132,0.001723089,1.723089,1000
16133,0.00172961,1.72961,1000
16134,0.003180533,3.180533,1000
16135,0.000850001,0.850001,1000
16136,0.001000921,1.000921,1000
16137,0.001214208,1.214208,1000
16138,0.001723089,1.723089,1000
16139,0.001171798,1.171798,1000
16140,0.00135636,1.35636,1000
16141,0.001750714,1.750714,1000
16142,0.001619313,1.619313,1000
16143,0.000875591,0.875591,1000
16144,0.00104294,1.04294,1000
16145,0.001041789,1.041789,1000
16146,0.001334072,1.334072,1000
16147,0.001558768,1.558768,1000
16148,0.0009725,0.9725,1000
16149,0.001456359,1.456359,1000
16150,0.000524367,0.524367,1000
16151,0.001691201,1.691201,1000
16152,0.000622414,0.622414,1000
16153,0.001749287,1.749287,1000
16154,0.001749287,1.749287,1000
16155,0.002515131,2.515131,1000
16156,0.000392393,0.392393,1000
16157,0.003013109,3.013109,1000
16158,0.001010269,1.010269,1000
16159,0.001732465,1.732465,1000
16160,0.000546903,0.546903,1000
16161,0.004785874,4.785874,1000
16162,0.000748896,0.748896,1000
16163,0.000880847,0.880847,1000
16164,0.000746232,0.746232,1000
16165,0.001746026,1.746026,1000
16166,0.001288557,1.288557,1000
16167,0.001605656,1.605656,1000
16168,0.001337478,1.337478,1000
16169,0.001475753,1.475753,1000
16170,0.004950953,4.950953,1000
16171,0.001118626,1.118626,1000
16172,0.001280027,1.280027,1000
16173,0.009724923,9.724923,1000
16174,0.000962909,0.962909,1000
16175,0.001569963,1.569963,1000
16176,0.001230471,1.230471,1000
16177,0.000993186,0.993186,1000
16178,0.001520388,1.520388,1000
16179,0.001525076,1.525076,1000
16180,0.001006227,1.006227,1000
16181,0.000738807,0.738807,1000
16182,0.000959358,0.959358,1000
16183,0.00081312,0.81312,1000
16184,0.001749287,1.749287,1000
16185,0.001505839,1.505839,1000
16186,0.001687328,1.687328,1000
16187,0.00132493,1.32493,1000
16188,0.001625621,1.625621,1000
16189,0.001746738,1.746738,1000
16190,0.001523648,1.523648,1000
16191,0.001293025,1.293025,1000
16192,0.000960933,0.960933,1000
16193,0.001386271,1.386271,1000
16194,0.001520309,1.520309,1000
16195,0.000631854,0.631854,1000
16196,0.001006227,1.006227,1000
16197,0.001520222,1.520222,1000
16198,0.002257001,2.257001,1000
16199,0.00074012,0.74012,1000
16200,0.001638297,1.638297,1000
16201,0.001062569,1.062569,1000
16202,0.001330285,1.330285,1000
16203,0.000948554,0.948554,1000
16204,0.001633535,1.633535,1000
16205,0.007556287,7.556287,1000
16206,0.001697345,1.697345,1000
16207,0.000939114,0.939114,1000
16208,0.001006165,1.006165,1000
16209,0.008858095,8.858095,1000
16210,0.002700787,2.700787,1000
16211,0.000445121,0.445121,1000
16212,0.003303807,3.303807,1000
16213,0.003175086,3.175086,1000
16214,0.001024569,1.024569,1000
16215,0.0007874,0.7874,1000
16216,0.008057634,8.057634,1000
16217,0.001941746,1.941746,1000
16218,0.001475791,1.475791,1000
16219,0.001525181,1.525181,1000
16220,0.001042957,1.042957,1000
16221,0.000993124,0.993124,1000
16222,0.001114641,1.114641,1000
16223,0.001088629,1.088629,1000
16224,0.001288807,1.288807,1000
16225,0.001523885,1.523885,1000
16226,0.001609087,1.609087,1000
16227,0.001483772,1.483772,1000
16228,0.001520388,1.520388,1000
16229,0.000917885,0.917885,1000
16230,0.00286529,2.86529,1000
16231,0.000565499,0.565499,1000
16232,0.034384717,34.384717,1000
16233,0.002600269,2.600269,1000
16234,0.001066187,1.066187,1000
16235,0.007378091,7.378091,1000
16236,0.001180851,1.180851,1000
16237,0.000978377,0.978377,1000
16238,0.001678311,1.678311,1000
16239,0.000849033,0.849033,1000
16241,0.001273193,1.273193,1000
16242,0.001042979,1.042979,1000
16243,0.003549402,3.549402,1000
16244,0.001213762,1.213762,1000
16245,0.00066277,0.66277,1000
16246,0.012371028,12.371028,1000
16247,0.001520625,1.520625,1000
16248,0.000655513,0.655513,1000
16249,0.001344467,1.344467,1000
16250,0.001011161,1.011161,1000
16251,0.000645478,0.645478,1000
16252,0.000686284,0.686284,1000
16253,0.000615015,0.615015,1000
16254,0.000987604,0.987604,1000
16255,0.00103726,1.03726,1000
16256,0.001256932,1.256932,1000
16257,0.000942401,0.942401,1000
16258,0.000864341,0.864341,1000
16259,0.086015096,86.015096,1000
16260,0.005940371,5.940371,1000
16261,0.000993186,0.993186,1000
16262,0.001483479,1.483479,1000
16263,0.000801687,0.801687,1000
16264,0.000905253,0.905253,1000
16265,0.000831697,0.831697,1000
16266,0.000729071,0.729071,1000
16267,0.002112258,2.112258,1000
16268,0.001426182,1.426182,1000
16269,0.002981707,2.981707,1000
16270,0.001139657,1.139657,1000
16271,0.096991893,96.991893,1000
16272,0.001208068,1.208068,1000
16273,0.001793091,1.793091,1000
16274,0.006879221,6.879221,1000
16275,0.000548213,0.548213,1000
16276,0.008356059,8.356059,1000
16277,0.001365743,1.365743,1000
16278,0.000993186,0.993186,1000
16279,0.000909894,0.909894,1000
16280,0.000830558,0.830558,1000
16281,0.001131897,1.131897,1000
16282,0.011440937,11.440937,1000
16283,0.001101512,1.101512,1000
16284,0.002698203,2.698203,1000
16285,0.000960681,0.960681,1000
16286,0.00077382,0.77382,1000
16287,0.0014415,1.4415,1000
16288,0.000782685,0.782685,1000
16289,0.000829843,0.829843,1000
16290,0.001005969,1.005969,1000
16291,0.000721899,0.721899,1000
16292,0.001011936,1.011936,1000
16293,0.262396563,262.396563,1000
16294,0.001365109,1.365109,1000
16295,0.006541881,6.541881,1000
16296,0.001872998,1.872998,1000
16297,0.000921877,0.921877,1000
16298,0.000993186,0.993186,1000
16299,0.00112596,1.12596,1000
16300,0.001023541,1.023541,1000
16301,0.001644181,1.644181,1000
16302,0.000781117,0.781117,1000
16303,0.000825966,0.825966,1000
16304,0.00097808,0.97808,1000
16305,0.001018268,1.018268,1000
16306,0.061454694,61.454694,1000
16307,0.00591007,5.91007,1000
16308,0.00090586,0.90586,1000
16309,0.001184545,1.184545,1000
16310,0.00103168,1.03168,1000
16311,0.000668323,0.668323,1000
16312,0.001063079,1.063079,1000
16313,0.001613775,1.613775,1000
16314,0.000694485,0.694485,1000
16315,0.000929177,0.929177,1000
16316,0.000693997,0.693997,1000
16317,0.001145166,1.145166,1000
16318,0.000894163,0.894163,1000
16319,0.000860815,0.860815,1000
16320,0.002036865,2.036865,1000
16321,0.000700236,0.700236,1000
16322,0.001149599,1.149599,1000
16323,0.00112596,1.12596,1000
16324,0.001901439,1.901439,1000
16325,0.005177597,5.177597,1000
16326,0.001984292,1.984292,1000
16328,0.000744342,0.744342,1000
16329,0.004428831,4.428831,1000
16330,0.079849209,79.849209,1000
16331,0.084700759,84.700759,1000
16332,0.107236315,107.236315,1000
16333,0.028165688,28.165688,1000
16334,0.000636497,0.636497,1000
16335,0.001512915,1.512915,1000
16336,0.001011936,1.011936,1000
16337,0.001078241,1.078241,1000
16338,0.000283666,0.283666,1000
16339,0.006442839,6.442839,1000
16340,0.001597145,1.597145,1000
16341,0.06457589,64.57589,1000
16342,0.003430665,3.430665,1000
16343,0.00125593,1.25593,1000
16344,0.001746026,1.746026,1000
16345,0.001635382,1.635382,1000
16346,0.001525312,1.525312,1000
16347,0.001520388,1.520388,1000
16348,0.001635447,1.635447,1000
16349,0.000879995,0.879995,1000
16350,0.001422273,1.422273,1000
16351,0.001384733,1.384733,1000
16352,0.00113232,1.13232,1000
16353,0.000750548,0.750548,1000
16354,0.000833751,0.833751,1000
16355,0.000675691,0.675691,1000
16356,0.000783777,0.783777,1000
16357,0.011706887,11.706887,1000
16358,0.000841544,0.841544,1000
16359,0.001219134,1.219134,1000
16360,0.075420982,75.420982,1000
16361,0.001042979,1.042979,1000
16362,0.000745625,0.745625,1000
16363,0.003757041,3.757041,1000
16364,0.001496778,1.496778,1000
16365,0.000634126,0.634126,1000
16366,0.000590807,0.590807,1000
16367,0.001143068,1.143068,1000
16368,0.008112944,8.112944,1000
16369,0.002745401,2.745401,1000
16370,0.012503627,12.503627,1000
16371,0.001134926,1.134926,1000
16372,0.000954951,0.954951,1000
16373,0.001200773,1.200773,1000
16374,0.001042979,1.042979,1000
16375,0.00114796,1.14796,1000
16376,0.000700574,0.700574,1000
16377,0.000891672,0.891672,1000
16378,0.000597681,0.597681,1000
16379,0.000957211,0.957211,1000
16380,0.00083476,0.83476,1000
16381,0.001222368,1.222368,1000
16382,0.001028218,1.028218,1000
16383,0.000772707,0.772707,1000
16384,0.000868526,0.868526,1000
16385,0.000783777,0.783777,1000
16386,0.000863201,0.863201,1000
16387,0.001193495,1.193495,1000
16388,0.002641077,2.641077,1000
16389,0.000744318,0.744318,1000
16390,0.000991633,0.991633,1000
16391,0.000652695,0.652695,1000
16392,0.001285773,1.285773,1000
16393,0.000809252,0.809252,1000
16394,0.001138212,1.138212,1000
16395,0.001168083,1.168083,1000
16396,0.018919748,18.919748,1000
16397,0.001128847,1.128847,1000
16398,0.009576273,9.576273,1000
16399,0.000723053,0.723053,1000
16400,0.001922416,1.922416,1000
16401,0.000415462,0.415462,1000
16402,0.00106945,1.06945,1000
16403,0.000993186,0.993186,1000
16404,0.000573807,0.573807,1000
16405,0.000598663,0.598663,1000
16406,0.001044761,1.044761,1000
16407,0.000877476,0.877476,1000
16408,0.001139436,1.139436,1000
16409,0.001134926,1.134926,1000
16410,0.000849304,0.849304,1000
16411,0.001337779,1.337779,1000
16412,0.00172961,1.72961,1000
16413,0.001187199,1.187199,1000
16414,0.001307045,1.307045,1000
16415,0.001749287,1.749287,1000
16416,0.001749287,1.749287,1000
16417,0.001749287,1.749287,1000
16418,0.000937184,0.937184,1000
16419,0.001746026,1.746026,1000
16420,0.001749287,1.749287,1000
16421,0.001749287,1.749287,1000
16422,0.000964456,0.964456,1000
16423,0.001109718,1.109718,1000
16424,0.0008929,0.8929,1000
16426,0.001480218,1.480218,1000
16427,0.000864307,0.864307,1000
16428,0.000877868,0.877868,1000
16429,0.000584943,0.584943,1000
16430,0.00024972,0.24972,1000
16431,0.000963491,0.963491,1000
16432,0.001703546,1.703546,1000
16433,0.001062519,1.062519,1000
16434,0.000707939,0.707939,1000
16435,0.001858582,1.858582,1000
16436,0.002735216,2.735216,1000
16437,0.001078656,1.078656,1000
16438,0.001041789,1.041789,1000
16439,0.000993124,0.993124,1000
16440,0.000741217,0.741217,1000
16441,0.001327025,1.327025,1000
16442,0.01999655,19.99655,1000
16443,0.000763232,0.763232,1000
16444,0.00100574,1.00574,1000
16445,0.005417788,5.417788,1000
16446,0.00105742,1.05742,1000
16447,0.000684235,0.684235,1000
16448,0.004387139,4.387139,1000
16449,0.003114853,3.114853,1000
16450,0.000783777,0.783777,1000
16451,0.000883106,0.883106,1000
16452,0.000773789,0.773789,1000
16453,0.000901835,0.901835,1000
16454,0.000435328,0.435328,1000
16455,0.000694645,0.694645,1000
16456,0.001467709,1.467709,1000
16457,0.027904889,27.904889,1000
16458,0.00089353,0.89353,1000
16459,0.000789066,0.789066,1000
16460,0.002895699,2.895699,1000
16461,0.000960295,0.960295,1000
16462,0.00068249,0.68249,1000
16463,0.00197528,1.97528,1000
16464,0.000889333,0.889333,1000
16465,0.000834941,0.834941,1000
16466,0.000760407,0.760407,1000
16467,0.000903192,0.903192,1000
16468,0.001136313,1.136313,1000
16469,0.001520309,1.520309,1000
16470,0.002183547,2.183547,1000
16471,0.001630828,1.630828,1000
16472,0.001387403,1.387403,1000
16473,0.001046488,1.046488,1000
16474,0.006644597,6.644597,1000
16475,0.005153135,5.153135,1000
16476,0.005027816,5.027816,1000
16477,0.001096676,1.096676,1000
16478,0.001746026,1.746026,1000
16479,0.001121634,1.121634,1000
16480,0.000600987,0.600987,1000
16481,0.000847082,0.847082,1000
16482,0.001144711,1.144711,1000
16483,0.001044721,1.044721,1000
16484,0.00954527,9.54527,1000
16485,0.001042817,1.042817,1000
16486,0.000407825,0.407825,1000
16487,0.001750714,1.750714,1000
16488,0.00040965,0.40965,1000
16489,0.000547555,0.547555,1000
16490,0.000725008,0.725008,1000
16491,0.000758851,0.758851,1000
16492,0.001221487,1.221487,1000
16493,0.001116715,1.116715,1000
16494,0.000931812,0.931812,1000
16495,0.001116622,1.116622,1000
16496,0.001042957,1.042957,1000
16497,0.000780151,0.780151,1000
16498,0.00201121,2.01121,1000
16499,0.001245717,1.245717,1000
16500,0.000765797,0.765797,1000
16501,0.000831049,0.831049,1000
16502,0.001612347,1.612347,1000
16503,0.000911912,0.911912,1000
16504,0.003508898,3.508898,1000
16505,0.001918996,1.918996,1000
16506,0.000655729,0.655729,1000
16507,0.000570472,0.570472,1000
16508,0.005910703,5.910703,1000
16509,0.001096676,1.096676,1000
16510,0.000690218,0.690218,1000
16511,0.001097456,1.097456,1000
16512,0.001187942,1.187942,1000
16513,0.001057291,1.057291,1000
16514,0.001188313,1.188313,1000
16515,0.0020703,2.0703,1000
16516,0.0008857,0.8857,1000
16517,0.000772707,0.772707,1000
16518,0.001211835,1.211835,1000
16519,0.000798789,0.798789,1000
16520,0.00078862,0.78862,1000
16521,0.002117501,2.117501,1000
16522,0.001269686,1.269686,1000
16523,0.001691201,1.691201,1000
16524,0.002449521,2.449521,1000
16525,0.001598603,1.598603,1000
16526,0.000623537,0.623537,1000
16527,0.00078378,0.78378,1000
16528,0.000724059,0.724059,1000
16529,0.001043007,1.043007,1000
16530,0.002207987,2.207987,1000
16531,0.000676542,0.676542,1000
16532,0.075723272,75.723272,1000
16533,0.000854276,0.854276,1000
16534,0.001081154,1.081154,1000
16535,0.001094892,1.094892,1000
16536,0.008274489,8.274489,1000
16537,0.00088545,0.88545,1000
16538,0.001690558,1.690558,1000
16539,0.002406437,2.406437,1000
16540,0.000680037,0.680037,1000
16541,0.001155367,1.155367,1000
16542,0.001179206,1.179206,1000
16543,0.000808684,0.808684,1000
16544,0.002158317,2.158317,1000
16545,0.001000051,1.000051,1000
16546,0.000944046,0.944046,1000
16547,0.000709134,0.709134,1000
16548,0.000993186,0.993186,1000
16549,0.000792592,0.792592,1000
16550,0.001456359,1.456359,1000
16551,0.019666962,19.666962,1000
16552,0.000412778,0.412778,1000
16553,0.001351426,1.351426,1000
16554,0.000602581,0.602581,1000
16556,0.000919967,0.919967,1000
16557,0.001134926,1.134926,1000
16558,0.000661153,0.661153,1000
16560,0.000756338,0.756338,1000
16561,0.001162224,1.162224,1000
16562,0.001043045,1.043045,1000
16563,0.000630533,0.630533,1000
16564,0.001141219,1.141219,1000
16565,0.000703407,0.703407,1000
16566,0.000841476,0.841476,1000
16567,0.010370082,10.370082,1000
16568,0.001005589,1.005589,1000
16569,0.005219082,5.219082,1000
16570,0.001067656,1.067656,1000
16571,0.001677644,1.677644,1000
16572,0.000828006,0.828006,1000
16573,0.002908486,2.908486,1000
16574,0.001520309,1.520309,1000
16575,0.000849202,0.849202,1000
16576,0.000861267,0.861267,1000
16577,0.000998725,0.998725,1000
16578,0.00081312,0.81312,1000
16579,0.001720278,1.720278,1000
16580,0.000877433,0.877433,1000
16581,0.001358101,1.358101,1000
16582,0.000658441,0.658441,1000
16583,0.000594529,0.594529,1000
16584,0.001162173,1.162173,1000
16585,0.000878428,0.878428,1000
16586,0.001020251,1.020251,1000
16587,0.000781245,0.781245,1000
16588,0.001171553,1.171553,1000
16589,0.001081154,1.081154,1000
16590,0.006688333,6.688333,1000
16591,0.007989148,7.989148,1000
16592,0.001172075,1.172075,1000
16593,0.001044721,1.044721,1000
16594,0.0009631,0.9631,1000
16595,0.001152573,1.152573,1000
16596,0.000919305,0.919305,1000
16597,0.001097456,1.097456,1000
16598,0.001525076,1.525076,1000
16599,0.000624457,0.624457,1000
16600,0.00277312,2.77312,1000
16601,0.001363673,1.363673,1000
16602,0.001438236,1.438236,1000
16603,0.002870028,2.870028,1000
16604,0.001284429,1.284429,1000
16605,0.000927324,0.927324,1000
16606,0.001377507,1.377507,1000
16607,0.000825939,0.825939,1000
16608,0.001950104,1.950104,1000
16609,0.000937371,0.937371,1000
16610,0.000969282,0.969282,1000
16611,0.06457589,64.57589,1000
16612,0.001657011,1.657011,1000
16613,0.001600968,1.600968,1000
16614,0.000668609,0.668609,1000
16615,0.000719384,0.719384,1000
16616,0.000615834,0.615834,1000
16617,0.002491077,2.491077,1000
16618,0.003110584,3.110584,1000
16619,0.001673103,1.673103,1000
16620,0.000814488,0.814488,1000
16621,0.001081053,1.081053,1000
16622,0.000878351,0.878351,1000
16623,0.002693477,2.693477,1000
16624,0.000804221,0.804221,1000
16625,0.000720951,0.720951,1000
16626,0.002988829,2.988829,1000
16627,0.003104465,3.104465,1000
16628,0.00110825,1.10825,1000
16629,0.000572583,0.572583,1000
16630,0.000605366,0.605366,1000
16631,0.00261078,2.61078,1000
16632,0.001006227,1.006227,1000
16633,0.000857595,0.857595,1000
16634,0.007894881,7.894881,1000
16635,0.00081072,0.81072,1000
16636,0.024925213,24.925213,1000
16637,0.001147556,1.147556,1000
16638,0.008944442,8.944442,1000
16639,0.001613775,1.613775,1000
16640,0.000813123,0.813123,1000
16641,0.001336247,1.336247,1000
16642,0.003017696,3.017696,1000
16643,0.008168005,8.168005,1000
16644,0.007292535,7.292535,1000
16645,0.001115427,1.115427,1000
16646,0.001745069,1.745069,1000
16647,0.001058475,1.058475,1000
16648,0.000937243,0.937243,1000
16649,0.000678732,0.678732,1000
16650,0.000993186,0.993186,1000
16651,0.001053051,1.053051,1000
16652,0.001006227,1.006227,1000
16653,0.002505738,2.505738,1000
16654,0.00067456,0.67456,1000
16655,0.003048661,3.048661,1000
16656,0.001035535,1.035535,1000
16657,0.00097005,0.97005,1000
16658,0.000999649,0.999649,1000
16659,0.000589299,0.589299,1000
16660,0.000856323,0.856323,1000
16661,0.000690394,0.690394,1000
16662,0.008888176,8.888176,1000
16663,0.00287232,2.87232,1000
16664,0.00101211,1.01211,1000
16665,0.001341109,1.341109,1000
16666,0.001656285,1.656285,1000
16667,0.003709637,3.709637,1000
16668,0.001085733,1.085733,1000
16669,0.001049818,1.049818,1000
16670,0.00261536,2.61536,1000
16671,0.001546073,1.546073,1000
16672,0.000729832,0.729832,1000
16673,0.000331183,0.331183,1000
16674,0.00217609,2.17609,1000
16675,0.001069799,1.069799,1000
16676,0.002807082,2.807082,1000
16677,0.000673912,0.673912,1000
16678,0.000403168,0.403168,1000
16679,0.002972865,2.972865,1000
16680,0.001013483,1.013483,1000
16681,0.001446869,1.446869,1000
16683,0.0015756,1.5756,1000
16684,0.000529764,0.529764,1000
16685,0.001112099,1.112099,1000
16686,0.00930815,9.30815,1000
16687,0.000611013,0.611013,1000
16688,0.000578904,0.578904,1000
16689,0.000730679,0.730679,1000
16690,0.000466761,0.466761,1000
16691,0.001419064,1.419064,1000
16692,0.001071105,1.071105,1000
16693,0.001522992,1.522992,1000
16694,0.001749287,1.749287,1000
16695,0.000706357,0.706357,1000
16696,0.000682554,0.682554,1000
16697,0.002526193,2.526193,1000
16698,0.001750714,1.750714,1000
16699,0.001579544,1.579544,1000
16700,0.001601863,1.601863,1000
16701,0.000463348,0.463348,1000
16702,0.00081312,0.81312,1000
16703,0.000819283,0.819283,1000
16704,0.000843749,0.843749,1000
16705,0.000580597,0.580597,1000
16706,0.000758921,0.758921,1000
16707,0.000853372,0.853372,1000
16708,0.001663805,1.663805,1000
16709,0.000830171,0.830171,1000
16710,0.00081312,0.81312,1000
16711,0.000934953,0.934953,1000
16712,0.000612904,0.612904,1000
16713,0.001456359,1.456359,1000
16714,0.001305555,1.305555,1000
16715,0.001182402,1.182402,1000
16716,0.000766077,0.766077,1000
16717,0.000928209,0.928209,1000
16718,0.000659225,0.659225,1000
16719,0.001129483,1.129483,1000
16720,0.00102543,1.02543,1000
16721,0.00105043,1.05043,1000
16722,0.000825966,0.825966,1000
16723,0.001042979,1.042979,1000
16724,0.001362238,1.362238,1000
16725,0.001459866,1.459866,1000
16726,0.000423501,0.423501,1000
16727,0.000656489,0.656489,1000
16728,0.000625535,0.625535,1000
16729,0.000254854,0.254854,1000
16730,0.000304546,0.304546,1000
16731,0.001025631,1.025631,1000
16732,0.008345697,8.345697,1000
16733,0.000296991,0.296991,1000
16734,0.000545318,0.545318,1000
16735,0.001055566,1.055566,1000
16736,0.00242569,2.42569,1000
16737,0.002718144,2.718144,1000
16738,0.000493425,0.493425,1000
16739,0.001042957,1.042957,1000
16740,0.002918768,2.918768,1000
16741,0.001399471,1.399471,1000
16742,0.001612347,1.612347,1000
16743,0.000978332,0.978332,1000
16744,0.001205656,1.205656,1000
16745,0.002965451,2.965451,1000
16746,0.012145688,12.145688,1000
16747,0.00167324,1.67324,1000
16748,0.001597145,1.597145,1000
16749,0.002065145,2.065145,1000
16750,0.000939299,0.939299,1000
16751,0.001621724,1.621724,1000
16752,0.000576703,0.576703,1000
16753,0.000833548,0.833548,1000
16754,0.000783777,0.783777,1000
16755,0.001296769,1.296769,1000
16756,0.00206561,2.06561,1000
16757,0.000660144,0.660144,1000
16758,0.001134919,1.134919,1000
16759,0.001558369,1.558369,1000
16760,0.040367054,40.367054,1000
16761,0.000429462,0.429462,1000
16762,0.001591126,1.591126,1000
16763,0.000680025,0.680025,1000
16764,0.002951621,2.951621,1000
16765,0.008133895,8.133895,1000
16766,0.001349441,1.349441,1000
16767,0.000977818,0.977818,1000
16768,0.001587653,1.587653,1000
16769,0.00081101,0.81101,1000
16770,0.000420768,0.420768,1000
16771,0.056250773,56.250773,1000
16772,0.001000744,1.000744,1000
16773,0.001342897,1.342897,1000
16774,0.001303878,1.303878,1000
16775,0.000598387,0.598387,1000
16776,0.005433094,5.433094,1000
16777,0.000632706,0.632706,1000
16778,0.001168669,1.168669,1000
16779,0.020028659,20.028659,1000
16780,0.001393767,1.393767,1000
16781,0.01228587,12.28587,1000
16782,0.000513673,0.513673,1000
16783,0.0015091,1.5091,1000
16784,0.000576041,0.576041,1000
16785,0.002777461,2.777461,1000
16786,0.001415785,1.415785,1000
16787,0.001004731,1.004731,1000
16788,0.000891945,0.891945,1000
16789,0.000623174,0.623174,1000
16790,0.001422576,1.422576,1000
16791,0.000669859,0.669859,1000
16792,0.002742592,2.742592,1000
16793,0.001637579,1.637579,1000
16794,0.001253674,1.253674,1000
16795,0.001470564,1.470564,1000
16796,0.000782666,0.782666,1000
16797,0.003761854,3.761854,1000
16798,0.000570767,0.570767,1000
16800,0.001312558,1.312558,1000
16801,0.001131756,1.131756,1000
16802,0.000628587,0.628587,1000
16803,0.000583332,0.583332,1000
16804,0.000782886,0.782886,1000
16805,0.003089524,3.089524,1000
16806,0.000546556,0.546556,1000
16807,0.001005468,1.005468,1000
16808,0.003193055,3.193055,1000
16809,0.002764443,2.764443,1000
16810,0.001497577,1.497577,1000
16811,0.004049572,4.049572,1000
16812,0.001099263,1.099263,1000
16813,0.00045451,0.45451,1000
16814,0.000976813,0.976813,1000
16815,0.000942387,0.942387,1000
16816,0.000583332,0.583332,1000
16817,0.001684082,1.684082,1000
16818,0.021834556,21.834556,1000
16819,0.000560536,0.560536,1000
16820,0.003193727,3.193727,1000
16821,0.001460582,1.460582,1000
16822,0.001505839,1.505839,1000
16823,0.005761483,5.761483,1000
16824,0.000957608,0.957608,1000
16825,0.000870002,0.870002,1000
16826,0.006175659,6.175659,1000
16827,0.000960243,0.960243,1000
16828,0.000800027,0.800027,1000
16829,0.000886667,0.886667,1000
16830,0.000737221,0.737221,1000
16831,0.003921978,3.921978,1000
16832,0.016248906,16.248906,1000
16833,0.008131528,8.131528,1000
16834,0.015915216,15.915216,1000
16835,0.000258464,0.258464,1000
16836,0.002938772,2.938772,1000
16837,0.000746825,0.746825,1000
16838,0.000655818,0.655818,1000
16839,0.002896927,2.896927,1000
16840,0.00048798,0.48798,1000
16841,0.001017768,1.017768,1000
16842,0.002881263,2.881263,1000
16843,0.000624195,0.624195,1000
16844,0.000366047,0.366047,1000
16845,0.000898667,0.898667,1000
16846,0.000786083,0.786083,1000
16847,0.015933273,15.933273,1000
16848,0.000993186,0.993186,1000
16849,0.004560011,4.560011,1000
16850,0.001007731,1.007731,1000
16851,0.000916974,0.916974,1000
16852,0.001438352,1.438352,1000
16853,0.000651616,0.651616,1000
16854,0.000960185,0.960185,1000
16855,0.00103168,1.03168,1000
16856,0.000845088,0.845088,1000
16857,0.000885033,0.885033,1000
16858,0.00082325,0.82325,1000
16859,0.000685798,0.685798,1000
16860,0.000800625,0.800625,1000
16861,0.000575712,0.575712,1000
16862,0.00087984,0.87984,1000
16863,0.001200898,1.200898,1000
16864,0.006584661,6.584661,1000
16865,0.000487498,0.487498,1000
16866,0.001435531,1.435531,1000
16867,0.001042979,1.042979,1000
16868,0.002556079,2.556079,1000
16869,0.015401143,15.401143,1000
16870,0.000964253,0.964253,1000
16871,0.001009713,1.009713,1000
16872,0.001029247,1.029247,1000
16873,0.000527586,0.527586,1000
16874,0.000749933,0.749933,1000
16875,0.001036963,1.036963,1000
16876,0.0086137,8.6137,1000
16877,0.000991343,0.991343,1000
16878,0.000776681,0.776681,1000
16879,0.000627534,0.627534,1000
16880,0.001042957,1.042957,1000
16881,0.001190355,1.190355,1000
16882,0.000596317,0.596317,1000
16883,0.001750714,1.750714,1000
16884,0.001334149,1.334149,1000
16885,0.006310392,6.310392,1000
16886,0.000776804,0.776804,1000
16887,0.002207987,2.207987,1000
16888,0.001609087,1.609087,1000
16889,0.000770096,0.770096,1000
16890,0.000547486,0.547486,1000
16891,0.0015091,1.5091,1000
16892,0.001749287,1.749287,1000
16893,0.000460341,0.460341,1000
16894,0.003238345,3.238345,1000
16895,0.001171092,1.171092,1000
16897,0.001450579,1.450579,1000
16898,0.003503016,3.503016,1000
16899,0.001443609,1.443609,1000
16900,0.000905011,0.905011,1000
16901,0.000360931,0.360931,1000
16902,0.012094737,12.094737,1000
16903,0.001006165,1.006165,1000
16904,0.001042957,1.042957,1000
16905,0.00138256,1.38256,1000
16906,0.001087388,1.087388,1000
16907,0.000981224,0.981224,1000
16908,0.000969445,0.969445,1000
16909,0.076912346,76.912346,1000
16910,0.001168327,1.168327,1000
16911,0.016138157,16.138157,1000
16912,0.016446899,16.446899,1000
16913,0.027120665,27.120665,1000
16914,0.007961463,7.961463,1000
16915,0.001134926,1.134926,1000
16916,0.000870604,0.870604,1000
16917,0.00223313,2.23313,1000
16918,0.000747917,0.747917,1000
16919,0.000993186,0.993186,1000
16920,0.000995922,0.995922,1000
16921,0.00078378,0.78378,1000
16922,0.002255907,2.255907,1000
16923,0.002004342,2.004342,1000
16924,0.00112596,1.12596,1000
16925,0.001370343,1.370343,1000
16926,0.003644397,3.644397,1000
16927,0.004397383,4.397383,1000
16928,0.004710407,4.710407,1000
16929,0.001006227,1.006227,1000
16930,0.000975182,0.975182,1000
16931,0.000925353,0.925353,1000
16932,0.000643736,0.643736,1000
16933,0.00228984,2.28984,1000
16934,0.011380809,11.380809,1000
16935,0.008322596,8.322596,1000
16936,0.000269615,0.269615,1000
16937,0.000965633,0.965633,1000
16938,0.02198411,21.98411,1000
16939,0.000750175,0.750175,1000
16940,0.001217337,1.217337,1000
16941,0.001133794,1.133794,1000
16942,0.003809047,3.809047,1000
16943,0.000916123,0.916123,1000
16944,0.00081312,0.81312,1000
16945,0.001044721,1.044721,1000
16946,0.000798334,0.798334,1000
16947,0.001062569,1.062569,1000
16948,0.013733062,13.733062,1000
16949,0.001100381,1.100381,1000
16950,0.000887814,0.887814,1000
16951,0.001449637,1.449637,1000
16952,0.000843923,0.843923,1000
16953,0.000879667,0.879667,1000
16954,0.000830158,0.830158,1000
16955,0.002144368,2.144368,1000
16956,0.000650805,0.650805,1000
16957,0.001161391,1.161391,1000
16958,0.001146541,1.146541,1000
16959,0.000705202,0.705202,1000
16960,0.001798952,1.798952,1000
16961,0.0005097,0.5097,1000
16962,0.001743358,1.743358,1000
16963,0.001049744,1.049744,1000
16964,0.001330889,1.330889,1000
16965,0.000568825,0.568825,1000
16966,0.001505293,1.505293,1000
16967,0.000701022,0.701022,1000
16968,0.000756944,0.756944,1000
16969,0.000795545,0.795545,1000
16970,0.001327025,1.327025,1000
16971,0.001649158,1.649158,1000
16972,0.001369797,1.369797,1000
16973,0.000943572,0.943572,1000
16974,0.001042957,1.042957,1000
16975,0.000815703,0.815703,1000
16976,0.001081154,1.081154,1000
16977,0.000689011,0.689011,1000
16978,0.000911758,0.911758,1000
16979,0.000814574,0.814574,1000
16980,0.00104638,1.04638,1000
16981,0.00489052,4.89052,1000
16982,0.000908566,0.908566,1000
16983,0.000320861,0.320861,1000
16984,0.000854476,0.854476,1000
16985,0.003427366,3.427366,1000
16986,0.000880094,0.880094,1000
16987,0.000816663,0.816663,1000
16988,0.000776704,0.776704,1000
16989,0.000878348,0.878348,1000
16990,0.000808656,0.808656,1000
16991,0.001612347,1.612347,1000
16992,0.013343027,13.343027,1000
16993,0.001391078,1.391078,1000
16994,0.002704047,2.704047,1000
16995,0.001042957,1.042957,1000
16996,0.000580896,0.580896,1000
16997,0.000891732,0.891732,1000
16998,0.001523885,1.523885,1000
16999,0.000885071,0.885071,1000
17000,0.001746026,1.746026,1000
17001,0.002714568,2.714568,1000
17002,0.000830582,0.830582,1000
17003,0.00138222,1.38222,1000
17004,0.001047162,1.047162,1000
17005,0.000535297,0.535297,1000
17006,0.000418752,0.418752,1000
17007,0.000866795,0.866795,1000
17008,0.000668385,0.668385,1000
17009,0.001134919,1.134919,1000
17010,0.001198759,1.198759,1000
17011,0.000934638,0.934638,1000
17012,0.001376094,1.376094,1000
17013,0.001613775,1.613775,1000
17014,0.001065476,1.065476,1000
17015,0.001153677,1.153677,1000
17016,0.008987029,8.987029,1000
17017,0.000823347,0.823347,1000
17018,0.001598603,1.598603,1000
17019,0.001402903,1.402903,1000
17020,0.000924786,0.924786,1000
17021,0.0015756,1.5756,1000
17022,0.000963771,0.963771,1000
17023,0.003214918,3.214918,1000
17024,0.001338481,1.338481,1000
17025,0.000541985,0.541985,1000
17026,0.152245647,152.245647,1000
17027,0.001284317,1.284317,1000
17028,0.002207987,2.207987,1000
17029,0.000749302,0.749302,1000
17030,0.003589856,3.589856,1000
17031,0.001462868,1.462868,1000
17032,0.00111501,1.11501,1000
17033,0.000945085,0.945085,1000
17034,0.000492242,0.492242,1000
17035,0.001383113,1.383113,1000
17036,0.011840911,11.840911,1000
17037,0.001150772,1.150772,1000
17038,0.001062519,1.062519,1000
17039,0.001153677,1.153677,1000
17040,0.001549392,1.549392,1000
17041,0.002983239,2.983239,1000
17042,0.001303429,1.303429,1000
17043,0.001351211,1.351211,1000
17044,0.000699845,0.699845,1000
17045,0.001294177,1.294177,1000
17046,0.000963091,0.963091,1000
17047,0.001825149,1.825149,1000
17048,0.000769815,0.769815,1000
17049,0.001520493,1.520493,1000
17050,0.001083188,1.083188,1000
17051,0.003411323,3.411323,1000
17052,0.000834224,0.834224,1000
17053,0.001497372,1.497372,1000
17054,0.000707841,0.707841,1000
17055,0.001520309,1.520309,1000
17056,0.000863794,0.863794,1000
17057,0.000947297,0.947297,1000
17058,0.001519731,1.519731,1000
17059,0.000878275,0.878275,1000
17060,0.000968201,0.968201,1000
17061,0.000587344,0.587344,1000
17062,0.001523648,1.523648,1000
17063,0.000802255,0.802255,1000
17064,0.001376094,1.376094,1000
17065,0.001474473,1.474473,1000
17066,0.001276362,1.276362,1000
17067,0.001453121,1.453121,1000
17068,0.001746026,1.746026,1000
17069,0.000879435,0.879435,1000
17070,0.000827691,0.827691,1000
17071,0.001350869,1.350869,1000
17072,0.000620537,0.620537,1000
17073,0.001522992,1.522992,1000
17074,0.000843914,0.843914,1000
17075,0.000694439,0.694439,1000
17076,0.000691425,0.691425,1000
17077,0.001519731,1.519731,1000
17078,0.001430575,1.430575,1000
17079,0.001065577,1.065577,1000
17080,0.00085742,0.85742,1000
17081,0.000843292,0.843292,1000
17082,0.001275665,1.275665,1000
17083,0.000922223,0.922223,1000
17084,0.001376094,1.376094,1000
17085,0.000664102,0.664102,1000
17086,0.001707261,1.707261,1000
17087,0.000863534,0.863534,1000
17088,0.000582938,0.582938,1000
17089,0.001025653,1.025653,1000
17090,0.000947511,0.947511,1000
17091,0.00069426,0.69426,1000
17092,0.000855026,0.855026,1000
17093,0.008247327,8.247327,1000
17094,0.000849035,0.849035,1000
17095,0.000632497,0.632497,1000
17096,0.000935399,0.935399,1000
17097,0.000950848,0.950848,1000
17098,0.000922223,0.922223,1000
17099,0.120582706,120.582706,1000
17100,0.001037373,1.037373,1000
17101,0.022836353,22.836353,1000
17102,0.001062502,1.062502,1000
17103,0.000948773,0.948773,1000
17104,0.000943038,0.943038,1000
17105,0.00067286,0.67286,1000
17106,0.00118197,1.18197,1000
17107,0.001519731,1.519731,1000
17108,0.001042957,1.042957,1000
17109,0.001196016,1.196016,1000
17110,0.001746026,1.746026,1000
17111,0.001204852,1.204852,1000
17112,0.001520388,1.520388,1000
17113,0.001480195,1.480195,1000
17114,0.000642537,0.642537,1000
17115,0.000532769,0.532769,1000
17116,0.016076429,16.076429,1000
17117,0.000935513,0.935513,1000
17118,0.008253983,8.253983,1000
17119,0.001042957,1.042957,1000
17120,0.000720432,0.720432,1000
17121,0.001299835,1.299835,1000
17122,0.001375999,1.375999,1000
17123,0.001369797,1.369797,1000
17124,0.001746026,1.746026,1000
17125,0.001518189,1.518189,1000
17126,0.001061881,1.061881,1000
17127,0.001042957,1.042957,1000
17128,0.000789872,0.789872,1000
17129,0.002975547,2.975547,1000
17130,0.001134926,1.134926,1000
17131,0.000914028,0.914028,1000
17132,0.002040694,2.040694,1000
17133,0.00138256,1.38256,1000
17134,0.001520493,1.520493,1000
17135,0.001008186,1.008186,1000
17136,0.000724092,0.724092,1000
17137,0.000926881,0.926881,1000
17138,0.001520493,1.520493,1000
17139,0.00104294,1.04294,1000
17140,0.000633119,0.633119,1000
17142,0.002546771,2.546771,1000
17143,0.000814837,0.814837,1000
17144,0.001155931,1.155931,1000
17145,0.008081549,8.081549,1000
17146,0.001138634,1.138634,1000
17147,0.002845321,2.845321,1000
17148,0.000333953,0.333953,1000
17149,0.000577003,0.577003,1000
17150,0.001604228,1.604228,1000
17151,0.003308298,3.308298,1000
17152,0.000892939,0.892939,1000
17153,0.000804169,0.804169,1000
17154,0.001317245,1.317245,1000
17155,0.001505581,1.505581,1000
17156,0.000914741,0.914741,1000
17157,0.001341781,1.341781,1000
17158,0.001315285,1.315285,1000
17159,0.000472262,0.472262,1000
17160,0.001305151,1.305151,1000
17161,0.00075028,0.75028,1000
17162,0.105520628,105.520628,1000
17163,0.001525076,1.525076,1000
17164,0.001652781,1.652781,1000
17165,0.00067933,0.67933,1000
17166,0.001290576,1.290576,1000
17167,0.000840766,0.840766,1000
17168,0.00729858,7.29858,1000
17169,0.001218787,1.218787,1000
17170,0.001002093,1.002093,1000
17171,0.000723286,0.723286,1000
17172,0.000729914,0.729914,1000
17173,0.000825966,0.825966,1000
17174,0.001006227,1.006227,1000
17175,0.001382615,1.382615,1000
17176,0.001172306,1.172306,1000
17177,0.000672733,0.672733,1000
17178,0.001144176,1.144176,1000
17179,0.000937324,0.937324,1000
17180,0.016066024,16.066024,1000
17181,0.001520309,1.520309,1000
17182,0.001071066,1.071066,1000
17183,0.000589899,0.589899,1000
17184,0.001610863,1.610863,1000
17185,0.001070445,1.070445,1000
17186,0.000825969,0.825969,1000
17187,0.000914995,0.914995,1000
17188,0.000651279,0.651279,1000
17189,0.001385075,1.385075,1000
17190,0.00087993,0.87993,1000
17191,0.001542144,1.542144,1000
17192,0.001109718,1.109718,1000
17193,0.001062569,1.062569,1000
17194,0.000580887,0.580887,1000
17195,0.001141952,1.141952,1000
17196,0.000891853,0.891853,1000
17197,0.000601375,0.601375,1000
17198,0.001172331,1.172331,1000
17199,0.001523648,1.523648,1000
17200,0.001194334,1.194334,1000
17201,0.000496679,0.496679,1000
17202,0.151840517,151.840517,1000
17203,0.000885438,0.885438,1000
17204,0.032996231,32.996231,1000
17205,0.000628634,0.628634,1000
17206,0.000953672,0.953672,1000
17207,0.001047316,1.047316,1000
17208,0.001062519,1.062519,1000
17209,0.001542492,1.542492,1000
17210,0.000668925,0.668925,1000
17211,0.000674351,0.674351,1000
17212,0.00103431,1.03431,1000
17213,0.001120536,1.120536,1000
17214,0.001042957,1.042957,1000
17215,0.001071105,1.071105,1000
17216,0.00075397,0.75397,1000
17217,0.00098284,0.98284,1000
17218,0.001266576,1.266576,1000
17219,0.000878349,0.878349,1000
17220,0.001103235,1.103235,1000
17221,0.001229886,1.229886,1000
17222,0.000831551,0.831551,1000
17223,0.044834977,44.834977,1000
17224,0.001359941,1.359941,1000
17225,0.000881064,0.881064,1000
17226,0.001042957,1.042957,1000
17227,0.002159436,2.159436,1000
17228,0.010816344,10.816344,1000
17229,0.001120475,1.120475,1000
17230,0.001069915,1.069915,1000
17231,0.001766545,1.766545,1000
17232,0.001606087,1.606087,1000
17233,0.000955023,0.955023,1000
17234,0.002953596,2.953596,1000
17235,0.001070943,1.070943,1000
17236,0.0008978,0.8978,1000
17237,0.001115392,1.115392,1000
17238,0.000395227,0.395227,1000
17240,0.001409126,1.409126,1000
17241,0.001071066,1.071066,1000
17242,0.001382615,1.382615,1000
17243,0.000468468,0.468468,1000
17244,0.000579761,0.579761,1000
17245,0.124165713,124.165713,1000
17246,0.000939589,0.939589,1000
17247,0.001808061,1.808061,1000
17248,0.000963169,0.963169,1000
17249,0.000727336,0.727336,1000
17250,0.000987841,0.987841,1000
17251,0.00082337,0.82337,1000
17252,0.001071066,1.071066,1000
17253,0.000831954,0.831954,1000
17254,0.008088648,8.088648,1000
17255,0.000533205,0.533205,1000
17256,0.001348886,1.348886,1000
17257,0.00092221,0.92221,1000
17258,0.001065258,1.065258,1000
17259,0.000953672,0.953672,1000
17260,0.007945838,7.945838,1000
17261,0.000728197,0.728197,1000
17262,0.000684738,0.684738,1000
17263,0.002369846,2.369846,1000
17264,0.000932144,0.932144,1000
17265,0.000767807,0.767807,1000
17266,0.000508059,0.508059,1000
17267,0.001239916,1.239916,1000
17268,0.001763652,1.763652,1000
17269,0.000716917,0.716917,1000
17270,0.001385469,1.385469,1000
17271,0.001188516,1.188516,1000
17272,0.000978383,0.978383,1000
17273,0.000724726,0.724726,1000
17274,0.000985366,0.985366,1000
17275,0.001071105,1.071105,1000
17276,0.004483529,4.483529,1000
17277,0.001794208,1.794208,1000
17278,0.141551644,141.551644,1000
17279,0.00092221,0.92221,1000
17280,0.000612423,0.612423,1000
17281,0.001080759,1.080759,1000
17282,0.001525181,1.525181,1000
17283,0.000808776,0.808776,1000
17284,0.000679586,0.679586,1000
17285,0.000415309,0.415309,1000
17286,0.004655658,4.655658,1000
17287,0.001323321,1.323321,1000
17288,0.001062519,1.062519,1000
17289,0.003153034,3.153034,1000
17290,0.000612291,0.612291,1000
17291,0.00090344,0.90344,1000
17292,0.001062519,1.062519,1000
17293,0.000555488,0.555488,1000
17294,0.000908983,0.908983,1000
17295,0.001025372,1.025372,1000
17296,0.000757489,0.757489,1000
17297,0.001044065,1.044065,1000
17298,0.001509327,1.509327,1000
17299,0.000896027,0.896027,1000
17300,0.001109718,1.109718,1000
17301,0.001121216,1.121216,1000
17302,0.001071066,1.071066,1000
17303,0.000853186,0.853186,1000
17304,0.002125741,2.125741,1000
17305,0.001610737,1.610737,1000
17306,0.001042817,1.042817,1000
17307,0.00103507,1.03507,1000
17308,0.001558597,1.558597,1000
17309,0.000941419,0.941419,1000
17310,0.001374489,1.374489,1000
17311,0.000327675,0.327675,1000
17312,0.000896137,0.896137,1000
17313,0.001062502,1.062502,1000
17314,0.001046862,1.046862,1000
17315,0.021686651,21.686651,1000
17316,0.00218153,2.18153,1000
17317,0.003341242,3.341242,1000
17318,0.003373577,3.373577,1000
17319,0.000612262,0.612262,1000
17320,0.000784484,0.784484,1000
17321,0.000662848,0.662848,1000
17322,0.178877379,178.877379,1000
17323,0.001525181,1.525181,1000
17324,0.001411859,1.411859,1000
17325,0.056395776,56.395776,1000
17326,0.001070445,1.070445,1000
17327,0.009659987,9.659987,1000
17328,0.000894648,0.894648,1000
17329,0.001614024,1.614024,1000
17330,0.000817275,0.817275,1000
17331,0.000825434,0.825434,1000
17332,0.000251733,0.251733,1000
17333,0.002343869,2.343869,1000
17334,0.002037399,2.037399,1000
17335,0.001152597,1.152597,1000
17336,0.000754775,0.754775,1000
17337,0.008809256,8.809256,1000
17338,0.001385469,1.385469,1000
17339,0.003795584,3.795584,1000
17340,0.001523656,1.523656,1000
17341,0.008665886,8.665886,1000
17342,0.001486856,1.486856,1000
17344,0.001773769,1.773769,1000
17345,0.001750714,1.750714,1000
17346,0.000654422,0.654422,1000
17347,0.000815896,0.815896,1000
17348,0.040670814,40.670814,1000
17349,0.000826958,0.826958,1000
17350,0.002605594,2.605594,1000
17351,0.000856204,0.856204,1000
17352,0.000723826,0.723826,1000
17353,0.000995221,0.995221,1000
17354,0.001478214,1.478214,1000
17355,0.000703839,0.703839,1000
17356,0.002679493,2.679493,1000
17357,0.002003856,2.003856,1000
17358,0.004293599,4.293599,1000
17359,0.001520309,1.520309,1000
17360,0.001615705,1.615705,1000
17361,0.148615031,148.615031,1000
17362,0.001344375,1.344375,1000
17363,0.001071083,1.071083,1000
17364,0.006456109,6.456109,1000
17365,0.000813484,0.813484,1000
17366,0.001510527,1.510527,1000
17367,0.000403423,0.403423,1000
17368,0.010622048,10.622048,1000
17369,0.001071083,1.071083,1000
17370,0.001676691,1.676691,1000
17371,0.001116646,1.116646,1000
17372,0.001826577,1.826577,1000
17373,0.001159882,1.159882,1000
17374,0.005265269,5.265269,1000
17375,0.000583295,0.583295,1000
17376,0.000783243,0.783243,1000
17377,0.004901001,4.901001,1000
17378,0.001042957,1.042957,1000
17379,0.001793047,1.793047,1000
17380,0.000844638,0.844638,1000
17381,0.001140852,1.140852,1000
17382,0.000702097,0.702097,1000
17383,0.001011936,1.011936,1000
17384,0.000846662,0.846662,1000
17385,0.023166143,23.166143,1000
17386,0.00084879,0.84879,1000
17387,0.001104592,1.104592,1000
17388,0.00287107,2.87107,1000
17389,0.056344932,56.344932,1000
17390,0.00282534,2.82534,1000
17391,0.007989648,7.989648,1000
17392,0.001071083,1.071083,1000
17393,0.009451176,9.451176,1000
17394,0.000824509,0.824509,1000
17395,0.007952055,7.952055,1000
17396,0.008408431,8.408431,1000
17397,0.000667236,0.667236,1000
17398,0.003079464,3.079464,1000
17399,0.000695387,0.695387,1000
17400,0.001478501,1.478501,1000
17401,0.000815451,0.815451,1000
17402,0.016418304,16.418304,1000
17403,0.00104294,1.04294,1000
17404,0.002965684,2.965684,1000
17405,0.026714795,26.714795,1000
17406,0.001042732,1.042732,1000
17407,0.001071105,1.071105,1000
17408,0.001154811,1.154811,1000
17409,0.000456567,0.456567,1000
17410,0.001071105,1.071105,1000
17411,0.001071105,1.071105,1000
17412,0.010449378,10.449378,1000
17413,0.000534488,0.534488,1000
17414,0.00094115,0.94115,1000
17415,0.001597145,1.597145,1000
17416,0.002507219,2.507219,1000
17417,0.049085737,49.085737,1000
17418,0.001487279,1.487279,1000
17419,0.000908242,0.908242,1000
17420,0.000977899,0.977899,1000
17421,0.001523648,1.523648,1000
17422,0.001048047,1.048047,1000
17423,0.000671057,0.671057,1000
17424,0.000898048,0.898048,1000
17425,0.001010586,1.010586,1000
17426,0.000595498,0.595498,1000
17427,0.001634371,1.634371,1000
17428,0.00103417,1.03417,1000
17429,0.000689908,0.689908,1000
17430,0.000560087,0.560087,1000
17431,0.000945045,0.945045,1000
17432,0.001071083,1.071083,1000
17433,0.000386866,0.386866,1000
17434,0.001071083,1.071083,1000
17435,0.000944793,0.944793,1000
17436,0.002821245,2.821245,1000
17437,0.001071105,1.071105,1000
17438,0.001535707,1.535707,1000
17439,0.001162375,1.162375,1000
17440,0.0007558,0.7558,1000
17441,0.001159397,1.159397,1000
17442,0.000814149,0.814149,1000
17443,0.001571773,1.571773,1000
17444,0.001326582,1.326582,1000
17445,0.001071105,1.071105,1000
17446,0.00114796,1.14796,1000
17447,0.001187175,1.187175,1000
17448,0.000879041,0.879041,1000
17449,0.00114796,1.14796,1000
17450,0.001153677,1.153677,1000
17451,0.000826674,0.826674,1000
17452,0.06457915,64.57915,1000
17453,0.001750714,1.750714,1000
17454,0.000923933,0.923933,1000
17455,0.002178652,2.178652,1000
17456,0.001749287,1.749287,1000
17457,0.001000308,1.000308,1000
17458,0.001006208,1.006208,1000
17459,0.000632689,0.632689,1000
17460,0.000939448,0.939448,1000
17461,0.001613775,1.613775,1000
17462,0.00155939,1.55939,1000
17463,0.000714233,0.714233,1000
17464,0.001408121,1.408121,1000
17465,0.001826577,1.826577,1000
17466,0.00081312,0.81312,1000
17467,0.000764242,0.764242,1000
17468,0.001071066,1.071066,1000
17469,0.000940466,0.940466,1000
17470,0.001166386,1.166386,1000
17471,0.000624334,0.624334,1000
17472,0.001136688,1.136688,1000
17473,0.000981382,0.981382,1000
17474,0.001019013,1.019013,1000
17475,0.001070943,1.070943,1000
17476,0.00075097,0.75097,1000
17477,0.000605623,0.605623,1000
17478,0.000916449,0.916449,1000
17479,0.001070445,1.070445,1000
17480,0.000546692,0.546692,1000
17481,0.001016132,1.016132,1000
17482,0.0003799,0.3799,1000
17483,0.000723713,0.723713,1000
17484,0.000825966,0.825966,1000
17485,0.002923588,2.923588,1000
17486,0.001030588,1.030588,1000
17487,0.001021588,1.021588,1000
17488,0.000323784,0.323784,1000
17489,0.000808947,0.808947,1000
17490,0.002131157,2.131157,1000
17491,0.001502336,1.502336,1000
17492,0.000608753,0.608753,1000
17493,0.001741907,1.741907,1000
17495,0.001613775,1.613775,1000
17496,0.000314386,0.314386,1000
17497,0.001594926,1.594926,1000
17498,0.001259647,1.259647,1000
17499,0.000588383,0.588383,1000
17500,0.062245369,62.245369,1000
17501,0.001340934,1.340934,1000
17502,0.001068531,1.068531,1000
17503,0.001072813,1.072813,1000
17504,0.001536711,1.536711,1000
17505,0.000583431,0.583431,1000
17506,0.000825214,0.825214,1000
17507,0.000541107,0.541107,1000
17508,0.000897099,0.897099,1000
17509,0.001334149,1.334149,1000
17510,0.001584364,1.584364,1000
17511,0.012579111,12.579111,1000
17512,0.001596857,1.596857,1000
17513,0.010988834,10.988834,1000
17514,0.001385415,1.385415,1000
17515,0.001060728,1.060728,1000
17516,0.001349175,1.349175,1000
17517,0.002884171,2.884171,1000
17518,0.000967792,0.967792,1000
17519,0.001315818,1.315818,1000
17520,0.000830823,0.830823,1000
17521,0.001062379,1.062379,1000
17522,0.000993186,0.993186,1000
17523,0.000730332,0.730332,1000
17524,0.001087051,1.087051,1000
17525,0.000839664,0.839664,1000
17526,0.001329583,1.329583,1000
17527,0.001601863,1.601863,1000
17528,0.000897791,0.897791,1000
17529,0.00069552,0.69552,1000
17530,0.001214748,1.214748,1000
17531,0.000982859,0.982859,1000
17532,0.000761015,0.761015,1000
17533,0.000719066,0.719066,1000
17534,0.001122347,1.122347,1000
17535,0.001078355,1.078355,1000
17536,0.000841663,0.841663,1000
17537,0.000820744,0.820744,1000
17538,0.000785956,0.785956,1000
17539,0.001732465,1.732465,1000
17540,0.000667835,0.667835,1000
17541,0.001071083,1.071083,1000
17542,0.001071066,1.071066,1000
17543,0.001011936,1.011936,1000
17544,0.000769339,0.769339,1000
17545,0.001168061,1.168061,1000
17546,0.000920281,0.920281,1000
17547,0.000843961,0.843961,1000
17548,0.008139435,8.139435,1000
17549,0.000872455,0.872455,1000
17550,0.002904862,2.904862,1000
17551,0.000865169,0.865169,1000
17552,0.000817908,0.817908,1000
17553,0.002489628,2.489628,1000
17554,0.003069443,3.069443,1000
17555,0.010077797,10.077797,1000
17556,0.001488998,1.488998,1000
17557,0.000710554,0.710554,1000
17558,0.002486021,2.486021,1000
17559,0.001597145,1.597145,1000
17560,0.001497451,1.497451,1000
17561,0.001520187,1.520187,1000
17562,0.008355571,8.355571,1000
17563,0.008208364,8.208364,1000
17564,0.008593816,8.593816,1000
17565,0.000827232,0.827232,1000
17566,0.000309498,0.309498,1000
17567,0.000661475,0.661475,1000
17568,0.001385415,1.385415,1000
17569,0.000372375,0.372375,1000
17570,0.026539261,26.539261,1000
17571,0.001746026,1.746026,1000
17572,0.001746026,1.746026,1000
17573,0.008950263,8.950263,1000
17574,0.00092211,0.92211,1000
17575,0.001082434,1.082434,1000
17576,0.001201539,1.201539,1000
17577,0.001071105,1.071105,1000
17578,0.000985159,0.985159,1000
17579,0.001039369,1.039369,1000
17580,0.011726695,11.726695,1000
17581,0.000927736,0.927736,1000
17582,0.000798611,0.798611,1000
17583,0.000758821,0.758821,1000
17584,0.008244288,8.244288,1000
17585,0.000782886,0.782886,1000
17586,0.000830834,0.830834,1000
17587,0.001071083,1.071083,1000
17588,0.000907081,0.907081,1000
17589,0.00295769,2.95769,1000
17590,0.000405868,0.405868,1000
17591,0.001006227,1.006227,1000
17592,0.001750714,1.750714,1000
17593,0.001612347,1.612347,1000
17594,0.00147013,1.47013,1000
17595,0.003007637,3.007637,1000
17596,0.000886037,0.886037,1000
17597,0.003916191,3.916191,1000
17598,0.002777369,2.777369,1000
17599,0.001073475,1.073475,1000
17600,0.000796599,0.796599,1000
17601,0.001062519,1.062519,1000
17602,0.001069915,1.069915,1000
17603,0.0018689,1.8689,1000
17604,0.024182548,24.182548,1000
17605,0.001071083,1.071083,1000
17606,0.001039716,1.039716,1000
17607,0.00707962,7.07962,1000
17608,0.00865301,8.65301,1000
17609,0.001061881,1.061881,1000
17610,0.000926305,0.926305,1000
17611,0.000644968,0.644968,1000
17612,0.000777793,0.777793,1000
17613,0.000797509,0.797509,1000
17614,0.001071105,1.071105,1000
17615,0.001022514,1.022514,1000
17616,0.001633535,1.633535,1000
17617,0.000659231,0.659231,1000
17618,0.000963771,0.963771,1000
17619,0.001746026,1.746026,1000
17620,0.001523648,1.523648,1000
17621,0.001453099,1.453099,1000
17622,0.001019495,1.019495,1000
17623,0.001869804,1.869804,1000
17624,0.001006227,1.006227,1000
17625,0.000825969,0.825969,1000
17626,0.00104294,1.04294,1000
17627,0.003890196,3.890196,1000
17628,0.001535991,1.535991,1000
17629,0.001074857,1.074857,1000
17630,0.001018402,1.018402,1000
17631,0.101423972,101.423972,1000
17632,0.000765438,0.765438,1000
17633,0.000531862,0.531862,1000
17634,0.000945365,0.945365,1000
17635,0.001014549,1.014549,1000
17636,0.040076257,40.076257,1000
17637,0.001011936,1.011936,1000
17638,0.00301987,3.01987,1000
17639,0.001147967,1.147967,1000
17640,0.001134919,1.134919,1000
17641,0.004011177,4.011177,1000
17642,0.000682385,0.682385,1000
17643,0.002572057,2.572057,1000
17644,0.001022568,1.022568,1000
17645,0.00083384,0.83384,1000
17646,0.000848371,0.848371,1000
17647,0.008806402,8.806402,1000
17648,0.000940349,0.940349,1000
17649,0.002979154,2.979154,1000
17650,0.000729812,0.729812,1000
17651,0.004879217,4.879217,1000
17652,0.000956457,0.956457,1000
17653,0.001011936,1.011936,1000
17654,0.001491503,1.491503,1000
17655,0.001011936,1.011936,1000
17656,0.00091024,0.91024,1000
17657,0.001707621,1.707621,1000
17658,0.001384881,1.384881,1000
17659,0.008042871,8.042871,1000
17660,0.001746026,1.746026,1000
17661,0.008985759,8.985759,1000
17662,0.001298649,1.298649,1000
17663,0.001033777,1.033777,1000
17664,0.000572329,0.572329,1000
17665,0.000937371,0.937371,1000
17666,0.001341559,1.341559,1000
17667,0.000783112,0.783112,1000
17668,0.001042957,1.042957,1000
17669,0.000825969,0.825969,1000
17670,0.001750714,1.750714,1000
17671,0.000641526,0.641526,1000
17672,0.001353196,1.353196,1000
17673,0.001523648,1.523648,1000
17674,0.002142464,2.142464,1000
17675,0.001525076,1.525076,1000
17676,0.003912102,3.912102,1000
17677,0.000736025,0.736025,1000
17678,0.001750714,1.750714,1000
17679,0.000666753,0.666753,1000
17680,0.000955035,0.955035,1000
17681,0.06457915,64.57915,1000
17682,0.000984404,0.984404,1000
17683,0.001749287,1.749287,1000
17684,0.00103168,1.03168,1000
17685,0.003303548,3.303548,1000
17686,0.000952235,0.952235,1000
17687,0.000797555,0.797555,1000
17688,0.001044721,1.044721,1000
17689,0.000851166,0.851166,1000
17690,0.000881173,0.881173,1000
17691,0.000612415,0.612415,1000
17692,0.000931291,0.931291,1000
17693,0.001062519,1.062519,1000
17694,0.00050851,0.50851,1000
17695,0.002498149,2.498149,1000
17696,0.001062569,1.062569,1000
17697,0.000668094,0.668094,1000
17698,0.004458805,4.458805,1000
17699,0.000783777,0.783777,1000
17700,0.000582199,0.582199,1000
17701,0.000662772,0.662772,1000
17702,0.004974005,4.974005,1000
17703,0.000762673,0.762673,1000
17704,0.00094247,0.94247,1000
17705,0.000899002,0.899002,1000
17706,0.000843672,0.843672,1000
17707,0.001522992,1.522992,1000
17708,0.000993186,0.993186,1000
17709,0.000748526,0.748526,1000
17710,0.016017024,16.017024,1000
17711,0.002758694,2.758694,1000
17712,0.003039745,3.039745,1000
17713,0.002776529,2.776529,1000
17714,0.000773005,0.773005,1000
17715,0.002930487,2.930487,1000
17716,0.000666338,0.666338,1000
17717,0.001052733,1.052733,1000
17718,0.000849015,0.849015,1000
17719,0.001382519,1.382519,1000
17720,0.000732785,0.732785,1000
17721,0.001154811,1.154811,1000
17722,0.001463767,1.463767,1000
17723,0.001592071,1.592071,1000
17724,0.007953181,7.953181,1000
17725,0.002750341,2.750341,1000
17726,0.000820235,0.820235,1000
17727,0.000510773,0.510773,1000
17728,0.040804661,40.804661,1000
17729,0.001150787,1.150787,1000
17730,0.000763407,0.763407,1000
17731,0.001177525,1.177525,1000
17732,0.001790341,1.790341,1000
17733,0.000955037,0.955037,1000
17734,0.001341053,1.341053,1000
17735,0.001713294,1.713294,1000
17736,0.000568219,0.568219,1000
17737,0.001185546,1.185546,1000
17738,0.000646145,0.646145,1000
17739,0.001612347,1.612347,1000
17740,0.0007967,0.7967,1000
17741,0.001006165,1.006165,1000
17742,0.000784826,0.784826,1000
17743,0.000823966,0.823966,1000
17744,0.001694545,1.694545,1000
17745,0.000964253,0.964253,1000
17746,0.003414534,3.414534,1000
17747,0.000853748,0.853748,1000
17748,0.001750714,1.750714,1000
17749,0.000620979,0.620979,1000
17750,0.000503575,0.503575,1000
17751,0.000881883,0.881883,1000
17752,0.000814039,0.814039,1000
17753,0.00070418,0.70418,1000
17754,0.001749287,1.749287,1000
17755,0.016597416,16.597416,1000
17756,0.000826986,0.826986,1000
17757,0.001205656,1.205656,1000
17758,0.001162075,1.162075,1000
17759,0.000857951,0.857951,1000
17760,0.001107875,1.107875,1000
17761,0.00153273,1.53273,1000
17762,0.000954951,0.954951,1000
17763,0.001612347,1.612347,1000
17764,0.000961277,0.961277,1000
17765,0.000693955,0.693955,1000
17766,0.0015091,1.5091,1000
17767,0.000927264,0.927264,1000
17768,0.001088693,1.088693,1000
17769,0.001871666,1.871666,1000
17770,0.00084884,0.84884,1000
17771,0.001073465,1.073465,1000
17772,0.000742378,0.742378,1000
17773,0.000919226,0.919226,1000
17774,0.000721804,0.721804,1000
17775,0.001483479,1.483479,1000
17776,0.00112361,1.12361,1000
17777,0.000718185,0.718185,1000
17778,0.000786863,0.786863,1000
17779,0.001331204,1.331204,1000
17780,0.001281388,1.281388,1000
17781,0.001134919,1.134919,1000
17782,0.000977131,0.977131,1000
17783,0.001134919,1.134919,1000
17784,0.000826304,0.826304,1000
17785,0.000916276,0.916276,1000
17786,0.002905156,2.905156,1000
17787,0.000278158,0.278158,1000
17788,0.000720289,0.720289,1000
17789,0.000761676,0.761676,1000
17790,0.001058363,1.058363,1000
17791,0.000524261,0.524261,1000
17792,0.002920989,2.920989,1000
17793,0.001116044,1.116044,1000
17794,0.000882552,0.882552,1000
17795,0.003087808,3.087808,1000
17796,0.000824509,0.824509,1000
17797,0.000599132,0.599132,1000
17798,0.00109,1.09,1000
17799,0.000924355,0.924355,1000
17800,0.000808305,0.808305,1000
17801,0.000509305,0.509305,1000
17802,0.000761721,0.761721,1000
17803,0.003088705,3.088705,1000
17804,0.000958416,0.958416,1000
17805,0.000860225,0.860225,1000
17806,0.000993112,0.993112,1000
17807,0.000870593,0.870593,1000
17808,0.000792552,0.792552,1000
17809,0.002380363,2.380363,1000
17810,0.0009201,0.9201,1000
17811,0.000793652,0.793652,1000
17812,0.001024488,1.024488,1000
17813,0.017524972,17.524972,1000
17814,0.002049508,2.049508,1000
17815,0.000307476,0.307476,1000
17816,0.000965307,0.965307,1000
17817,0.002510159,2.510159,1000
17818,0.000968008,0.968008,1000
17819,0.000845334,0.845334,1000
17820,0.000690311,0.690311,1000
17821,0.001022735,1.022735,1000
17822,0.021988092,21.988092,1000
17823,0.000937371,0.937371,1000
17824,0.000484711,0.484711,1000
17825,0.00081312,0.81312,1000
17826,0.000825966,0.825966,1000
17827,0.001225217,1.225217,1000
17828,0.001042957,1.042957,1000
17829,0.002177732,2.177732,1000
17830,0.001334072,1.334072,1000
17831,0.000783777,0.783777,1000
17832,0.001746026,1.746026,1000
17833,0.000840938,0.840938,1000
17834,0.001112336,1.112336,1000
17835,0.001057519,1.057519,1000
17836,0.001037038,1.037038,1000
17837,0.000879934,0.879934,1000
17838,0.007326257,7.326257,1000
17839,0.008588822,8.588822,1000
17840,0.000965055,0.965055,1000
17841,0.00081312,0.81312,1000
17842,0.00051461,0.51461,1000
17843,0.001224407,1.224407,1000
17844,0.000866221,0.866221,1000
17845,0.001042957,1.042957,1000
17846,0.001354623,1.354623,1000
17847,0.00042828,0.42828,1000
17848,0.00123785,1.23785,1000
17849,0.000786054,0.786054,1000
17850,0.00086995,0.86995,1000
17851,0.001746026,1.746026,1000
17852,0.002427164,2.427164,1000
17853,0.000549326,0.549326,1000
17854,0.000642693,0.642693,1000
17855,0.000389982,0.389982,1000
17856,0.000982522,0.982522,1000
17857,0.000644517,0.644517,1000
17858,0.000783777,0.783777,1000
17859,0.00272733,2.72733,1000
17860,0.00090647,0.90647,1000
17861,0.000825966,0.825966,1000
17862,0.000954719,0.954719,1000
17863,0.005354638,5.354638,1000
17864,0.001294101,1.294101,1000
17865,0.000936399,0.936399,1000
17866,0.001042957,1.042957,1000
17867,0.001661115,1.661115,1000
17868,0.000896498,0.896498,1000
17869,0.000952536,0.952536,1000
17870,0.002705474,2.705474,1000
17871,0.000701867,0.701867,1000
17872,0.000825154,0.825154,1000
17873,0.00104294,1.04294,1000
17874,0.001337967,1.337967,1000
17875,0.00124978,1.24978,1000
17876,0.001290576,1.290576,1000
17877,0.000679805,0.679805,1000
17878,0.000601569,0.601569,1000
17879,0.000538919,0.538919,1000
17880,0.001585913,1.585913,1000
17881,0.001152443,1.152443,1000
17882,0.001077165,1.077165,1000
17883,0.00067198,0.67198,1000
17884,0.00066473,0.66473,1000
17885,0.001356538,1.356538,1000
17886,0.00050392,0.50392,1000
17887,0.000641681,0.641681,1000
17888,0.000724007,0.724007,1000
17889,0.000783777,0.783777,1000
17890,0.00114796,1.14796,1000
17891,0.00105043,1.05043,1000
17892,0.000580469,0.580469,1000
17893,0.063715759,63.715759,1000
17894,0.001156599,1.156599,1000
17895,0.001222923,1.222923,1000
17896,0.000631054,0.631054,1000
17897,0.000840623,0.840623,1000
17898,0.001006227,1.006227,1000
17899,0.001182436,1.182436,1000
17900,0.000922584,0.922584,1000
17901,0.001062519,1.062519,1000
17902,0.00123555,1.23555,1000
17903,0.00077926,0.77926,1000
17904,0.001575796,1.575796,1000
17905,0.002932271,2.932271,1000
17906,0.003348294,3.348294,1000
17907,0.001190254,1.190254,1000
17908,0.000645405,0.645405,1000
17909,0.000676783,0.676783,1000
17910,0.001068513,1.068513,1000
17911,0.001339507,1.339507,1000
17912,0.020578147,20.578147,1000
17913,0.000561609,0.561609,1000
17914,0.001011936,1.011936,1000
17915,0.108931642,108.931642,1000
17916,0.000917366,0.917366,1000
17917,0.000926665,0.926665,1000
17918,0.001062519,1.062519,1000
17919,0.001203225,1.203225,1000
17920,0.001094761,1.094761,1000
17921,0.000778827,0.778827,1000
17922,0.00426277,4.26277,1000
17923,0.000802371,0.802371,1000
17924,0.000713695,0.713695,1000
17925,0.000493262,0.493262,1000
17926,0.052965711,52.965711,1000
17927,0.000825514,0.825514,1000
17928,0.000910988,0.910988,1000
17929,0.025317565,25.317565,1000
17930,0.000660631,0.660631,1000
17931,0.000586937,0.586937,1000
17932,0.006354502,6.354502,1000
17933,0.00104294,1.04294,1000
17934,0.000755206,0.755206,1000
17935,0.00159217,1.59217,1000
17936,0.001059914,1.059914,1000
17937,0.002309789,2.309789,1000
17938,0.001164932,1.164932,1000
17939,0.000950081,0.950081,1000
17940,0.00090345,0.90345,1000
17941,0.000563114,0.563114,1000
17942,0.000759723,0.759723,1000
17943,0.000865378,0.865378,1000
17944,0.000801922,0.801922,1000
17945,0.00104294,1.04294,1000
17946,0.000793707,0.793707,1000
17947,0.001322564,1.322564,1000
17948,0.000805312,0.805312,1000
17949,0.008806402,8.806402,1000
17950,0.001099775,1.099775,1000
17951,0.004205988,4.205988,1000
17952,0.001739338,1.739338,1000
17953,0.001104592,1.104592,1000
17954,0.001046499,1.046499,1000
17955,0.000656799,0.656799,1000
17956,0.003632053,3.632053,1000
17957,0.003213098,3.213098,1000
17958,0.001134919,1.134919,1000
17959,0.010888554,10.888554,1000
17960,0.000630417,0.630417,1000
17961,0.000955076,0.955076,1000
17962,0.001519731,1.519731,1000
17963,0.000898222,0.898222,1000
17964,0.001779051,1.779051,1000
17965,0.001084524,1.084524,1000
17966,0.000771764,0.771764,1000
17967,0.000494197,0.494197,1000
17968,0.001746026,1.746026,1000
17969,0.001715861,1.715861,1000
17970,0.000882596,0.882596,1000
17971,0.000637098,0.637098,1000
17972,0.00070173,0.70173,1000
17973,0.017892047,17.892047,1000
17974,0.000744985,0.744985,1000
17975,0.007706866,7.706866,1000
17976,0.000933551,0.933551,1000
17977,0.001746026,1.746026,1000
17978,0.001750714,1.750714,1000
17979,0.001621692,1.621692,1000
17980,0.000500361,0.500361,1000
17981,0.014197588,14.197588,1000
17982,0.001043007,1.043007,1000
17983,0.004628405,4.628405,1000
17984,0.007939379,7.939379,1000
17985,0.060131556,60.131556,1000
17986,0.001042957,1.042957,1000
17987,0.001998799,1.998799,1000
17988,0.00842054,8.42054,1000
17989,0.001206575,1.206575,1000
17990,0.010897594,10.897594,1000
17991,0.00112596,1.12596,1000
17992,0.00082275,0.82275,1000
17993,0.001084764,1.084764,1000
17994,0.044602575,44.602575,1000
17995,0.000877668,0.877668,1000
17996,0.000688823,0.688823,1000
17997,0.00097012,0.97012,1000
17998,0.001749287,1.749287,1000
17999,0.001233445,1.233445,1000
18000,0.00143293,1.43293,1000
18001,0.001642831,1.642831,1000
18002,0.000711026,0.711026,1000
18003,0.000948554,0.948554,1000
18004,0.040804492,40.804492,1000
18005,0.001134352,1.134352,1000
18006,0.000651623,0.651623,1000
18007,0.000581849,0.581849,1000
18008,0.000984683,0.984683,1000
18009,0.000720082,0.720082,1000
18010,0.000722449,0.722449,1000
18011,0.000834884,0.834884,1000
18012,0.000733075,0.733075,1000
18013,0.000716933,0.716933,1000
18014,0.000724754,0.724754,1000
18015,0.000818662,0.818662,1000
18016,0.00174226,1.74226,1000
18017,0.000791439,0.791439,1000
18018,0.004287037,4.287037,1000
18019,0.000730512,0.730512,1000
18020,0.003155045,3.155045,1000
18021,0.000953545,0.953545,1000
18022,0.000725273,0.725273,1000
18023,0.004888942,4.888942,1000
18024,0.005990222,5.990222,1000
18025,0.001283824,1.283824,1000
18026,0.000557318,0.557318,1000
18027,0.000993186,0.993186,1000
18028,0.001062793,1.062793,1000
18029,0.005815559,5.815559,1000
18030,0.004840741,4.840741,1000
18031,0.001447426,1.447426,1000
18032,0.001241091,1.241091,1000
18033,0.000910517,0.910517,1000
18034,0.000527808,0.527808,1000
18035,0.000742142,0.742142,1000
18036,0.000855746,0.855746,1000
18037,0.03871254,38.71254,1000
18038,0.007537723,7.537723,1000
18039,0.000628975,0.628975,1000
18040,0.001446869,1.446869,1000
18041,0.003218742,3.218742,1000
18042,0.000643759,0.643759,1000
18043,0.000658122,0.658122,1000
18044,0.000774423,0.774423,1000
18045,0.000978076,0.978076,1000
18046,0.001147901,1.147901,1000
18047,0.001205656,1.205656,1000
18048,0.000800027,0.800027,1000
18049,0.001367726,1.367726,1000
18050,0.001749287,1.749287,1000
18051,0.000711519,0.711519,1000
18052,0.002996235,2.996235,1000
18053,0.001181177,1.181177,1000
18054,0.000903845,0.903845,1000
18055,0.001151318,1.151318,1000
18056,0.001104592,1.104592,1000
18057,0.00089717,0.89717,1000
18058,0.001140384,1.140384,1000
18059,0.023142685,23.142685,1000
18060,0.000668469,0.668469,1000
18061,0.000593525,0.593525,1000
18062,0.001018717,1.018717,1000
18063,0.001042288,1.042288,1000
18064,0.001523648,1.523648,1000
18065,0.003468055,3.468055,1000
18066,0.001158517,1.158517,1000
18067,0.00994528,9.94528,1000
18068,0.00288702,2.88702,1000
18069,0.000565023,0.565023,1000
18070,0.001176264,1.176264,1000
18071,0.000812855,0.812855,1000
18072,0.000611023,0.611023,1000
18073,0.001134926,1.134926,1000
18074,0.000457609,0.457609,1000
18075,0.000935513,0.935513,1000
18076,0.000621623,0.621623,1000
18077,0.000746128,0.746128,1000
18078,0.000362952,0.362952,1000
18079,0.026845448,26.845448,1000
18080,0.016874846,16.874846,1000
18081,0.017532123,17.532123,1000
18082,0.000923151,0.923151,1000
18083,0.001062502,1.062502,1000
18084,0.001108214,1.108214,1000
18085,0.000565918,0.565918,1000
18086,0.001044711,1.044711,1000
18087,0.008097718,8.097718,1000
18088,0.002964393,2.964393,1000
18089,0.001148005,1.148005,1000
18090,0.000610784,0.610784,1000
18091,0.001232699,1.232699,1000
18092,0.000678822,0.678822,1000
18093,0.000823569,0.823569,1000
18094,0.000853775,0.853775,1000
18095,0.00126384,1.26384,1000
18096,0.000999266,0.999266,1000
18097,0.000623958,0.623958,1000
18098,0.06457915,64.57915,1000
18099,0.001271787,1.271787,1000
18100,0.00561866,5.61866,1000
18101,0.000936054,0.936054,1000
18102,0.001372139,1.372139,1000
18103,0.000502176,0.502176,1000
18104,0.002062403,2.062403,1000
18105,0.001134919,1.134919,1000
18106,0.000973905,0.973905,1000
18107,0.002702759,2.702759,1000
18108,0.001006227,1.006227,1000
18109,0.001104592,1.104592,1000
18110,0.003131176,3.131176,1000
18111,0.001039008,1.039008,1000
18112,0.000438816,0.438816,1000
18113,0.003709637,3.709637,1000
18114,0.000761674,0.761674,1000
18115,0.001134919,1.134919,1000
18116,0.00081312,0.81312,1000
18117,0.001008696,1.008696,1000
18118,0.000656995,0.656995,1000
18119,0.001573824,1.573824,1000
18120,0.000713008,0.713008,1000
18121,0.000608488,0.608488,1000
18122,0.000780655,0.780655,1000
18123,0.00090841,0.90841,1000
18124,0.001115306,1.115306,1000
18125,0.001042957,1.042957,1000
18126,0.00081312,0.81312,1000
18127,0.00104294,1.04294,1000
18128,0.005278052,5.278052,1000
18129,0.000516453,0.516453,1000
18130,0.000561195,0.561195,1000
18131,0.001376162,1.376162,1000
18132,0.000887615,0.887615,1000
18133,0.001197055,1.197055,1000
18134,0.003298438,3.298438,1000
18135,0.000884,0.884,1000
18136,0.000886262,0.886262,1000
18137,0.001763447,1.763447,1000
18138,0.000747034,0.747034,1000
18139,0.00149799,1.49799,1000
18140,0.001071083,1.071083,1000
18141,0.000282646,0.282646,1000
18142,0.001325213,1.325213,1000
18143,0.001825149,1.825149,1000
18144,0.00101932,1.01932,1000
18145,0.001062519,1.062519,1000
18146,0.00350392,3.50392,1000
18147,0.000808977,0.808977,1000
18148,0.00174357,1.74357,1000
18149,0.000294458,0.294458,1000
18150,0.001273847,1.273847,1000
18151,0.001071083,1.071083,1000
18152,0.001096676,1.096676,1000
18153,0.000935895,0.935895,1000
18154,0.001999362,1.999362,1000
18155,0.000783777,0.783777,1000
18156,0.000700076,0.700076,1000
18157,0.001081154,1.081154,1000
18158,0.000650337,0.650337,1000
18159,0.571535671,571.535671,1000
18160,0.0014122,1.4122,1000
18161,0.011393535,11.393535,1000
18162,0.003086228,3.086228,1000
18163,0.000595581,0.595581,1000
18164,0.001167086,1.167086,1000
18165,0.002890622,2.890622,1000
18166,0.000733933,0.733933,1000
18167,0.000970531,0.970531,1000
18168,0.000870675,0.870675,1000
18169,0.001154689,1.154689,1000
18170,0.000750238,0.750238,1000
18171,0.001456359,1.456359,1000
18172,0.000800648,0.800648,1000
18173,0.004454489,4.454489,1000
18174,0.000956262,0.956262,1000
18175,0.000911085,0.911085,1000
18176,0.000785447,0.785447,1000
18177,0.000814011,0.814011,1000
18178,0.000953545,0.953545,1000
18179,0.001560169,1.560169,1000
18180,0.001749287,1.749287,1000
18181,0.000690159,0.690159,1000
18182,0.000695106,0.695106,1000
18183,0.004916485,4.916485,1000
18184,0.003303548,3.303548,1000
18185,0.000911282,0.911282,1000
18186,0.000825966,0.825966,1000
18187,0.001149375,1.149375,1000
18188,0.006011679,6.011679,1000
18189,0.001042957,1.042957,1000
18190,0.000543649,0.543649,1000
18191,0.00064322,0.64322,1000
18192,0.000792759,0.792759,1000
18193,0.001382519,1.382519,1000
18194,0.001555514,1.555514,1000
18195,0.000634981,0.634981,1000
18196,0.001058751,1.058751,1000
18197,0.000831523,0.831523,1000
18198,0.001008441,1.008441,1000
18199,0.001339782,1.339782,1000
18200,0.000331454,0.331454,1000
18201,0.002820396,2.820396,1000
18202,0.000783777,0.783777,1000
18203,0.001001481,1.001481,1000
18204,0.000988925,0.988925,1000
18205,0.04140096,41.40096,1000
18206,0.002029631,2.029631,1000
18207,0.001749287,1.749287,1000
18209,0.001817762,1.817762,1000
18210,0.001140909,1.140909,1000
18211,0.001071066,1.071066,1000
18212,0.014638511,14.638511,1000
18213,0.00094938,0.94938,1000
18214,0.002743355,2.743355,1000
18215,0.001278105,1.278105,1000
18216,0.000965085,0.965085,1000
18217,0.001821889,1.821889,1000
18218,0.001071083,1.071083,1000
18219,0.001796623,1.796623,1000
18220,0.002888036,2.888036,1000
18221,0.00104294,1.04294,1000
18222,0.001238259,1.238259,1000
18223,0.000898063,0.898063,1000
18224,0.001691201,1.691201,1000
18225,0.02199592,21.99592,1000
18226,0.00089025,0.89025,1000
18227,0.000646712,0.646712,1000
18228,0.001108214,1.108214,1000
18229,0.00103168,1.03168,1000
18230,0.00789831,7.89831,1000
18231,0.001151,1.151,1000
18232,0.003932521,3.932521,1000
18233,0.003000348,3.000348,1000
18234,0.000784561,0.784561,1000
18235,0.008151606,8.151606,1000
18236,0.000993186,0.993186,1000
18237,0.000825966,0.825966,1000
18238,0.002628152,2.628152,1000
18239,0.000854512,0.854512,1000
18240,0.000719063,0.719063,1000
18241,0.000935581,0.935581,1000
18242,0.001495344,1.495344,1000
18243,0.000734817,0.734817,1000
18244,0.00152736,1.52736,1000
18245,0.000676329,0.676329,1000
18246,0.003278238,3.278238,1000
18247,0.016072608,16.072608,1000
18248,0.000301158,0.301158,1000
18249,0.000611589,0.611589,1000
18250,0.000919306,0.919306,1000
18251,0.001043798,1.043798,1000
18252,0.001275338,1.275338,1000
18253,0.003329541,3.329541,1000
18254,0.000707067,0.707067,1000
18255,0.000619727,0.619727,1000
18256,0.000707067,0.707067,1000
18257,0.001042979,1.042979,1000
18258,0.000538813,0.538813,1000
18259,0.000850188,0.850188,1000
18260,0.000532817,0.532817,1000
18261,0.000729468,0.729468,1000
18262,0.000796757,0.796757,1000
18263,0.001242608,1.242608,1000
18264,0.002705474,2.705474,1000
18265,0.000889399,0.889399,1000
18266,0.000953485,0.953485,1000
18267,0.001134919,1.134919,1000
18268,0.000750649,0.750649,1000
18269,0.000509705,0.509705,1000
18270,0.000747192,0.747192,1000
18271,0.000977975,0.977975,1000
18272,0.001520388,1.520388,1000
18273,0.001520493,1.520493,1000
18274,0.0015756,1.5756,1000
18275,0.595283003,595.283003,1000
18276,0.000797726,0.797726,1000
18277,0.056308077,56.308077,1000
18278,0.001749287,1.749287,1000
18279,0.001255473,1.255473,1000
18280,0.000516371,0.516371,1000
18281,0.002790169,2.790169,1000
18282,0.002988396,2.988396,1000
18283,0.001551483,1.551483,1000
18284,0.000758029,0.758029,1000
18285,0.000726009,0.726009,1000
18286,0.00544176,5.44176,1000
18287,0.00245675,2.45675,1000
18288,0.00061196,0.61196,1000
18289,0.000715254,0.715254,1000
18290,0.001292866,1.292866,1000
18291,0.001085294,1.085294,1000
18292,0.000801248,0.801248,1000
18293,0.001081154,1.081154,1000
18294,0.002839011,2.839011,1000
18295,0.000455066,0.455066,1000
18296,0.00080494,0.80494,1000
18297,0.000954263,0.954263,1000
18298,0.0010644,1.0644,1000
18299,0.001610926,1.610926,1000
18300,0.001071133,1.071133,1000
18301,0.000864158,0.864158,1000
18302,0.000658122,0.658122,1000
18303,0.001118607,1.118607,1000
18304,0.001166589,1.166589,1000
18305,0.001355655,1.355655,1000
18306,0.00095669,0.95669,1000
18307,0.001019478,1.019478,1000
18308,0.001031114,1.031114,1000
18309,0.001456359,1.456359,1000
18310,0.001018268,1.018268,1000
18311,0.001150787,1.150787,1000
18312,0.000612339,0.612339,1000
18313,0.00081312,0.81312,1000
18314,0.000441061,0.441061,1000
18315,0.000648801,0.648801,1000
18316,0.000608564,0.608564,1000
18317,0.001368535,1.368535,1000
18318,0.000430953,0.430953,1000
18319,0.001013117,1.013117,1000
18320,0.00081312,0.81312,1000
18321,0.001153677,1.153677,1000
18322,0.00097808,0.97808,1000
18323,0.001080336,1.080336,1000
18324,0.001750714,1.750714,1000
18325,0.000562876,0.562876,1000
18326,0.001523648,1.523648,1000
18327,0.008765426,8.765426,1000
18328,0.000581421,0.581421,1000
18329,0.001071066,1.071066,1000
18330,0.000511909,0.511909,1000
18331,0.000553487,0.553487,1000
18332,0.001042979,1.042979,1000
18333,0.002113411,2.113411,1000
18334,0.001006165,1.006165,1000
18335,0.000794007,0.794007,1000
18336,0.001523753,1.523753,1000
18337,0.003816208,3.816208,1000
18338,0.006322194,6.322194,1000
18339,0.001526995,1.526995,1000
18340,0.000435185,0.435185,1000
18341,0.001523648,1.523648,1000
18342,0.000825966,0.825966,1000
18343,0.001346414,1.346414,1000
18344,0.00104294,1.04294,1000
18345,0.001110466,1.110466,1000
18346,0.001609087,1.609087,1000
18347,0.00112596,1.12596,1000
18348,0.001043045,1.043045,1000
18349,0.00091218,0.91218,1000
18350,0.000783777,0.783777,1000
18351,0.008693957,8.693957,1000
18352,0.000733519,0.733519,1000
18353,0.000953545,0.953545,1000
18354,0.000546658,0.546658,1000
18355,0.000768744,0.768744,1000
18356,0.000408339,0.408339,1000
18357,0.001171798,1.171798,1000
18358,0.000834642,0.834642,1000
18359,0.000861397,0.861397,1000
18360,0.000851324,0.851324,1000
18361,0.001746026,1.746026,1000
18362,0.000788127,0.788127,1000
18363,0.0004527,0.4527,1000
18364,0.000967994,0.967994,1000
18365,0.001102626,1.102626,1000
18366,0.001639571,1.639571,1000
18367,0.000920698,0.920698,1000
18368,0.001520662,1.520662,1000
18369,0.001523648,1.523648,1000
18370,0.002896669,2.896669,1000
18371,0.007402043,7.402043,1000
18372,0.001327025,1.327025,1000
18373,0.001064778,1.064778,1000
18374,0.001482218,1.482218,1000
18375,0.001746026,1.746026,1000
18376,0.030505253,30.505253,1000
18377,0.011314065,11.314065,1000
18378,0.001453099,1.453099,1000
18379,0.00154718,1.54718,1000
18380,0.000623716,0.623716,1000
18381,0.001165501,1.165501,1000
18382,0.000620013,0.620013,1000
18383,0.000892065,0.892065,1000
18384,0.001047279,1.047279,1000
18385,0.001042212,1.042212,1000
18386,0.001011936,1.011936,1000
18387,0.001191676,1.191676,1000
18388,0.001713139,1.713139,1000
18389,0.003194543,3.194543,1000
18390,0.064580577,64.580577,1000
18391,0.001821889,1.821889,1000
18392,0.000813367,0.813367,1000
18393,0.001279105,1.279105,1000
18394,0.001094892,1.094892,1000
18395,0.000963197,0.963197,1000
18396,0.001453666,1.453666,1000
18397,0.001130222,1.130222,1000
18398,0.001062519,1.062519,1000
18399,0.000674446,0.674446,1000
18400,0.001996847,1.996847,1000
18401,0.001044721,1.044721,1000
18402,0.001029247,1.029247,1000
18403,0.00081312,0.81312,1000
18404,0.122881987,122.881987,1000
18405,0.075531694,75.531694,1000
18406,0.000618338,0.618338,1000
18407,0.001132873,1.132873,1000
18408,0.000825234,0.825234,1000
18409,0.000783777,0.783777,1000
18410,0.000377834,0.377834,1000
18411,0.000717889,0.717889,1000
18412,0.000712019,0.712019,1000
18413,0.001450431,1.450431,1000
18414,0.000659955,0.659955,1000
18415,0.000963771,0.963771,1000
18416,0.001746026,1.746026,1000
18417,0.001749287,1.749287,1000
18418,0.000800882,0.800882,1000
18419,0.001104875,1.104875,1000
18420,0.013386175,13.386175,1000
18421,0.001098609,1.098609,1000
18422,0.001062519,1.062519,1000
18423,0.00070219,0.70219,1000
18424,0.001143068,1.143068,1000
18425,0.000762573,0.762573,1000
18426,0.00055798,0.55798,1000
18427,0.001281787,1.281787,1000
18428,0.003206476,3.206476,1000
18429,0.000859882,0.859882,1000
18430,0.001597587,1.597587,1000
18431,0.001239007,1.239007,1000
18432,0.001032357,1.032357,1000
18433,0.045963909,45.963909,1000
18434,0.001746026,1.746026,1000
18435,0.001720278,1.720278,1000
18436,0.000638172,0.638172,1000
18437,0.000921744,0.921744,1000
18438,0.000761674,0.761674,1000
18439,0.000913428,0.913428,1000
18440,0.006613147,6.613147,1000
18441,0.000916313,0.916313,1000
18442,0.001322564,1.322564,1000
18443,0.001115471,1.115471,1000
18444,0.001501935,1.501935,1000
18445,0.014668396,14.668396,1000
18446,0.001750714,1.750714,1000
18447,0.000832457,0.832457,1000
18448,0.00111491,1.11491,1000
18449,0.001030312,1.030312,1000
18450,0.003983781,3.983781,1000
18451,0.00078378,0.78378,1000
18452,0.001030243,1.030243,1000
18453,0.000825966,0.825966,1000
18454,0.001288525,1.288525,1000
18455,0.001498364,1.498364,1000
18456,0.008386814,8.386814,1000
18457,0.005715103,5.715103,1000
18458,0.003278643,3.278643,1000
18459,0.000948554,0.948554,1000
18460,0.001608896,1.608896,1000
18461,0.000765056,0.765056,1000
18462,0.001388268,1.388268,1000
18463,0.001612347,1.612347,1000
18464,0.000720717,0.720717,1000
18465,0.000868532,0.868532,1000
18466,0.001006227,1.006227,1000
18467,0.03175674,31.75674,1000
18468,0.000724768,0.724768,1000
18469,0.000493879,0.493879,1000
18470,0.003053593,3.053593,1000
18471,0.001038794,1.038794,1000
18472,0.000684458,0.684458,1000
18473,0.001385415,1.385415,1000
18474,0.000729924,0.729924,1000
18475,0.000818958,0.818958,1000
18476,0.002863168,2.863168,1000
18477,0.000491181,0.491181,1000
18478,0.001480195,1.480195,1000
18479,0.000940778,0.940778,1000
18480,0.00112596,1.12596,1000
18481,0.000888321,0.888321,1000
18482,0.000852548,0.852548,1000
18483,0.00086226,0.86226,1000
18484,0.000966458,0.966458,1000
18485,0.001523885,1.523885,1000
18486,0.001480218,1.480218,1000
18487,0.002783988,2.783988,1000
18488,0.00104294,1.04294,1000
18489,0.001597145,1.597145,1000
18490,0.000731395,0.731395,1000
18491,0.001022684,1.022684,1000
18492,0.001291291,1.291291,1000
18493,0.001330889,1.330889,1000
18494,0.000963771,0.963771,1000
18495,0.000749509,0.749509,1000
18496,0.000787581,0.787581,1000
18497,0.001103148,1.103148,1000
18498,0.001264347,1.264347,1000
18499,0.001006227,1.006227,1000
18500,0.000900724,0.900724,1000
18501,0.001706927,1.706927,1000
18502,0.001557963,1.557963,1000
18503,0.000861772,0.861772,1000
18504,0.000681027,0.681027,1000
18505,0.001483455,1.483455,1000
18506,0.008326164,8.326164,1000
18507,0.004622471,4.622471,1000
18508,0.003319039,3.319039,1000
18509,0.000954989,0.954989,1000
18510,0.000780401,0.780401,1000
18511,0.001503783,1.503783,1000
18512,0.056494377,56.494377,1000
18513,0.00803542,8.03542,1000
18514,0.00309629,3.09629,1000
18515,0.003237476,3.237476,1000
18516,0.006775113,6.775113,1000
18517,0.004042854,4.042854,1000
18518,0.013042914,13.042914,1000
18519,0.002772902,2.772902,1000
18520,0.007057091,7.057091,1000
18521,0.002738975,2.738975,1000
18522,0.003341701,3.341701,1000
18523,0.003106313,3.106313,1000
18524,0.00090019,0.90019,1000
18525,0.001439695,1.439695,1000
18526,0.000835882,0.835882,1000
18527,0.000431662,0.431662,1000
18528,0.000864167,0.864167,1000
18529,0.00072087,0.72087,1000
18530,0.000438895,0.438895,1000
18531,0.000810453,0.810453,1000
18532,0.001134926,1.134926,1000
18533,0.001195723,1.195723,1000
18534,0.000813849,0.813849,1000
18535,0.00088776,0.88776,1000
18536,0.004608725,4.608725,1000
18537,0.011470453,11.470453,1000
18538,0.001284055,1.284055,1000
18540,0.000959511,0.959511,1000
18541,0.001826577,1.826577,1000
18542,0.000608308,0.608308,1000
18543,0.001042817,1.042817,1000
18544,0.000891421,0.891421,1000
18545,0.001220797,1.220797,1000
18546,0.000825969,0.825969,1000
18547,0.000923586,0.923586,1000
18548,0.00097808,0.97808,1000
18549,0.000724708,0.724708,1000
18550,0.000622495,0.622495,1000
18551,0.001042288,1.042288,1000
18552,0.000896154,0.896154,1000
18553,0.000951941,0.951941,1000
18554,0.001304864,1.304864,1000
18555,0.001301965,1.301965,1000
18556,0.000729071,0.729071,1000
18557,0.000694664,0.694664,1000
18558,0.000644085,0.644085,1000
18559,0.000773792,0.773792,1000
18560,0.007303855,7.303855,1000
18561,0.000896731,0.896731,1000
18562,0.000825966,0.825966,1000
18563,0.001011936,1.011936,1000
18564,0.00082575,0.82575,1000
18565,0.000627754,0.627754,1000
18566,0.001717421,1.717421,1000
18567,0.00115367,1.15367,1000
18568,0.001225184,1.225184,1000
18569,0.002704047,2.704047,1000
18570,0.001434173,1.434173,1000
18571,0.001738919,1.738919,1000
18572,0.00065886,0.65886,1000
18573,0.001967429,1.967429,1000
18574,0.001048602,1.048602,1000
18575,0.000980683,0.980683,1000
18576,0.025570737,25.570737,1000
18577,0.000820668,0.820668,1000
18578,0.000748505,0.748505,1000
18579,0.001746026,1.746026,1000
18580,0.001044721,1.044721,1000
18581,0.001749287,1.749287,1000
18582,0.000858852,0.858852,1000
18583,0.001044721,1.044721,1000
18584,0.001750714,1.750714,1000
18585,0.000450178,0.450178,1000
18586,0.001381315,1.381315,1000
18587,0.00103168,1.03168,1000
18588,0.000815525,0.815525,1000
18589,0.025655037,25.655037,1000
18590,0.020196256,20.196256,1000
18591,0.001171504,1.171504,1000
18592,0.000995922,0.995922,1000
18593,0.000514573,0.514573,1000
18594,0.001191341,1.191341,1000
18595,0.000708661,0.708661,1000
18596,0.00096902,0.96902,1000
18597,0.002169437,2.169437,1000
18598,0.001292415,1.292415,1000
18599,0.000854103,0.854103,1000
18600,0.001045849,1.045849,1000
18601,0.000934193,0.934193,1000
18602,0.001520493,1.520493,1000
18603,0.003138779,3.138779,1000
18604,0.000696779,0.696779,1000
18605,0.00182706,1.82706,1000
18606,0.000589145,0.589145,1000
18607,0.000818998,0.818998,1000
18608,0.004175683,4.175683,1000
18609,0.000872401,0.872401,1000
18610,0.003540104,3.540104,1000
18611,0.006269012,6.269012,1000
18612,0.00736664,7.36664,1000
18613,0.000878428,0.878428,1000
18614,0.00082031,0.82031,1000
18615,0.000845825,0.845825,1000
18616,0.001409117,1.409117,1000
18617,0.000951052,0.951052,1000
18618,0.005437433,5.437433,1000
18619,0.000818976,0.818976,1000
18620,0.000784661,0.784661,1000
18621,0.001270917,1.270917,1000
18622,0.001150268,1.150268,1000
18623,0.001194978,1.194978,1000
18624,0.000971256,0.971256,1000
18625,0.000602348,0.602348,1000
18626,0.001164482,1.164482,1000
18627,0.001505839,1.505839,1000
18628,0.001456359,1.456359,1000
18629,0.006562313,6.562313,1000
18630,0.001746026,1.746026,1000
18631,0.001062846,1.062846,1000
18633,0.000631119,0.631119,1000
18634,0.001425699,1.425699,1000
18635,0.00100217,1.00217,1000
18636,0.001157719,1.157719,1000
18637,0.000783777,0.783777,1000
18638,0.004004764,4.004764,1000
18639,0.001071105,1.071105,1000
18640,0.000875824,0.875824,1000
18641,0.000627188,0.627188,1000
18642,0.000732221,0.732221,1000
18643,0.009131914,9.131914,1000
18644,0.000515086,0.515086,1000
18645,0.000686521,0.686521,1000
18646,0.002144154,2.144154,1000
18647,0.000656762,0.656762,1000
18648,0.008464887,8.464887,1000
18649,0.001174441,1.174441,1000
18650,0.000627483,0.627483,1000
18651,0.000554983,0.554983,1000
18652,0.002064619,2.064619,1000
18653,0.001196179,1.196179,1000
18654,0.001071083,1.071083,1000
18655,0.000649093,0.649093,1000
18656,0.000361483,0.361483,1000
18657,0.002654417,2.654417,1000
18658,0.001062379,1.062379,1000
18659,0.000678929,0.678929,1000
18660,0.009875378,9.875378,1000
18661,0.000677744,0.677744,1000
18662,0.001220103,1.220103,1000
18663,0.000461003,0.461003,1000
18664,0.001107504,1.107504,1000
18665,0.00114796,1.14796,1000
18666,0.026637403,26.637403,1000
18667,0.026872426,26.872426,1000
18668,0.000630134,0.630134,1000
18669,0.000697567,0.697567,1000
18670,0.005805759,5.805759,1000
18671,0.000963771,0.963771,1000
18672,0.000976813,0.976813,1000
18673,0.001045742,1.045742,1000
18674,0.000850468,0.850468,1000
18675,0.000677309,0.677309,1000
18676,0.000763277,0.763277,1000
18677,0.00081312,0.81312,1000
18678,0.001327025,1.327025,1000
18679,0.000982333,0.982333,1000
18680,0.001463008,1.463008,1000
18681,0.001153677,1.153677,1000
18682,0.001435582,1.435582,1000
18683,0.001375413,1.375413,1000
18684,0.000823681,0.823681,1000
18685,0.000704706,0.704706,1000
18686,0.040161971,40.161971,1000
18687,0.001129431,1.129431,1000
18688,0.000528744,0.528744,1000
18689,0.000809217,0.809217,1000
18690,0.002924985,2.924985,1000
18691,0.000687654,0.687654,1000
18692,0.000992899,0.992899,1000
18693,0.000954544,0.954544,1000
18694,0.001006227,1.006227,1000
18695,0.000783777,0.783777,1000
18696,0.001462746,1.462746,1000
18697,0.000792631,0.792631,1000
18698,0.000812392,0.812392,1000
18699,0.001007967,1.007967,1000
18700,0.001746026,1.746026,1000
18701,0.000575018,0.575018,1000
18702,0.000825966,0.825966,1000
18703,0.001071083,1.071083,1000
18704,0.000849518,0.849518,1000
18705,0.001417541,1.417541,1000
18706,0.001453223,1.453223,1000
18707,0.001085733,1.085733,1000
18708,0.040206499,40.206499,1000
18709,0.000877467,0.877467,1000
18710,0.000976817,0.976817,1000
18711,0.000839431,0.839431,1000
18712,0.015856928,15.856928,1000
18713,0.000445918,0.445918,1000
18714,0.001564471,1.564471,1000
18715,0.000658603,0.658603,1000
18716,0.000825969,0.825969,1000
18717,0.000485798,0.485798,1000
18718,0.001204583,1.204583,1000
18719,0.000947852,0.947852,1000
18720,0.001042957,1.042957,1000
18721,0.001288664,1.288664,1000
18722,0.004006489,4.006489,1000
18723,0.001750714,1.750714,1000
18724,0.002410531,2.410531,1000
18725,0.001507006,1.507006,1000
18726,0.000977131,0.977131,1000
18727,0.000795369,0.795369,1000
18728,0.00265,2.65,1000
18729,0.005689462,5.689462,1000
18730,0.000934599,0.934599,1000
18731,0.000741936,0.741936,1000
18732,0.001897267,1.897267,1000
18733,0.000617484,0.617484,1000
18734,0.001006227,1.006227,1000
18735,0.000896154,0.896154,1000
18736,0.000842739,0.842739,1000
18737,0.000785563,0.785563,1000
18738,0.000646959,0.646959,1000
18739,0.00098654,0.98654,1000
18740,0.001352029,1.352029,1000
18741,0.0014115,1.4115,1000
18742,0.001165632,1.165632,1000
18743,0.000693929,0.693929,1000
18744,0.001483479,1.483479,1000
18745,0.000575678,0.575678,1000
18746,0.001016392,1.016392,1000
18747,0.000552932,0.552932,1000
18748,0.001062502,1.062502,1000
18749,0.000706086,0.706086,1000
18750,0.000771344,0.771344,1000
18751,0.002285608,2.285608,1000
18752,0.000762967,0.762967,1000
18753,0.001520686,1.520686,1000
18754,0.001062657,1.062657,1000
18755,0.001197812,1.197812,1000
18756,0.001139436,1.139436,1000
18757,0.001520364,1.520364,1000
18758,0.001522089,1.522089,1000
18759,0.008361547,8.361547,1000
18760,0.002273055,2.273055,1000
18761,0.00173866,1.73866,1000
18762,0.000791045,0.791045,1000
18763,0.000549504,0.549504,1000
18764,0.001134919,1.134919,1000
18765,0.001701371,1.701371,1000
18766,0.000579203,0.579203,1000
18767,0.001134919,1.134919,1000
18768,0.001986819,1.986819,1000
18769,0.001134919,1.134919,1000
18770,0.001059177,1.059177,1000
18771,0.001613985,1.613985,1000
18772,0.000849113,0.849113,1000
18773,0.000957239,0.957239,1000
18774,0.018073282,18.073282,1000
18775,0.000996083,0.996083,1000
18776,0.000742997,0.742997,1000
18777,0.00366095,3.66095,1000
18778,0.001011936,1.011936,1000
18779,0.001006227,1.006227,1000
18780,0.000692907,0.692907,1000
18781,0.00134672,1.34672,1000
18782,0.000872796,0.872796,1000
18783,0.001746026,1.746026,1000
18784,0.000784755,0.784755,1000
18785,0.027187659,27.187659,1000
18786,0.000745834,0.745834,1000
18787,0.000471215,0.471215,1000
18788,0.000792373,0.792373,1000
18789,0.001117603,1.117603,1000
18790,0.001520309,1.520309,1000
18791,0.007977381,7.977381,1000
18792,0.001104592,1.104592,1000
18793,0.000795935,0.795935,1000
18794,0.000783777,0.783777,1000
18795,0.001746026,1.746026,1000
18796,0.001660212,1.660212,1000
18797,0.000546447,0.546447,1000
18798,0.000686147,0.686147,1000
18799,0.000784479,0.784479,1000
18800,0.010278742,10.278742,1000
18801,0.001146082,1.146082,1000
18802,0.000806089,0.806089,1000
18803,0.000818583,0.818583,1000
18804,0.000557412,0.557412,1000
18805,0.001334149,1.334149,1000
18806,0.001746026,1.746026,1000
18807,0.000789627,0.789627,1000
18808,0.000828101,0.828101,1000
18809,0.001016838,1.016838,1000
18810,0.000783777,0.783777,1000
18811,0.00112596,1.12596,1000
18812,0.00574669,5.74669,1000
18813,0.000603506,0.603506,1000
18814,0.001139001,1.139001,1000
18815,0.001104592,1.104592,1000
18816,0.000925047,0.925047,1000
18817,0.001513339,1.513339,1000
18818,0.015992057,15.992057,1000
18819,0.000599785,0.599785,1000
18820,0.004771235,4.771235,1000
18821,0.00400975,4.00975,1000
18822,0.001814855,1.814855,1000
18823,0.000939847,0.939847,1000
18824,0.001042817,1.042817,1000
18825,0.000993186,0.993186,1000
18826,0.001306507,1.306507,1000
18827,0.002874978,2.874978,1000
18828,0.005738997,5.738997,1000
18829,0.001503315,1.503315,1000
18830,0.002249156,2.249156,1000
18831,0.000904694,0.904694,1000
18832,0.001350866,1.350866,1000
18833,0.000712146,0.712146,1000
18834,0.000621289,0.621289,1000
18835,0.00114796,1.14796,1000
18836,0.000524448,0.524448,1000
18837,0.000610736,0.610736,1000
18839,0.000932001,0.932001,1000
18840,0.001177398,1.177398,1000
18841,0.003102613,3.102613,1000
18842,0.00090969,0.90969,1000
18843,0.001042957,1.042957,1000
18844,0.000898254,0.898254,1000
18845,0.001001654,1.001654,1000
18846,0.000920671,0.920671,1000
18847,0.000993186,0.993186,1000
18848,0.000837716,0.837716,1000
18849,0.001713139,1.713139,1000
18850,0.026735544,26.735544,1000
18851,0.001131441,1.131441,1000
18852,0.001006165,1.006165,1000
18853,0.00166507,1.66507,1000
18854,0.001144354,1.144354,1000
18855,0.000886378,0.886378,1000
18856,0.001561359,1.561359,1000
18857,0.00073522,0.73522,1000
18858,0.000536112,0.536112,1000
18859,0.000714344,0.714344,1000
18860,0.009820646,9.820646,1000
18861,0.000736296,0.736296,1000
18862,0.001354136,1.354136,1000
18863,0.002380113,2.380113,1000
18864,0.001006227,1.006227,1000
18865,0.001306291,1.306291,1000
18866,0.001043007,1.043007,1000
18867,0.001491401,1.491401,1000
18868,0.001006165,1.006165,1000
18869,0.00105043,1.05043,1000
18870,0.000718537,0.718537,1000
18871,0.000812963,0.812963,1000
18872,0.00083591,0.83591,1000
18874,0.000571299,0.571299,1000
18875,0.001258823,1.258823,1000
18876,0.001097456,1.097456,1000
18877,0.002744316,2.744316,1000
18878,0.00243094,2.43094,1000
18879,0.000702769,0.702769,1000
18880,0.001006227,1.006227,1000
18881,0.001455043,1.455043,1000
18882,0.001756034,1.756034,1000
18883,0.000679916,0.679916,1000
18884,0.142604494,142.604494,1000
18885,0.001042957,1.042957,1000
18886,0.000961055,0.961055,1000
18887,0.013690939,13.690939,1000
18888,0.001595339,1.595339,1000
18889,0.000959417,0.959417,1000
18890,0.001084791,1.084791,1000
18891,0.000573104,0.573104,1000
18892,0.001134926,1.134926,1000
18893,0.000571126,0.571126,1000
18894,0.000737981,0.737981,1000
18895,0.011063736,11.063736,1000
18896,0.000959436,0.959436,1000
18897,0.002062546,2.062546,1000
18898,0.000781827,0.781827,1000
18899,0.002261603,2.261603,1000
18900,0.002789711,2.789711,1000
18901,0.001219505,1.219505,1000
18902,0.002056179,2.056179,1000
18903,0.001130195,1.130195,1000
18904,0.000841401,0.841401,1000
18905,0.004100762,4.100762,1000
18906,0.001895627,1.895627,1000
18907,0.000960809,0.960809,1000
18908,0.00553269,5.53269,1000
18909,0.001435567,1.435567,1000
18910,0.000944512,0.944512,1000
18911,0.001950847,1.950847,1000
18912,0.001305993,1.305993,1000
18913,0.001720278,1.720278,1000
18914,0.001218239,1.218239,1000
18915,0.000741736,0.741736,1000
18916,0.000936391,0.936391,1000
18917,0.00114796,1.14796,1000
18918,0.000647672,0.647672,1000
18919,0.000622928,0.622928,1000
18920,0.000777773,0.777773,1000
18921,0.000900778,0.900778,1000
18922,0.000598595,0.598595,1000
18923,0.000617212,0.617212,1000
18924,0.000707769,0.707769,1000
18925,0.001000982,1.000982,1000
18926,0.001006165,1.006165,1000
18927,0.000857595,0.857595,1000
18928,0.000654838,0.654838,1000
18929,0.001239583,1.239583,1000
18930,0.000937371,0.937371,1000
18931,0.000686557,0.686557,1000
18932,0.000858625,0.858625,1000
18933,0.000788371,0.788371,1000
18934,0.000607311,0.607311,1000
18935,0.000398467,0.398467,1000
18936,0.015872693,15.872693,1000
18937,0.00052033,0.52033,1000
18938,0.013607592,13.607592,1000
18939,0.001216478,1.216478,1000
18940,0.001093149,1.093149,1000
18941,0.001102168,1.102168,1000
18942,0.00074256,0.74256,1000
18943,0.001052327,1.052327,1000
18944,0.001012175,1.012175,1000
18945,0.001042957,1.042957,1000
18946,0.001029247,1.029247,1000
18947,0.06457589,64.57589,1000
18948,0.001237824,1.237824,1000
18949,0.001282007,1.282007,1000
18950,0.018265053,18.265053,1000
18951,0.000436013,0.436013,1000
18952,0.00105043,1.05043,1000
18953,0.001636592,1.636592,1000
18954,0.001390683,1.390683,1000
18955,0.000757458,0.757458,1000
18956,0.000730636,0.730636,1000
18957,0.000394951,0.394951,1000
18958,0.001314514,1.314514,1000
18959,0.006241282,6.241282,1000
18960,0.001168392,1.168392,1000
18961,0.000904892,0.904892,1000
18962,0.000921847,0.921847,1000
18963,0.026210141,26.210141,1000
18965,0.001287689,1.287689,1000
18966,0.001147967,1.147967,1000
18967,0.001612347,1.612347,1000
18968,0.001525076,1.525076,1000
18969,0.000434748,0.434748,1000
18970,0.012258314,12.258314,1000
18971,0.001416289,1.416289,1000
18972,0.000666753,0.666753,1000
18973,0.000494074,0.494074,1000
18974,0.000725018,0.725018,1000
18975,0.000755072,0.755072,1000
18976,0.00440435,4.40435,1000
18977,0.001151,1.151,1000
18978,0.00081312,0.81312,1000
18979,0.000844053,0.844053,1000
18980,0.000996976,0.996976,1000
18981,0.002546831,2.546831,1000
18982,0.001221734,1.221734,1000
18983,0.003352627,3.352627,1000
18984,0.078830369,78.830369,1000
18985,0.000770536,0.770536,1000
18986,0.001175725,1.175725,1000
18987,0.001273967,1.273967,1000
18988,0.000623178,0.623178,1000
18989,0.001180221,1.180221,1000
18990,0.001821889,1.821889,1000
18991,0.000362037,0.362037,1000
18992,0.016568529,16.568529,1000
18993,0.000878856,0.878856,1000
18994,0.001041789,1.041789,1000
18995,0.001043798,1.043798,1000
18996,0.000666095,0.666095,1000
18997,0.001146303,1.146303,1000
18998,0.001505839,1.505839,1000
18999,0.001556154,1.556154,1000
19000,0.000849309,0.849309,1000
19001,0.000708239,0.708239,1000
19002,0.000866795,0.866795,1000
19003,0.007650244,7.650244,1000
19004,0.000377738,0.377738,1000
19005,0.001179729,1.179729,1000
19006,0.000302487,0.302487,1000
19007,0.001221192,1.221192,1000
19008,0.000471787,0.471787,1000
19009,0.000601439,0.601439,1000
19010,0.000690493,0.690493,1000
19011,0.00271399,2.71399,1000
19012,0.002709255,2.709255,1000
19013,0.001124264,1.124264,1000
19014,0.001243191,1.243191,1000
19015,0.001143068,1.143068,1000
19016,0.000750676,0.750676,1000
19017,0.000995922,0.995922,1000
19018,0.003054899,3.054899,1000
19019,0.001746026,1.746026,1000
19020,0.003005374,3.005374,1000
19021,0.00114796,1.14796,1000
19022,0.000760996,0.760996,1000
19023,0.001212223,1.212223,1000
19024,0.000582088,0.582088,1000
19025,0.001062895,1.062895,1000
19026,0.000430507,0.430507,1000
19027,0.00176817,1.76817,1000
19028,0.001262456,1.262456,1000
19029,0.00962407,9.62407,1000
19030,0.000809964,0.809964,1000
19031,0.003699641,3.699641,1000
19032,0.000976992,0.976992,1000
19033,0.000946307,0.946307,1000
19034,0.00086124,0.86124,1000
19035,0.000666911,0.666911,1000
19036,0.00044955,0.44955,1000
19037,0.001750714,1.750714,1000
19038,0.000847985,0.847985,1000
19039,0.001201499,1.201499,1000
19040,0.001031114,1.031114,1000
19041,0.001001264,1.001264,1000
19042,0.000993186,0.993186,1000
19043,0.001487009,1.487009,1000
19044,0.000895799,0.895799,1000
19045,0.000820229,0.820229,1000
19046,0.001097456,1.097456,1000
19047,0.018913274,18.913274,1000
19048,0.001042288,1.042288,1000
19049,0.001151,1.151,1000
19050,0.015854974,15.854974,1000
19051,0.001352722,1.352722,1000
19052,0.007281672,7.281672,1000
19053,0.000722032,0.722032,1000
19054,0.026789992,26.789992,1000
19055,0.000697805,0.697805,1000
19056,0.001177742,1.177742,1000
19057,0.000741981,0.741981,1000
19058,0.001006165,1.006165,1000
19059,0.001663129,1.663129,1000
19060,0.001364472,1.364472,1000
19061,0.001288973,1.288973,1000
19062,0.001041789,1.041789,1000
19064,0.001157222,1.157222,1000
19065,0.000807987,0.807987,1000
19066,0.011551613,11.551613,1000
19067,0.000950509,0.950509,1000
19068,0.000513937,0.513937,1000
19069,0.00117282,1.17282,1000
19070,0.001061351,1.061351,1000
19071,0.00065542,0.65542,1000
19072,0.001505839,1.505839,1000
19073,0.001134919,1.134919,1000
19074,0.595286263,595.286263,1000
19075,0.001015943,1.015943,1000
19076,0.001601863,1.601863,1000
19077,0.000848192,0.848192,1000
19078,0.000783777,0.783777,1000
19079,0.000821523,0.821523,1000
19080,0.000984124,0.984124,1000
19081,0.001042957,1.042957,1000
19082,0.001534538,1.534538,1000
19083,0.002364352,2.364352,1000
19084,0.000799633,0.799633,1000
19085,0.028278404,28.278404,1000
19086,0.001198418,1.198418,1000
19087,0.008806402,8.806402,1000
19088,0.001749287,1.749287,1000
19089,0.000491494,0.491494,1000
19090,0.016905601,16.905601,1000
19091,0.029864903,29.864903,1000
19092,0.008124071,8.124071,1000
19093,0.001958436,1.958436,1000
19094,0.017703045,17.703045,1000
19095,0.001520388,1.520388,1000
19096,0.001311794,1.311794,1000
19097,0.001456359,1.456359,1000
19098,0.001701011,1.701011,1000
19099,0.000678069,0.678069,1000
19100,0.000705616,0.705616,1000
19101,0.000799011,0.799011,1000
19102,0.000927759,0.927759,1000
19103,0.005663236,5.663236,1000
19104,0.000858202,0.858202,1000
19105,0.001006227,1.006227,1000
19106,0.000627867,0.627867,1000
19107,0.001746026,1.746026,1000
19108,0.000830443,0.830443,1000
19109,0.000535401,0.535401,1000
19110,0.001817075,1.817075,1000
19111,0.001608896,1.608896,1000
19112,0.001172049,1.172049,1000
19113,0.000465485,0.465485,1000
19114,0.000683517,0.683517,1000
19115,0.000873329,0.873329,1000
19116,0.000742884,0.742884,1000
19117,0.001145166,1.145166,1000
19118,0.000911634,0.911634,1000
19119,0.001988067,1.988067,1000
19120,0.000908835,0.908835,1000
19121,0.002522314,2.522314,1000
19122,0.000840514,0.840514,1000
19123,0.000953545,0.953545,1000
19124,0.000980794,0.980794,1000
19125,0.000640028,0.640028,1000
19126,0.000679535,0.679535,1000
19127,0.001011874,1.011874,1000
19128,0.000721026,0.721026,1000
19129,0.008274479,8.274479,1000
19130,0.002248647,2.248647,1000
19131,0.001151953,1.151953,1000
19132,0.001062569,1.062569,1000
19133,0.001059346,1.059346,1000
19134,0.002943678,2.943678,1000
19135,0.000783777,0.783777,1000
19136,0.001069475,1.069475,1000
19137,0.000755746,0.755746,1000
19138,0.000784778,0.784778,1000
19139,0.000814768,0.814768,1000
19140,0.00789831,7.89831,1000
19141,0.001041924,1.041924,1000
19142,0.000844811,0.844811,1000
19143,0.000653084,0.653084,1000
19144,0.001634065,1.634065,1000
19145,0.000813123,0.813123,1000
19146,0.001044721,1.044721,1000
19147,0.00103168,1.03168,1000
19148,0.000722496,0.722496,1000
19149,0.002736201,2.736201,1000
19150,0.001131776,1.131776,1000
19151,0.000578064,0.578064,1000
19152,0.000977131,0.977131,1000
19153,0.001469378,1.469378,1000
19154,0.00086415,0.86415,1000
19155,0.000595616,0.595616,1000
19156,0.001800717,1.800717,1000
19157,0.000780667,0.780667,1000
19158,0.010462587,10.462587,1000
19159,0.001014983,1.014983,1000
19160,0.003035496,3.035496,1000
19161,0.005246886,5.246886,1000
19162,0.000512368,0.512368,1000
19163,0.001006165,1.006165,1000
19164,0.001301588,1.301588,1000
19165,0.001017818,1.017818,1000
19166,0.000672602,0.672602,1000
19167,0.001335895,1.335895,1000
19168,0.000567121,0.567121,1000
19169,0.002672145,2.672145,1000
19170,0.000623841,0.623841,1000
19171,0.000948554,0.948554,1000
19172,0.00086497,0.86497,1000
19173,0.001483455,1.483455,1000
19174,0.001323321,1.323321,1000
19175,0.000849015,0.849015,1000
19176,0.000707752,0.707752,1000
19177,0.000770403,0.770403,1000
19178,0.001476356,1.476356,1000
19179,0.001130186,1.130186,1000
19180,0.001062541,1.062541,1000
19181,0.001097456,1.097456,1000
19182,0.000679563,0.679563,1000
19183,0.000883843,0.883843,1000
19184,0.00254559,2.54559,1000
19185,0.001746026,1.746026,1000
19186,0.002992215,2.992215,1000
19187,0.001984551,1.984551,1000
19188,0.006685173,6.685173,1000
19189,0.000805986,0.805986,1000
19190,0.000903854,0.903854,1000
19191,0.001078797,1.078797,1000
19192,0.000917072,0.917072,1000
19193,0.000573251,0.573251,1000
19194,0.002481785,2.481785,1000
19195,0.000393373,0.393373,1000
19196,0.000993186,0.993186,1000
19197,0.000860788,0.860788,1000
19198,0.000804438,0.804438,1000
19199,0.001612347,1.612347,1000
19200,0.001520309,1.520309,1000
19201,0.001520388,1.520388,1000
19202,0.001520388,1.520388,1000
19203,0.002486395,2.486395,1000
19204,0.000919593,0.919593,1000
19205,0.000993186,0.993186,1000
19206,0.000718134,0.718134,1000
19207,0.00245854,2.45854,1000
19208,0.000773922,0.773922,1000
19209,0.001302941,1.302941,1000
19210,0.000875299,0.875299,1000
19211,0.001015484,1.015484,1000
19212,0.001028279,1.028279,1000
19213,0.000417918,0.417918,1000
19214,0.001749287,1.749287,1000
19215,0.000990939,0.990939,1000
19216,0.002898532,2.898532,1000
19217,0.001109718,1.109718,1000
19218,0.001802974,1.802974,1000
19219,0.001520388,1.520388,1000
19220,0.001614528,1.614528,1000
19221,0.001223901,1.223901,1000
19222,0.002671049,2.671049,1000
19223,0.000899776,0.899776,1000
19224,0.000882379,0.882379,1000
19225,0.000644042,0.644042,1000
19226,0.00129682,1.29682,1000
19227,0.001071083,1.071083,1000
19228,0.001130778,1.130778,1000
19229,0.001335576,1.335576,1000
19230,0.000767816,0.767816,1000
19231,0.001081154,1.081154,1000
19232,0.000773644,0.773644,1000
19233,0.001119472,1.119472,1000
19234,0.004156256,4.156256,1000
19235,0.000877141,0.877141,1000
19236,0.00112596,1.12596,1000
19237,0.00028618,0.28618,1000
19238,0.003223034,3.223034,1000
19239,0.000828899,0.828899,1000
19240,0.000521594,0.521594,1000
19241,0.000848506,0.848506,1000
19242,0.001817049,1.817049,1000
19243,0.001337493,1.337493,1000
19244,0.000910591,0.910591,1000
19245,0.000799712,0.799712,1000
19246,0.007980422,7.980422,1000
19247,0.001136339,1.136339,1000
19248,0.001749287,1.749287,1000
19249,0.000735601,0.735601,1000
19250,0.000789957,0.789957,1000
19251,0.001042957,1.042957,1000
19252,0.001457786,1.457786,1000
19253,0.000555651,0.555651,1000
19254,0.000825165,0.825165,1000
19255,0.001480195,1.480195,1000
19256,0.007426044,7.426044,1000
19257,0.001548993,1.548993,1000
19258,0.003156508,3.156508,1000
19259,0.005729726,5.729726,1000
19260,0.001484882,1.484882,1000
19261,0.002216338,2.216338,1000
19262,0.003550136,3.550136,1000
19263,0.001554702,1.554702,1000
19264,0.000841998,0.841998,1000
19265,0.00326906,3.26906,1000
19266,0.002536542,2.536542,1000
19267,0.000302337,0.302337,1000
19268,0.008020615,8.020615,1000
19269,0.000831499,0.831499,1000
19270,0.00136888,1.36888,1000
19271,0.000657055,0.657055,1000
19272,0.003103364,3.103364,1000
19273,0.00103168,1.03168,1000
19274,0.001520625,1.520625,1000
19275,0.001523648,1.523648,1000
19276,0.001749287,1.749287,1000
19277,0.001608896,1.608896,1000
19278,0.001270769,1.270769,1000
19279,0.002288337,2.288337,1000
19280,0.000602956,0.602956,1000
19281,0.000502025,0.502025,1000
19282,0.001656285,1.656285,1000
19283,0.00078378,0.78378,1000
19284,0.001231268,1.231268,1000
19285,0.000473795,0.473795,1000
19286,0.000816593,0.816593,1000
19287,0.004915462,4.915462,1000
19288,0.000394744,0.394744,1000
19289,0.001523885,1.523885,1000
19290,0.001548993,1.548993,1000
19291,0.000650613,0.650613,1000
19292,0.001042979,1.042979,1000
19293,0.000687475,0.687475,1000
19294,0.000782611,0.782611,1000
19295,0.000862582,0.862582,1000
19296,0.00153273,1.53273,1000
19297,0.008573988,8.573988,1000
19298,0.002655455,2.655455,1000
19299,0.000894163,0.894163,1000
19300,0.000816593,0.816593,1000
19301,0.001453099,1.453099,1000
19302,0.000812823,0.812823,1000
19303,0.000993186,0.993186,1000
19304,0.000307793,0.307793,1000
19305,0.000796407,0.796407,1000
19306,0.000632494,0.632494,1000
19307,0.00151014,1.51014,1000
19308,0.000670126,0.670126,1000
19309,0.000961192,0.961192,1000
19310,0.000686228,0.686228,1000
19311,0.001134919,1.134919,1000
19312,0.000800009,0.800009,1000
19313,0.000823572,0.823572,1000
19314,0.001358684,1.358684,1000
19315,0.00114829,1.14829,1000
19316,0.001006227,1.006227,1000
19317,0.001746026,1.746026,1000
19318,0.000993186,0.993186,1000
19319,0.002066385,2.066385,1000
19320,0.001144266,1.144266,1000
19321,0.000784351,0.784351,1000
19322,0.00078378,0.78378,1000
19323,0.001130965,1.130965,1000
19324,0.004293794,4.293794,1000
19325,0.000627465,0.627465,1000
19326,0.001027488,1.027488,1000
19327,0.000908582,0.908582,1000
19328,0.000861396,0.861396,1000
19329,0.000813853,0.813853,1000
19330,0.002207987,2.207987,1000
19331,0.001042979,1.042979,1000
19332,0.005196925,5.196925,1000
19333,0.001471905,1.471905,1000
19334,0.008199622,8.199622,1000
19335,0.000691674,0.691674,1000
19336,0.001062981,1.062981,1000
19337,0.000879491,0.879491,1000
19338,0.033599153,33.599153,1000
19339,0.001096064,1.096064,1000
19340,0.001001292,1.001292,1000
19341,0.001321319,1.321319,1000
19342,0.000914176,0.914176,1000
19343,0.001091954,1.091954,1000
19344,0.005265582,5.265582,1000
19345,0.000474185,0.474185,1000
19346,0.00124548,1.24548,1000
19347,0.021101618,21.101618,1000
19348,0.000703554,0.703554,1000
19349,0.000991766,0.991766,1000
19350,0.001306496,1.306496,1000
19351,0.001710081,1.710081,1000
19352,0.000301962,0.301962,1000
19353,0.001032563,1.032563,1000
19354,0.003286831,3.286831,1000
19355,0.001021584,1.021584,1000
19356,0.001284429,1.284429,1000
19357,0.001407028,1.407028,1000
19358,0.000353609,0.353609,1000
19359,0.003072964,3.072964,1000
19360,0.001677506,1.677506,1000
19361,0.00094563,0.94563,1000
19362,0.000783777,0.783777,1000
19363,0.002900216,2.900216,1000
19364,0.000833944,0.833944,1000
19365,0.000540576,0.540576,1000
19366,0.000889134,0.889134,1000
19367,0.000928195,0.928195,1000
19368,0.000889287,0.889287,1000
19369,0.008136179,8.136179,1000
19370,0.003667038,3.667038,1000
19371,0.001182245,1.182245,1000
19372,0.008801241,8.801241,1000
19373,0.001626389,1.626389,1000
19374,0.001727349,1.727349,1000
19375,0.000558773,0.558773,1000
19376,0.001008333,1.008333,1000
19377,0.002914217,2.914217,1000
19378,0.009901879,9.901879,1000
19379,0.001343248,1.343248,1000
19380,0.000708472,0.708472,1000
19381,0.000900612,0.900612,1000
19382,0.000824979,0.824979,1000
19383,0.001062198,1.062198,1000
19384,0.003552379,3.552379,1000
19385,0.00070862,0.70862,1000
19386,0.06457915,64.57915,1000
19387,0.001147967,1.147967,1000
19388,0.001505839,1.505839,1000
19389,0.000720606,0.720606,1000
19390,0.000832852,0.832852,1000
19391,0.001453666,1.453666,1000
19392,0.000920651,0.920651,1000
19393,0.001746026,1.746026,1000
19394,0.001609087,1.609087,1000
19395,0.000692105,0.692105,1000
19396,0.001104592,1.104592,1000
19397,0.000581758,0.581758,1000
19398,0.000937622,0.937622,1000
19399,0.001749287,1.749287,1000
19400,0.001603291,1.603291,1000
19401,0.001942076,1.942076,1000
19402,0.001058722,1.058722,1000
19403,0.00112742,1.12742,1000
19404,0.000731523,0.731523,1000
19405,0.000773701,0.773701,1000
19406,0.00101211,1.01211,1000
19407,0.001181418,1.181418,1000
19408,0.004335596,4.335596,1000
19409,0.001162224,1.162224,1000
19410,0.000976813,0.976813,1000
19411,0.001151769,1.151769,1000
19412,0.0015091,1.5091,1000
19413,0.000356911,0.356911,1000
19414,0.001469315,1.469315,1000
19415,0.000883371,0.883371,1000
19416,0.000963771,0.963771,1000
19417,0.001104592,1.104592,1000
19418,0.001702089,1.702089,1000
19419,0.000795505,0.795505,1000
19420,0.001166546,1.166546,1000
19421,0.00080882,0.80882,1000
19422,0.001162224,1.162224,1000
19423,0.001340934,1.340934,1000
19424,0.008007808,8.007808,1000
19425,0.001794875,1.794875,1000
19426,0.000734981,0.734981,1000
19427,0.000889247,0.889247,1000
19428,0.000348002,0.348002,1000
19429,0.000714873,0.714873,1000
19430,0.000765147,0.765147,1000
19431,0.012678216,12.678216,1000
19432,0.003413679,3.413679,1000
19433,0.000551249,0.551249,1000
19434,0.001147967,1.147967,1000
19435,0.001240934,1.240934,1000
19436,0.001006227,1.006227,1000
19437,0.000923726,0.923726,1000
19438,0.000920255,0.920255,1000
19439,0.001739177,1.739177,1000
19440,0.016972487,16.972487,1000
19441,0.001444342,1.444342,1000
19442,0.019964667,19.964667,1000
19443,0.001505839,1.505839,1000
19444,0.007665312,7.665312,1000
19445,0.001517748,1.517748,1000
19446,0.001139995,1.139995,1000
19447,0.000682558,0.682558,1000
19448,0.001316848,1.316848,1000
19449,0.001611942,1.611942,1000
19450,0.001203145,1.203145,1000
19451,0.008102608,8.102608,1000
19452,0.036650152,36.650152,1000
19453,0.000391483,0.391483,1000
19454,0.000799608,0.799608,1000
19455,0.001729406,1.729406,1000
19456,0.000698322,0.698322,1000
19457,0.000822545,0.822545,1000
19458,0.001119821,1.119821,1000
19459,0.00147972,1.47972,1000
19460,0.000675314,0.675314,1000
19461,0.009461123,9.461123,1000
19462,0.001591445,1.591445,1000
19463,0.001011874,1.011874,1000
19464,0.000552552,0.552552,1000
19465,0.001411435,1.411435,1000
19466,0.001220771,1.220771,1000
19467,0.00111491,1.11491,1000
19468,0.001876525,1.876525,1000
19469,0.002947086,2.947086,1000
19470,0.00091246,0.91246,1000
19471,0.000640161,0.640161,1000
19472,0.00114632,1.14632,1000
19473,0.001323321,1.323321,1000
19474,0.001081154,1.081154,1000
19475,0.002026383,2.026383,1000
19476,0.001463767,1.463767,1000
19477,0.001134926,1.134926,1000
19478,0.000904703,0.904703,1000
19479,0.000993186,0.993186,1000
19480,0.001476705,1.476705,1000
19481,0.00064539,0.64539,1000
19482,0.000993124,0.993124,1000
19483,0.001548993,1.548993,1000
19484,0.000783777,0.783777,1000
19485,0.001062541,1.062541,1000
19486,0.00130705,1.30705,1000
19487,0.000671221,0.671221,1000
19488,0.000553535,0.553535,1000
19489,0.005023968,5.023968,1000
19490,0.001669491,1.669491,1000
19491,0.001593884,1.593884,1000
19492,0.001294269,1.294269,1000
19493,0.000791045,0.791045,1000
19494,0.002022156,2.022156,1000
19495,0.000740984,0.740984,1000
19496,0.001042957,1.042957,1000
19497,0.001139542,1.139542,1000
19498,0.001373057,1.373057,1000
19499,0.002874583,2.874583,1000
19500,0.000668089,0.668089,1000
19501,0.00108901,1.08901,1000
19502,0.000993186,0.993186,1000
19503,0.000582013,0.582013,1000
19504,0.000993186,0.993186,1000
19505,0.001144741,1.144741,1000
19506,0.000760622,0.760622,1000
19507,0.000858202,0.858202,1000
19508,0.002513265,2.513265,1000
19509,0.000291642,0.291642,1000
19510,0.000620162,0.620162,1000
19511,0.007797945,7.797945,1000
19512,0.001869846,1.869846,1000
19513,0.000541914,0.541914,1000
19514,0.000625488,0.625488,1000
19515,0.001197723,1.197723,1000
19516,0.000960809,0.960809,1000
19517,0.001062145,1.062145,1000
19518,0.000573218,0.573218,1000
19519,0.000783777,0.783777,1000
19520,0.0038268,3.8268,1000
19521,0.000729071,0.729071,1000
19522,0.001374221,1.374221,1000
19523,0.000683369,0.683369,1000
19524,0.001062541,1.062541,1000
19525,0.00114796,1.14796,1000
19526,0.001483455,1.483455,1000
19527,0.001469524,1.469524,1000
19528,0.001732465,1.732465,1000
19529,0.040422461,40.422461,1000
19530,0.000795236,0.795236,1000
19531,0.020796313,20.796313,1000
19532,0.001288847,1.288847,1000
19533,0.001749287,1.749287,1000
19534,0.000731003,0.731003,1000
19535,0.595286263,595.286263,1000
19536,0.001373707,1.373707,1000
19537,0.000503263,0.503263,1000
19538,0.000382486,0.382486,1000
19539,0.006784168,6.784168,1000
19540,0.001749287,1.749287,1000
19541,0.000881083,0.881083,1000
19542,0.001439928,1.439928,1000
19543,0.001168059,1.168059,1000
19544,0.00124978,1.24978,1000
19545,0.000697284,0.697284,1000
19546,0.120582706,120.582706,1000
19547,0.00080945,0.80945,1000
19548,0.000644706,0.644706,1000
19549,0.000662002,0.662002,1000
19550,0.000783777,0.783777,1000
19551,0.000597764,0.597764,1000
19552,0.000594359,0.594359,1000
19553,0.002270372,2.270372,1000
19554,0.001301987,1.301987,1000
19555,0.055284466,55.284466,1000
19556,0.002951208,2.951208,1000
19557,0.001143068,1.143068,1000
19558,0.001143068,1.143068,1000
19559,0.003007733,3.007733,1000
19560,0.001143068,1.143068,1000
19561,0.001143068,1.143068,1000
19562,0.00055664,0.55664,1000
19563,0.001143068,1.143068,1000
19564,0.002738486,2.738486,1000
19565,0.001143068,1.143068,1000
19566,0.000537272,0.537272,1000
19567,0.001143068,1.143068,1000
19568,0.001143068,1.143068,1000
19569,0.001594718,1.594718,1000
19570,0.001143068,1.143068,1000
19571,0.001143068,1.143068,1000
19572,0.001143068,1.143068,1000
19573,0.001143068,1.143068,1000
19574,0.000637892,0.637892,1000
19575,0.000688221,0.688221,1000
19576,0.001143068,1.143068,1000
19577,0.00073349,0.73349,1000
19578,0.00114796,1.14796,1000
19579,0.000916276,0.916276,1000
19580,0.004112217,4.112217,1000
19581,0.000564096,0.564096,1000
19582,0.000800671,0.800671,1000
19583,0.002834693,2.834693,1000
19584,0.000941254,0.941254,1000
19585,0.001511595,1.511595,1000
19586,0.000809636,0.809636,1000
19587,0.00081312,0.81312,1000
19588,0.001144711,1.144711,1000
19589,0.000828761,0.828761,1000
19590,0.000567695,0.567695,1000
19591,0.00081312,0.81312,1000
19592,0.001042817,1.042817,1000
19593,0.001121862,1.121862,1000
19594,0.014242628,14.242628,1000
19595,0.000569749,0.569749,1000
19596,0.000911099,0.911099,1000
19597,0.00671713,6.71713,1000
19598,0.000732403,0.732403,1000
19599,0.000609948,0.609948,1000
19600,0.001178902,1.178902,1000
19601,0.00115367,1.15367,1000
19602,0.001011792,1.011792,1000
19603,0.0011823,1.1823,1000
19604,0.000417146,0.417146,1000
19605,0.002969966,2.969966,1000
19606,0.00111521,1.11521,1000
19607,0.001584186,1.584186,1000
19608,0.000587023,0.587023,1000
19609,0.00143716,1.43716,1000
19610,0.001118769,1.118769,1000
19611,0.002924734,2.924734,1000
19612,0.059359663,59.359663,1000
19613,0.010210063,10.210063,1000
19614,0.000607452,0.607452,1000
19615,0.001924438,1.924438,1000
19616,0.001121216,1.121216,1000
19617,0.000683072,0.683072,1000
19618,0.005027605,5.027605,1000
19619,0.001103452,1.103452,1000
19620,0.000943105,0.943105,1000
19621,0.003317998,3.317998,1000
19622,0.000641031,0.641031,1000
19623,0.056423038,56.423038,1000
19624,0.000953545,0.953545,1000
19625,0.001503026,1.503026,1000
19626,0.002937749,2.937749,1000
19627,0.000416426,0.416426,1000
19628,0.00077949,0.77949,1000
19629,0.000862263,0.862263,1000
19630,0.000756225,0.756225,1000
19631,0.000948353,0.948353,1000
19632,0.001066816,1.066816,1000
19633,0.004011177,4.011177,1000
19634,0.00058304,0.58304,1000
19635,0.000784648,0.784648,1000
19636,0.000699365,0.699365,1000
19637,0.001331718,1.331718,1000
19638,0.001342654,1.342654,1000
19639,0.000935513,0.935513,1000
19640,0.001142911,1.142911,1000
19641,0.00150486,1.50486,1000
19642,0.000994,0.994,1000
19643,0.000963771,0.963771,1000
19644,0.000848389,0.848389,1000
19645,0.003706376,3.706376,1000
19646,0.000948922,0.948922,1000
19647,0.001042817,1.042817,1000
19648,0.002470115,2.470115,1000
19649,0.000905629,0.905629,1000
19650,0.001498394,1.498394,1000
19651,0.000907548,0.907548,1000
19652,0.001160446,1.160446,1000
19653,0.000876707,0.876707,1000
19654,0.000890445,0.890445,1000
19655,0.002683366,2.683366,1000
19656,0.000542069,0.542069,1000
19657,0.001520187,1.520187,1000
19658,0.001062519,1.062519,1000
19659,0.00129975,1.29975,1000
19660,0.000701901,0.701901,1000
19661,0.000825966,0.825966,1000
19662,0.000960681,0.960681,1000
19663,0.002095517,2.095517,1000
19664,0.000933948,0.933948,1000
19665,0.004907792,4.907792,1000
19666,0.001752572,1.752572,1000
19667,0.001488117,1.488117,1000
19668,0.000658797,0.658797,1000
19669,0.013865881,13.865881,1000
19670,0.00266763,2.66763,1000
19671,0.000825969,0.825969,1000
19672,0.002353955,2.353955,1000
19673,0.000590382,0.590382,1000
19674,0.00137604,1.37604,1000
19675,0.000657243,0.657243,1000
19676,0.000792547,0.792547,1000
19677,0.000913654,0.913654,1000
19678,0.001453099,1.453099,1000
19679,0.009069047,9.069047,1000
19680,0.000825966,0.825966,1000
19681,0.001175696,1.175696,1000
19682,0.000813312,0.813312,1000
19683,0.001154811,1.154811,1000
19684,0.000913939,0.913939,1000
19685,0.000908651,0.908651,1000
19686,0.000796953,0.796953,1000
19687,0.002791054,2.791054,1000
19688,0.003694156,3.694156,1000
19689,0.001019597,1.019597,1000
19690,0.001044721,1.044721,1000
19691,0.042766332,42.766332,1000
19692,0.003804331,3.804331,1000
19693,0.000791792,0.791792,1000
19694,0.001042979,1.042979,1000
19695,0.002060289,2.060289,1000
19696,0.000953613,0.953613,1000
19697,0.001072842,1.072842,1000
19698,0.029156421,29.156421,1000
19699,0.020102206,20.102206,1000
19700,0.001100878,1.100878,1000
19701,0.003331213,3.331213,1000
19702,0.000687331,0.687331,1000
19703,0.00070571,0.70571,1000
19704,0.001749287,1.749287,1000
19705,0.001749287,1.749287,1000
19706,0.002476963,2.476963,1000
19707,0.001520187,1.520187,1000
19708,0.000864959,0.864959,1000
19709,0.001281428,1.281428,1000
19710,0.001505839,1.505839,1000
19711,0.000960681,0.960681,1000
19712,0.003303548,3.303548,1000
19713,0.001047367,1.047367,1000
19714,0.001723089,1.723089,1000
19715,0.001649269,1.649269,1000
19716,0.00105043,1.05043,1000
19717,0.002158576,2.158576,1000
19718,0.001394963,1.394963,1000
19719,0.001252968,1.252968,1000
19720,0.000782611,0.782611,1000
19721,0.000725233,0.725233,1000
19722,0.000913028,0.913028,1000
19723,0.001686666,1.686666,1000
19724,0.004329837,4.329837,1000
19725,0.000948554,0.948554,1000
19726,0.000735722,0.735722,1000
19727,0.000596562,0.596562,1000
19728,0.016162435,16.162435,1000
19729,0.000891134,0.891134,1000
19730,0.000945205,0.945205,1000
19731,0.000880009,0.880009,1000
19732,0.000425982,0.425982,1000
19733,0.00424416,4.24416,1000
19734,0.005634756,5.634756,1000
19735,0.000580952,0.580952,1000
19737,0.000993186,0.993186,1000
19738,0.000813521,0.813521,1000
19739,0.017982273,17.982273,1000
19740,0.001200689,1.200689,1000
19741,0.000809289,0.809289,1000
19742,0.00125593,1.25593,1000
19743,0.001283021,1.283021,1000
19744,0.001334072,1.334072,1000
19745,0.00086139,0.86139,1000
19746,0.001545652,1.545652,1000
19747,0.003300287,3.300287,1000
19748,0.001114643,1.114643,1000
19749,0.001141219,1.141219,1000
19750,0.001062379,1.062379,1000
19751,0.001510527,1.510527,1000
19752,0.001311267,1.311267,1000
19753,0.06457589,64.57589,1000
19754,0.000993186,0.993186,1000
19755,0.000993186,0.993186,1000
19756,0.000815017,0.815017,1000
19757,0.000639557,0.639557,1000
19758,0.001746026,1.746026,1000
19759,0.000362971,0.362971,1000
19760,0.003090913,3.090913,1000
19761,0.001142889,1.142889,1000
19762,0.000946597,0.946597,1000
19763,0.001158949,1.158949,1000
19764,0.001505839,1.505839,1000
19765,0.000622526,0.622526,1000
19766,0.001096676,1.096676,1000
19767,0.001456359,1.456359,1000
19768,0.001002533,1.002533,1000
19769,0.001290576,1.290576,1000
19770,0.000513112,0.513112,1000
19771,0.00049178,0.49178,1000
19772,0.001746026,1.746026,1000
19773,0.00071029,0.71029,1000
19774,0.001602811,1.602811,1000
19775,0.001013586,1.013586,1000
19776,0.001109869,1.109869,1000
19777,0.00071317,0.71317,1000
19778,0.000503666,0.503666,1000
19779,0.000663932,0.663932,1000
19780,0.001749287,1.749287,1000
19781,0.001617315,1.617315,1000
19782,0.001328258,1.328258,1000
19783,0.026583261,26.583261,1000
19784,0.015880081,15.880081,1000
19785,0.056202492,56.202492,1000
19786,0.003989332,3.989332,1000
19787,0.00090095,0.90095,1000
19788,0.06457589,64.57589,1000
19789,0.001505839,1.505839,1000
19790,0.00077878,0.77878,1000
19791,0.000858252,0.858252,1000
19792,0.003033735,3.033735,1000
19793,0.001197266,1.197266,1000
19794,0.000700408,0.700408,1000
19795,0.008021296,8.021296,1000
19796,0.00067421,0.67421,1000
19797,0.001505839,1.505839,1000
19798,0.000285898,0.285898,1000
19799,0.000324578,0.324578,1000
19800,0.001357249,1.357249,1000
19801,0.001044721,1.044721,1000
19802,0.008596674,8.596674,1000
19803,0.002983833,2.983833,1000
19804,0.000922476,0.922476,1000
19805,0.000780429,0.780429,1000
19806,0.008276611,8.276611,1000
19807,0.000582566,0.582566,1000
19808,0.00199556,1.99556,1000
19809,0.000954746,0.954746,1000
19810,0.001401948,1.401948,1000
19811,0.001116077,1.116077,1000
19812,0.001181626,1.181626,1000
19813,0.001062231,1.062231,1000
19814,0.000651504,0.651504,1000
19815,0.000830834,0.830834,1000
19816,0.001252508,1.252508,1000
19817,0.000892236,0.892236,1000
19818,0.001081663,1.081663,1000
19819,0.000676812,0.676812,1000
19820,0.006018693,6.018693,1000
19821,0.000354243,0.354243,1000
19822,0.000875581,0.875581,1000
19823,0.001466663,1.466663,1000
19824,0.000420842,0.420842,1000
19825,0.000570016,0.570016,1000
19826,0.000369174,0.369174,1000
19827,0.00066464,0.66464,1000
19828,0.001071083,1.071083,1000
19829,0.001810006,1.810006,1000
19830,0.01606011,16.06011,1000
19831,0.000638434,0.638434,1000
19832,0.008242386,8.242386,1000
19833,0.004819393,4.819393,1000
19834,0.001317225,1.317225,1000
19835,0.001242727,1.242727,1000
19836,0.001548993,1.548993,1000
19837,0.000993186,0.993186,1000
19838,0.00104294,1.04294,1000
19839,0.001119989,1.119989,1000
19840,0.00328915,3.28915,1000
19841,0.007918025,7.918025,1000
19842,0.001037288,1.037288,1000
19843,0.049952414,49.952414,1000
19844,0.000691704,0.691704,1000
19845,0.000621184,0.621184,1000
19846,0.012931482,12.931482,1000
19847,0.000606896,0.606896,1000
19848,0.00123654,1.23654,1000
19849,0.000838315,0.838315,1000
19850,0.001523569,1.523569,1000
19851,0.00353373,3.53373,1000
19852,0.001173742,1.173742,1000
19853,0.000878851,0.878851,1000
19854,0.00097808,0.97808,1000
19855,0.000825966,0.825966,1000
19856,0.00117515,1.17515,1000
19857,0.001520309,1.520309,1000
19858,0.000620768,0.620768,1000
19859,0.001555514,1.555514,1000
19860,0.001042957,1.042957,1000
19861,0.000790051,0.790051,1000
19862,0.000773792,0.773792,1000
19863,0.000863449,0.863449,1000
19864,0.001629669,1.629669,1000
19865,0.005315331,5.315331,1000
19866,0.000398316,0.398316,1000
19867,0.000777877,0.777877,1000
19868,0.00105043,1.05043,1000
19869,0.00141364,1.41364,1000
19870,0.000857393,0.857393,1000
19871,0.001523648,1.523648,1000
19872,0.000594111,0.594111,1000
19873,0.001647308,1.647308,1000
19874,0.001444353,1.444353,1000
19875,0.000585054,0.585054,1000
19876,0.003294569,3.294569,1000
19877,0.000715781,0.715781,1000
19878,0.001760306,1.760306,1000
19879,0.000783777,0.783777,1000
19880,0.00081312,0.81312,1000
19881,0.00078378,0.78378,1000
19882,0.000857581,0.857581,1000
19883,0.001940674,1.940674,1000
19884,0.002960633,2.960633,1000
19885,0.000443298,0.443298,1000
19886,0.004109153,4.109153,1000
19887,0.000871392,0.871392,1000
19888,0.000920529,0.920529,1000
19889,0.001051026,1.051026,1000
19890,0.001603291,1.603291,1000
19891,0.002184653,2.184653,1000
19892,0.001580134,1.580134,1000
19893,0.001335576,1.335576,1000
19894,0.001332704,1.332704,1000
19895,0.000762246,0.762246,1000
19896,0.001008221,1.008221,1000
19897,0.000591466,0.591466,1000
19898,0.008286632,8.286632,1000
19899,0.00058222,0.58222,1000
19900,0.000681771,0.681771,1000
19901,0.000673571,0.673571,1000
19902,0.001457786,1.457786,1000
19903,0.000837119,0.837119,1000
19904,0.001028865,1.028865,1000
19905,0.002667504,2.667504,1000
19906,0.00321879,3.21879,1000
19907,0.004051114,4.051114,1000
19908,0.015497249,15.497249,1000
19909,0.009012277,9.012277,1000
19910,0.002958485,2.958485,1000
19911,0.014118574,14.118574,1000
19912,0.000785206,0.785206,1000
19913,0.003226039,3.226039,1000
19914,0.001382615,1.382615,1000
19915,0.001023081,1.023081,1000
19917,0.000319032,0.319032,1000
19918,0.000993186,0.993186,1000
19919,0.000766548,0.766548,1000
19920,0.001217419,1.217419,1000
19921,0.000410803,0.410803,1000
19922,0.002708044,2.708044,1000
19923,0.001442029,1.442029,1000
19924,0.000317051,0.317051,1000
19925,0.001281899,1.281899,1000
19926,0.001551543,1.551543,1000
19927,0.016005826,16.005826,1000
19928,0.001258003,1.258003,1000
19929,0.00070869,0.70869,1000
19930,0.000592606,0.592606,1000
19931,0.00051899,0.51899,1000
19932,0.001553375,1.553375,1000
19933,0.001030612,1.030612,1000
19934,0.012337252,12.337252,1000
19935,0.000415659,0.415659,1000
19936,0.00173146,1.73146,1000
19937,0.001198722,1.198722,1000
19938,0.001352825,1.352825,1000
19939,0.008052962,8.052962,1000
19940,0.000839867,0.839867,1000
19941,0.00035675,0.35675,1000
19942,0.000401867,0.401867,1000
19943,0.002237124,2.237124,1000
19944,0.001151,1.151,1000
19945,0.001713139,1.713139,1000
19946,0.001612887,1.612887,1000
19947,0.001750714,1.750714,1000
19948,0.000783777,0.783777,1000
19949,0.002901009,2.901009,1000
19950,0.001557963,1.557963,1000
19951,0.000615521,0.615521,1000
19952,0.000779021,0.779021,1000
19953,0.001456359,1.456359,1000
19954,0.001107948,1.107948,1000
19955,0.000954263,0.954263,1000
19956,0.0068986,6.8986,1000
19957,0.000825966,0.825966,1000
19958,0.001128509,1.128509,1000
19959,0.00110695,1.10695,1000
19960,0.010243902,10.243902,1000
19961,0.000817849,0.817849,1000
19962,0.008574774,8.574774,1000
19963,0.001437744,1.437744,1000
19964,0.150758342,150.758342,1000
19965,0.000600866,0.600866,1000
19966,0.000505704,0.505704,1000
19967,0.001827232,1.827232,1000
19968,0.001505839,1.505839,1000
19969,0.001001718,1.001718,1000
19970,0.000458792,0.458792,1000
19971,0.00598838,5.98838,1000
19972,0.008564478,8.564478,1000
19973,0.010788584,10.788584,1000
19974,0.00104972,1.04972,1000
19975,0.0008609,0.8609,1000
19976,0.001651463,1.651463,1000
19977,0.000849225,0.849225,1000
19978,0.000228425,0.228425,1000
19979,0.001419131,1.419131,1000
19980,0.000877763,0.877763,1000
19981,0.001611942,1.611942,1000
19982,0.000961113,0.961113,1000
19983,0.000318149,0.318149,1000
19984,0.001152691,1.152691,1000
19985,0.001672659,1.672659,1000
19986,0.000628458,0.628458,1000
19987,0.001478427,1.478427,1000
19988,0.000501319,0.501319,1000
19989,0.000993186,0.993186,1000
19990,0.000692419,0.692419,1000
19991,0.00138222,1.38222,1000
19992,0.001246149,1.246149,1000
19993,0.004486537,4.486537,1000
19994,0.001062541,1.062541,1000
19995,0.000822004,0.822004,1000
19996,0.000657803,0.657803,1000
19997,0.000717904,0.717904,1000
19998,0.008573685,8.573685,1000
19999,0.000445734,0.445734,1000
20000,0.015800156,15.800156,1000
20001,0.001064474,1.064474,1000
20002,0.000984396,0.984396,1000
20003,0.000699926,0.699926,1000
20004,0.000670808,0.670808,1000
20005,0.001103879,1.103879,1000
20006,0.00153929,1.53929,1000
20007,0.000552212,0.552212,1000
20008,0.003641834,3.641834,1000
20009,0.000661175,0.661175,1000
20010,0.000963771,0.963771,1000
20011,0.004553552,4.553552,1000
20012,0.00176987,1.76987,1000
20013,0.001042957,1.042957,1000
20014,0.00137495,1.37495,1000
20015,0.000963771,0.963771,1000
20016,0.00115367,1.15367,1000
20017,0.000828217,0.828217,1000
20018,0.000666608,0.666608,1000
20019,0.001746026,1.746026,1000
20020,0.000363799,0.363799,1000
20021,0.000822832,0.822832,1000
20022,0.00174683,1.74683,1000
20023,0.000719236,0.719236,1000
20024,0.000778678,0.778678,1000
20025,0.000953672,0.953672,1000
20026,0.000800882,0.800882,1000
20027,0.00313313,3.13313,1000
20028,0.000772707,0.772707,1000
20029,0.000775812,0.775812,1000
20030,0.000648726,0.648726,1000
20031,0.001122757,1.122757,1000
20032,0.000897067,0.897067,1000
20033,0.000595134,0.595134,1000
20034,0.000783777,0.783777,1000
20035,0.000733922,0.733922,1000
20036,0.000802783,0.802783,1000
20037,0.001121216,1.121216,1000
20038,0.000993186,0.993186,1000
20039,0.000574968,0.574968,1000
20040,0.000744952,0.744952,1000
20041,0.002531432,2.531432,1000
20042,0.000886153,0.886153,1000
20043,0.000987143,0.987143,1000
20044,0.000665585,0.665585,1000
20045,0.001904467,1.904467,1000
20046,0.020092831,20.092831,1000
20047,0.001135949,1.135949,1000
20048,0.001826577,1.826577,1000
20049,0.000821629,0.821629,1000
20050,0.000924595,0.924595,1000
20051,0.009006091,9.006091,1000
20052,0.00081312,0.81312,1000
20053,0.001218698,1.218698,1000
20054,0.001042957,1.042957,1000
20055,0.001453099,1.453099,1000
20056,0.003246135,3.246135,1000
20057,0.001010799,1.010799,1000
20058,0.00095189,0.95189,1000
20059,0.002682918,2.682918,1000
20060,0.000808716,0.808716,1000
20061,0.144917838,144.917838,1000
20062,0.000849015,0.849015,1000
20063,0.015536506,15.536506,1000
20064,0.002982417,2.982417,1000
20065,0.000370452,0.370452,1000
20066,0.002297541,2.297541,1000
20067,0.000960809,0.960809,1000
20068,0.002655357,2.655357,1000
20069,0.001057825,1.057825,1000
20070,0.000612312,0.612312,1000
20071,0.000852482,0.852482,1000
20072,0.000822875,0.822875,1000
20073,0.001173546,1.173546,1000
20074,0.000379785,0.379785,1000
20075,0.000796823,0.796823,1000
20076,0.00046778,0.46778,1000
20077,0.001123486,1.123486,1000
20078,0.001823922,1.823922,1000
20079,0.000751441,0.751441,1000
20080,0.000428201,0.428201,1000
20081,0.008234297,8.234297,1000
20082,0.000500709,0.500709,1000
20083,0.00124214,1.24214,1000
20084,0.001262395,1.262395,1000
20085,0.000795732,0.795732,1000
20086,0.008914746,8.914746,1000
20087,0.001834405,1.834405,1000
20088,0.000797758,0.797758,1000
20089,0.001401731,1.401731,1000
20090,0.001062519,1.062519,1000
20091,0.000628229,0.628229,1000
20092,0.00114796,1.14796,1000
20093,0.000549175,0.549175,1000
20094,0.001749287,1.749287,1000
20095,0.001609087,1.609087,1000
20096,0.001062379,1.062379,1000
20097,0.000813123,0.813123,1000
20098,0.001520309,1.520309,1000
20099,0.000856845,0.856845,1000
20100,0.003315283,3.315283,1000
20101,0.001246748,1.246748,1000
20102,0.001011936,1.011936,1000
20103,0.001134926,1.134926,1000
20104,0.001038557,1.038557,1000
20105,0.001505839,1.505839,1000
20106,0.001223401,1.223401,1000
20107,0.000948554,0.948554,1000
20108,0.003046299,3.046299,1000
20109,0.001131833,1.131833,1000
20110,0.001325477,1.325477,1000
20111,0.000574988,0.574988,1000
20112,0.001410807,1.410807,1000
20113,0.000882929,0.882929,1000
20114,0.001578218,1.578218,1000
20115,0.006328293,6.328293,1000
20116,0.000695175,0.695175,1000
20117,0.001042979,1.042979,1000
20118,0.000934554,0.934554,1000
20119,0.001609087,1.609087,1000
20120,0.000676852,0.676852,1000
20121,0.00399322,3.99322,1000
20122,0.010080676,10.080676,1000
20123,0.002969558,2.969558,1000
20124,0.001139949,1.139949,1000
20125,0.003108863,3.108863,1000
20126,0.001750714,1.750714,1000
20127,0.000745234,0.745234,1000
20128,0.001830056,1.830056,1000
20129,0.000803136,0.803136,1000
20130,0.001091892,1.091892,1000
20131,0.001656285,1.656285,1000
20132,0.143029678,143.029678,1000
20133,0.595283003,595.283003,1000
20134,0.001172505,1.172505,1000
20135,0.000486196,0.486196,1000
20136,0.001501854,1.501854,1000
20137,0.013304589,13.304589,1000
20138,0.008086593,8.086593,1000
20139,0.001355576,1.355576,1000
20140,0.000484507,0.484507,1000
20141,0.001556768,1.556768,1000
20142,0.001490032,1.490032,1000
20143,0.001134919,1.134919,1000
20144,0.00112596,1.12596,1000
20145,0.001047572,1.047572,1000
20146,0.001356416,1.356416,1000
20147,0.001038923,1.038923,1000
20148,0.001134926,1.134926,1000
20149,0.00081312,0.81312,1000
20150,0.001006227,1.006227,1000
20151,0.000947569,0.947569,1000
20152,0.00081312,0.81312,1000
20153,0.00077731,0.77731,1000
20154,0.00118758,1.18758,1000
20155,0.001116737,1.116737,1000
20156,0.001315168,1.315168,1000
20157,0.008265908,8.265908,1000
20158,0.000737893,0.737893,1000
20159,0.001552772,1.552772,1000
20160,0.001746026,1.746026,1000
20161,0.000804927,0.804927,1000
20162,0.00115367,1.15367,1000
20163,0.001523648,1.523648,1000
20164,0.001060307,1.060307,1000
20165,0.001480218,1.480218,1000
20166,0.001443885,1.443885,1000
20167,0.000663292,0.663292,1000
20169,0.002726974,2.726974,1000
20170,0.000878358,0.878358,1000
20171,0.000956262,0.956262,1000
20172,0.000700304,0.700304,1000
20173,0.001116606,1.116606,1000
20174,0.001065476,1.065476,1000
20175,0.021570973,21.570973,1000
20176,0.004262659,4.262659,1000
20177,0.000825966,0.825966,1000
20178,0.002965318,2.965318,1000
20179,0.000816664,0.816664,1000
20180,0.000770054,0.770054,1000
20181,0.001429148,1.429148,1000
20182,0.001075014,1.075014,1000
20183,0.001006227,1.006227,1000
20184,0.000788017,0.788017,1000
20185,0.00159217,1.59217,1000
20186,0.002501969,2.501969,1000
20187,0.000737333,0.737333,1000
20188,0.02675799,26.75799,1000
20189,0.00285706,2.85706,1000
20190,0.000735781,0.735781,1000
20191,0.000877139,0.877139,1000
20192,0.000649235,0.649235,1000
20193,0.000819839,0.819839,1000
20194,0.004552706,4.552706,1000
20195,0.001961636,1.961636,1000
20196,0.016710284,16.710284,1000
20197,0.00091096,0.91096,1000
20198,0.001214522,1.214522,1000
20199,0.002842935,2.842935,1000
20200,0.001043007,1.043007,1000
20201,0.004800207,4.800207,1000
20202,0.000771323,0.771323,1000
20203,0.001304012,1.304012,1000
20204,0.008187594,8.187594,1000
20205,0.00132985,1.32985,1000
20206,0.000686702,0.686702,1000
20207,0.00105043,1.05043,1000
20208,0.000846897,0.846897,1000
20209,0.001329509,1.329509,1000
20210,0.000459705,0.459705,1000
20211,0.00084477,0.84477,1000
20212,0.008301612,8.301612,1000
20213,0.001130984,1.130984,1000
20214,0.000695578,0.695578,1000
20215,0.001536653,1.536653,1000
20216,0.00079469,0.79469,1000
20217,0.000765032,0.765032,1000
20218,0.000963771,0.963771,1000
20219,0.000901933,0.901933,1000
20220,0.001042957,1.042957,1000
20221,0.000725123,0.725123,1000
20222,0.00711028,7.11028,1000
20223,0.162097692,162.097692,1000
20224,0.001065335,1.065335,1000
20225,0.001187175,1.187175,1000
20226,0.000772295,0.772295,1000
20227,0.001227772,1.227772,1000
20228,0.026355829,26.355829,1000
20229,0.000782886,0.782886,1000
20230,0.001062519,1.062519,1000
20231,0.001062541,1.062541,1000
20232,0.001218698,1.218698,1000
20233,0.000575916,0.575916,1000
20234,0.13006212,130.06212,1000
20235,0.00093865,0.93865,1000
20236,0.00439493,4.39493,1000
20237,0.001227126,1.227126,1000
20238,0.000586407,0.586407,1000
20239,0.005852191,5.852191,1000
20240,0.000772065,0.772065,1000
20241,0.001088793,1.088793,1000
20242,0.00129563,1.29563,1000
20243,0.001520388,1.520388,1000
20244,0.00081312,0.81312,1000
20245,0.001524997,1.524997,1000
20246,0.001510527,1.510527,1000
20247,0.001032571,1.032571,1000
20248,0.001155598,1.155598,1000
20249,0.001523753,1.523753,1000
20250,0.000449774,0.449774,1000
20251,0.000826297,0.826297,1000
20252,0.000651238,0.651238,1000
20253,0.001134919,1.134919,1000
20254,0.000979537,0.979537,1000
20255,0.001071066,1.071066,1000
20256,0.001062519,1.062519,1000
20257,0.004800207,4.800207,1000
20258,0.00123252,1.23252,1000
20259,0.015407722,15.407722,1000
20260,0.000821778,0.821778,1000
20261,0.001749287,1.749287,1000
20262,0.001062569,1.062569,1000
20263,0.000912692,0.912692,1000
20264,0.001006227,1.006227,1000
20265,0.001335527,1.335527,1000
20266,0.00159217,1.59217,1000
20267,0.001017172,1.017172,1000
20268,0.000801922,0.801922,1000
20269,0.00114796,1.14796,1000
20270,0.001211503,1.211503,1000
20271,0.001615799,1.615799,1000
20272,0.000847985,0.847985,1000
20273,0.000825966,0.825966,1000
20274,0.000985556,0.985556,1000
20275,0.007264091,7.264091,1000
20276,0.001510527,1.510527,1000
20277,0.001334072,1.334072,1000
20278,0.000655531,0.655531,1000
20279,0.001438118,1.438118,1000
20281,0.001006165,1.006165,1000
20282,0.003547796,3.547796,1000
20283,0.000780132,0.780132,1000
20284,0.000685977,0.685977,1000
20285,0.000884183,0.884183,1000
20286,0.000705531,0.705531,1000
20287,0.00282034,2.82034,1000
20288,0.001167729,1.167729,1000
20289,0.000747923,0.747923,1000
20290,0.00082856,0.82856,1000
20291,0.000490945,0.490945,1000
20292,0.000595417,0.595417,1000
20293,0.001114548,1.114548,1000
20294,0.000786777,0.786777,1000
20295,0.000988925,0.988925,1000
20296,0.001246391,1.246391,1000
20297,0.000870351,0.870351,1000
20298,0.000790884,0.790884,1000
20299,0.008235047,8.235047,1000
20300,0.000727055,0.727055,1000
20301,0.003068506,3.068506,1000
20302,0.000457749,0.457749,1000
20303,0.016744367,16.744367,1000
20304,0.000659479,0.659479,1000
20305,0.001205656,1.205656,1000
20306,0.000993186,0.993186,1000
20307,0.000944563,0.944563,1000
20308,0.000627126,0.627126,1000
20309,0.000715384,0.715384,1000
20310,0.000925283,0.925283,1000
20311,0.001454072,1.454072,1000
20312,0.025515068,25.515068,1000
20313,0.002979592,2.979592,1000
20314,0.070747434,70.747434,1000
20315,0.00078952,0.78952,1000
20316,0.000564848,0.564848,1000
20317,0.00272162,2.72162,1000
20318,0.001043227,1.043227,1000
20319,0.00083708,0.83708,1000
20320,0.00064927,0.64927,1000
20321,0.000995462,0.995462,1000
20322,0.00103168,1.03168,1000
20323,0.000611785,0.611785,1000
20324,0.001170689,1.170689,1000
20325,0.000880005,0.880005,1000
20326,0.000978442,0.978442,1000
20327,0.001290565,1.290565,1000
20328,0.000960681,0.960681,1000
20329,0.001138634,1.138634,1000
20330,0.001522992,1.522992,1000
20331,0.00083811,0.83811,1000
20332,0.001852249,1.852249,1000
20333,0.000842596,0.842596,1000
20334,0.000705157,0.705157,1000
20335,0.000494888,0.494888,1000
20336,0.0015091,1.5091,1000
20337,0.00056461,0.56461,1000
20338,0.00081312,0.81312,1000
20339,0.001149976,1.149976,1000
20340,0.000575279,0.575279,1000
20341,0.001384011,1.384011,1000
20342,0.000625304,0.625304,1000
20343,0.030366684,30.366684,1000
20344,0.000631276,0.631276,1000
20345,0.002984902,2.984902,1000
20346,0.002756708,2.756708,1000
20347,0.00069778,0.69778,1000
20348,0.001089339,1.089339,1000
20349,0.001062519,1.062519,1000
20350,0.001190254,1.190254,1000
20351,0.000822984,0.822984,1000
20352,0.000792735,0.792735,1000
20353,0.00048741,0.48741,1000
20354,0.00049883,0.49883,1000
20355,0.000395214,0.395214,1000
20356,0.001214096,1.214096,1000
20357,0.001242727,1.242727,1000
20358,0.00082044,0.82044,1000
20359,0.000659002,0.659002,1000
20360,0.001509698,1.509698,1000
20361,0.00138256,1.38256,1000
20362,0.001335576,1.335576,1000
20363,0.001254368,1.254368,1000
20364,0.001052754,1.052754,1000
20365,0.000806477,0.806477,1000
20366,0.000372359,0.372359,1000
20367,0.000652998,0.652998,1000
20368,0.000648127,0.648127,1000
20369,0.001821889,1.821889,1000
20370,0.001520309,1.520309,1000
20371,0.000737228,0.737228,1000
20372,0.001536934,1.536934,1000
20373,0.010984253,10.984253,1000
20374,0.000841799,0.841799,1000
20375,0.000593956,0.593956,1000
20376,0.000741775,0.741775,1000
20377,0.000948378,0.948378,1000
20378,0.001382519,1.382519,1000
20379,0.001336127,1.336127,1000
20380,0.000924802,0.924802,1000
20381,0.000796173,0.796173,1000
20382,0.003203756,3.203756,1000
20383,0.000518913,0.518913,1000
20384,0.000896763,0.896763,1000
20385,0.017419864,17.419864,1000
20386,0.001305502,1.305502,1000
20387,0.001732465,1.732465,1000
20388,0.001746026,1.746026,1000
20389,0.001522992,1.522992,1000
20390,0.001324896,1.324896,1000
20391,0.000958441,0.958441,1000
20392,0.001014983,1.014983,1000
20393,0.001034763,1.034763,1000
20394,0.000859106,0.859106,1000
20395,0.001326707,1.326707,1000
20396,0.000836532,0.836532,1000
20397,0.001636872,1.636872,1000
20398,0.001523885,1.523885,1000
20399,0.000976813,0.976813,1000
20400,0.001483479,1.483479,1000
20401,0.000937371,0.937371,1000
20402,0.246159038,246.159038,1000
20403,0.003415841,3.415841,1000
20404,0.003327722,3.327722,1000
20405,0.001342238,1.342238,1000
20406,0.001656009,1.656009,1000
20407,0.000762732,0.762732,1000
20408,0.000330318,0.330318,1000
20409,0.005079972,5.079972,1000
20410,0.00105785,1.05785,1000
20411,0.001215755,1.215755,1000
20412,0.001175874,1.175874,1000
20413,0.008518168,8.518168,1000
20414,0.003090237,3.090237,1000
20415,0.010952099,10.952099,1000
20416,0.001061351,1.061351,1000
20417,0.001636872,1.636872,1000
20418,0.001062541,1.062541,1000
20419,0.000817035,0.817035,1000
20420,0.001609087,1.609087,1000
20421,0.001117685,1.117685,1000
20422,0.000849819,0.849819,1000
20423,0.000939397,0.939397,1000
20424,0.000587536,0.587536,1000
20425,0.000690124,0.690124,1000
20426,0.001041789,1.041789,1000
20427,0.000594385,0.594385,1000
20428,0.001088793,1.088793,1000
20429,0.000622627,0.622627,1000
20430,0.000916035,0.916035,1000
20431,0.00261358,2.61358,1000
20432,0.595283003,595.283003,1000
20433,0.001749287,1.749287,1000
20434,0.001132379,1.132379,1000
20435,0.00116232,1.16232,1000
20436,0.006835042,6.835042,1000
20437,0.000623192,0.623192,1000
20438,0.001104221,1.104221,1000
20439,0.001604228,1.604228,1000
20440,0.001579056,1.579056,1000
20441,0.001163409,1.163409,1000
20442,0.001601399,1.601399,1000
20443,0.000653355,0.653355,1000
20444,0.001149588,1.149588,1000
20445,0.001596857,1.596857,1000
20446,0.001048334,1.048334,1000
20447,0.000644938,0.644938,1000
20448,0.000814076,0.814076,1000
20449,0.001667934,1.667934,1000
20450,0.000621359,0.621359,1000
20451,0.000735192,0.735192,1000
20452,0.000591476,0.591476,1000
20453,0.044879741,44.879741,1000
20454,0.000400611,0.400611,1000
20455,0.001382635,1.382635,1000
20456,0.000664377,0.664377,1000
20457,0.001021151,1.021151,1000
20458,0.000758939,0.758939,1000
20459,0.00078378,0.78378,1000
20460,0.000762544,0.762544,1000
20461,0.001749287,1.749287,1000
20462,0.000717959,0.717959,1000
20463,0.000972001,0.972001,1000
20464,0.001134919,1.134919,1000
20465,0.001062541,1.062541,1000
20466,0.000781155,0.781155,1000
20467,0.003866983,3.866983,1000
20468,0.001609087,1.609087,1000
20469,0.000323721,0.323721,1000
20470,0.000419073,0.419073,1000
20471,0.000719723,0.719723,1000
20472,0.003343473,3.343473,1000
20473,0.001097456,1.097456,1000
20474,0.000878272,0.878272,1000
20475,0.018186527,18.186527,1000
20476,0.00134997,1.34997,1000
20477,0.0015109,1.5109,1000
20478,0.001148093,1.148093,1000
20479,0.000795181,0.795181,1000
20480,0.001601863,1.601863,1000
20481,0.026815227,26.815227,1000
20482,0.002850879,2.850879,1000
20483,0.001122018,1.122018,1000
20484,0.000923288,0.923288,1000
20485,0.001669707,1.669707,1000
20486,0.001004655,1.004655,1000
20487,0.001749287,1.749287,1000
20488,0.000993186,0.993186,1000
20489,0.00081312,0.81312,1000
20490,0.001043007,1.043007,1000
20491,0.000770156,0.770156,1000
20492,0.000843581,0.843581,1000
20493,0.000993186,0.993186,1000
20494,0.003200893,3.200893,1000
20495,0.000852211,0.852211,1000
20496,0.000616595,0.616595,1000
20497,0.000888848,0.888848,1000
20498,0.00079703,0.79703,1000
20499,0.001426707,1.426707,1000
20500,0.001462608,1.462608,1000
20501,0.001789746,1.789746,1000
20502,0.00077301,0.77301,1000
20503,0.001621189,1.621189,1000
20504,0.001826577,1.826577,1000
20505,0.001042817,1.042817,1000
20506,0.001062541,1.062541,1000
20507,0.000491062,0.491062,1000
20508,0.001708549,1.708549,1000
20509,0.000766756,0.766756,1000
20510,0.001081154,1.081154,1000
20511,0.006237437,6.237437,1000
20512,0.000505522,0.505522,1000
20513,0.001360937,1.360937,1000
20514,0.001517117,1.517117,1000
20515,0.003034504,3.034504,1000
20516,0.004039928,4.039928,1000
20517,0.001120125,1.120125,1000
20518,0.001134926,1.134926,1000
20519,0.000325833,0.325833,1000
20520,0.000832511,0.832511,1000
20521,0.000776868,0.776868,1000
20522,0.000654524,0.654524,1000
20523,0.002518135,2.518135,1000
20524,0.003045712,3.045712,1000
20525,0.000826316,0.826316,1000
20526,0.000243834,0.243834,1000
20527,0.0032969,3.2969,1000
20528,0.008348506,8.348506,1000
20529,0.00062771,0.62771,1000
20530,0.000604381,0.604381,1000
20531,0.000657946,0.657946,1000
20532,0.003396306,3.396306,1000
20533,0.000782341,0.782341,1000
20534,0.009206394,9.206394,1000
20535,0.000566295,0.566295,1000
20536,0.000935513,0.935513,1000
20537,0.002586546,2.586546,1000
20538,0.000878358,0.878358,1000
20539,0.000794692,0.794692,1000
20540,0.000434441,0.434441,1000
20541,0.000689048,0.689048,1000
20542,0.00054705,0.54705,1000
20543,0.000860484,0.860484,1000
20544,0.000769891,0.769891,1000
20545,0.000738641,0.738641,1000
20546,0.000977131,0.977131,1000
20547,0.001152443,1.152443,1000
20548,0.000330188,0.330188,1000
20549,0.00115367,1.15367,1000
20550,0.001042957,1.042957,1000
20551,0.001124341,1.124341,1000
20552,0.000809038,0.809038,1000
20553,0.000489046,0.489046,1000
20554,0.000963458,0.963458,1000
20555,0.001104592,1.104592,1000
20556,0.000787665,0.787665,1000
20557,0.000863994,0.863994,1000
20558,0.001702229,1.702229,1000
20559,0.009353491,9.353491,1000
20560,0.001385415,1.385415,1000
20561,0.00137604,1.37604,1000
20562,0.000867583,0.867583,1000
20563,0.001139436,1.139436,1000
20564,0.000726108,0.726108,1000
20565,0.001311453,1.311453,1000
20566,0.0134175,13.4175,1000
20567,0.001486413,1.486413,1000
20568,0.000760119,0.760119,1000
20569,0.001071105,1.071105,1000
20570,0.000708889,0.708889,1000
20571,0.000708694,0.708694,1000
20572,0.000845094,0.845094,1000
20573,0.000640237,0.640237,1000
20574,0.016669929,16.669929,1000
20575,0.002672884,2.672884,1000
20576,0.001608008,1.608008,1000
20577,0.001043007,1.043007,1000
20578,0.001006227,1.006227,1000
20579,0.000944667,0.944667,1000
20580,0.00146061,1.46061,1000
20581,0.000693527,0.693527,1000
20582,0.00379455,3.79455,1000
20583,0.000653644,0.653644,1000
20584,0.001242286,1.242286,1000
20585,0.003083638,3.083638,1000
20586,0.000859882,0.859882,1000
20587,0.001749287,1.749287,1000
20588,0.003167477,3.167477,1000
20589,0.001029247,1.029247,1000
20590,0.002451469,2.451469,1000
20591,0.000764663,0.764663,1000
20592,0.001071066,1.071066,1000
20593,0.001151259,1.151259,1000
20594,0.000436587,0.436587,1000
20595,0.001153996,1.153996,1000
20596,0.001542062,1.542062,1000
20597,0.000903105,0.903105,1000
20598,0.001147967,1.147967,1000
20599,0.000335141,0.335141,1000
20600,0.000787712,0.787712,1000
20601,0.000574325,0.574325,1000
20602,0.001382615,1.382615,1000
20603,0.000303278,0.303278,1000
20604,0.001102168,1.102168,1000
20605,0.00322688,3.22688,1000
20606,0.00103168,1.03168,1000
20607,0.001151,1.151,1000
20608,0.000771725,0.771725,1000
20609,0.00089704,0.89704,1000
20610,0.00103168,1.03168,1000
20611,0.001557858,1.557858,1000
20612,0.000769337,0.769337,1000
20613,0.001435664,1.435664,1000
20614,0.002446346,2.446346,1000
20615,0.005802204,5.802204,1000
20616,0.00103168,1.03168,1000
20617,0.001062502,1.062502,1000
20618,0.000243244,0.243244,1000
20619,0.001500121,1.500121,1000
20620,0.000733312,0.733312,1000
20621,0.000699847,0.699847,1000
20622,0.00114796,1.14796,1000
20623,0.000868883,0.868883,1000
20624,0.001262976,1.262976,1000
20625,0.001010753,1.010753,1000
20627,0.000842879,0.842879,1000
20628,0.00081312,0.81312,1000
20629,0.000437284,0.437284,1000
20630,0.016292353,16.292353,1000
20631,0.00290884,2.90884,1000
20632,0.000917299,0.917299,1000
20633,0.001031852,1.031852,1000
20634,0.00103168,1.03168,1000
20635,0.000589743,0.589743,1000
20636,0.000596779,0.596779,1000
20637,0.00104294,1.04294,1000
20638,0.001005551,1.005551,1000
20639,0.000814967,0.814967,1000
20640,0.000908102,0.908102,1000
20641,0.001373201,1.373201,1000
20642,0.002308325,2.308325,1000
20643,0.000825113,0.825113,1000
20644,0.001258003,1.258003,1000
20645,0.001201499,1.201499,1000
20646,0.00081312,0.81312,1000
20647,0.000652414,0.652414,1000
20648,0.001095612,1.095612,1000
20649,0.000968661,0.968661,1000
20650,0.000742664,0.742664,1000
20651,0.001507339,1.507339,1000
20652,0.000358799,0.358799,1000
20653,0.001824617,1.824617,1000
20654,0.00156436,1.56436,1000
20655,0.003117445,3.117445,1000
20656,0.011738537,11.738537,1000
20657,0.000839132,0.839132,1000
20658,0.000952654,0.952654,1000
20659,0.000914413,0.914413,1000
20660,0.001009714,1.009714,1000
20661,0.000998585,0.998585,1000
20662,0.001650165,1.650165,1000
20663,0.001703005,1.703005,1000
20664,0.000825969,0.825969,1000
20665,0.014925742,14.925742,1000
20666,0.001252508,1.252508,1000
20667,0.002180431,2.180431,1000
20668,0.000917996,0.917996,1000
20669,0.001227119,1.227119,1000
20670,0.000763687,0.763687,1000
20671,0.000753323,0.753323,1000
20672,0.002216893,2.216893,1000
20673,0.00312602,3.12602,1000
20674,0.000637226,0.637226,1000
20675,0.000878272,0.878272,1000
20676,0.001033931,1.033931,1000
20677,0.001042916,1.042916,1000
20678,0.001044721,1.044721,1000
20679,0.000631917,0.631917,1000
20680,0.003669995,3.669995,1000
20681,0.005074462,5.074462,1000
20682,0.000717642,0.717642,1000
20683,0.00866651,8.66651,1000
20684,0.000772233,0.772233,1000
20685,0.004890975,4.890975,1000
20686,0.004695282,4.695282,1000
20687,0.001141219,1.141219,1000
20688,0.000907848,0.907848,1000
20689,0.001127351,1.127351,1000
20690,0.004861557,4.861557,1000
20691,0.000847434,0.847434,1000
20692,0.006300433,6.300433,1000
20693,0.000993186,0.993186,1000
20694,0.000859089,0.859089,1000
20695,0.00081312,0.81312,1000
20696,0.003034375,3.034375,1000
20697,0.002004321,2.004321,1000
20698,0.000879578,0.879578,1000
20699,0.000650685,0.650685,1000
20700,0.008154749,8.154749,1000
20701,0.001044721,1.044721,1000
20702,0.001093322,1.093322,1000
20703,0.000898756,0.898756,1000
20704,0.000623126,0.623126,1000
20705,0.000880915,0.880915,1000
20706,0.014982257,14.982257,1000
20707,0.000899938,0.899938,1000
20708,0.05642023,56.42023,1000
20709,0.00070007,0.70007,1000
20710,0.00033504,0.33504,1000
20711,0.000792778,0.792778,1000
20712,0.000866261,0.866261,1000
20713,0.000581772,0.581772,1000
20714,0.005115275,5.115275,1000
20715,0.001022684,1.022684,1000
20716,0.001525181,1.525181,1000
20717,0.001556617,1.556617,1000
20718,0.001124571,1.124571,1000
20719,0.001099657,1.099657,1000
20720,0.000494558,0.494558,1000
20721,0.00091661,0.91661,1000
20722,0.001266264,1.266264,1000
20723,0.00215413,2.15413,1000
20724,0.002535587,2.535587,1000
20725,0.002050289,2.050289,1000
20726,0.003711348,3.711348,1000
20727,0.003738152,3.738152,1000
20728,0.000797081,0.797081,1000
20729,0.000954951,0.954951,1000
20730,0.001170372,1.170372,1000
20731,0.000716184,0.716184,1000
20732,0.000685283,0.685283,1000
20733,0.001505839,1.505839,1000
20734,0.000987759,0.987759,1000
20735,0.001480506,1.480506,1000
20736,0.001066483,1.066483,1000
20737,0.000908835,0.908835,1000
20738,0.000953545,0.953545,1000
20739,0.00070301,0.70301,1000
20740,0.000782886,0.782886,1000
20741,0.061914873,61.914873,1000
20742,0.000929261,0.929261,1000
20743,0.001163102,1.163102,1000
20744,0.000744429,0.744429,1000
20745,0.000629594,0.629594,1000
20746,0.001264096,1.264096,1000
20747,0.000805358,0.805358,1000
20748,0.001118258,1.118258,1000
20749,0.000693325,0.693325,1000
20750,0.000643562,0.643562,1000
20751,0.001093341,1.093341,1000
20752,0.06457589,64.57589,1000
20753,0.00103168,1.03168,1000
20754,0.000982594,0.982594,1000
20755,0.001694707,1.694707,1000
20756,0.009303813,9.303813,1000
20757,0.000711074,0.711074,1000
20758,0.000890052,0.890052,1000
20759,0.011163265,11.163265,1000
20760,0.000990309,0.990309,1000
20761,0.000783777,0.783777,1000
20762,0.000806887,0.806887,1000
20763,0.0015091,1.5091,1000
20764,0.000922091,0.922091,1000
20765,0.001028096,1.028096,1000
20766,0.001006227,1.006227,1000
20767,0.000915335,0.915335,1000
20768,0.000611029,0.611029,1000
20769,0.001000771,1.000771,1000
20770,0.246161738,246.161738,1000
20771,0.001405114,1.405114,1000
20772,0.000846446,0.846446,1000
20773,0.000937243,0.937243,1000
20774,0.001011936,1.011936,1000
20775,0.00114796,1.14796,1000
20776,0.00170808,1.70808,1000
20777,0.001204634,1.204634,1000
20778,0.001617201,1.617201,1000
20779,0.000646547,0.646547,1000
20780,0.000614799,0.614799,1000
20781,0.001071083,1.071083,1000
20782,0.01010772,10.10772,1000
20783,0.001313253,1.313253,1000
20784,0.004548578,4.548578,1000
20785,0.000474094,0.474094,1000
20786,0.000699707,0.699707,1000
20787,0.003803469,3.803469,1000
20788,0.000894169,0.894169,1000
20789,0.001015921,1.015921,1000
20790,0.001200761,1.200761,1000
20791,0.001590195,1.590195,1000
20792,0.002842641,2.842641,1000
20793,0.001020518,1.020518,1000
20794,0.00078378,0.78378,1000
20795,0.001042817,1.042817,1000
20796,0.000944446,0.944446,1000
20797,0.002274584,2.274584,1000
20798,0.000762643,0.762643,1000
20799,0.00157369,1.57369,1000
20800,0.000879135,0.879135,1000
20801,0.011754942,11.754942,1000
20802,0.001087227,1.087227,1000
20803,0.000877222,0.877222,1000
20804,0.040257261,40.257261,1000
20805,0.001315891,1.315891,1000
20806,0.00078309,0.78309,1000
20807,0.003248393,3.248393,1000
20808,0.00048428,0.48428,1000
20809,0.001323321,1.323321,1000
20810,0.001277899,1.277899,1000
20811,0.000891808,0.891808,1000
20812,0.001147967,1.147967,1000
20813,0.000580814,0.580814,1000
20814,0.000772997,0.772997,1000
20815,0.000911582,0.911582,1000
20816,0.000964089,0.964089,1000
20817,0.00078378,0.78378,1000
20818,0.00081312,0.81312,1000
20819,0.001097456,1.097456,1000
20820,0.000765364,0.765364,1000
20821,0.001097456,1.097456,1000
20822,0.000626919,0.626919,1000
20823,0.000603336,0.603336,1000
20824,0.000359174,0.359174,1000
20825,0.000681943,0.681943,1000
20826,0.001006995,1.006995,1000
20827,0.003073625,3.073625,1000
20828,0.000932205,0.932205,1000
20829,0.001042957,1.042957,1000
20830,0.001155282,1.155282,1000
20831,0.004320827,4.320827,1000
20832,0.006074098,6.074098,1000
20833,0.0254412,25.4412,1000
20834,0.000711597,0.711597,1000
20835,0.002332958,2.332958,1000
20836,0.001190274,1.190274,1000
20837,0.00249824,2.49824,1000
20838,0.000824197,0.824197,1000
20839,0.00114829,1.14829,1000
20840,0.001091673,1.091673,1000
20841,0.000752697,0.752697,1000
20842,0.000481969,0.481969,1000
20843,0.001043822,1.043822,1000
20844,0.000539296,0.539296,1000
20845,0.001327519,1.327519,1000
20846,0.000937371,0.937371,1000
20847,0.001157719,1.157719,1000
20848,0.000887086,0.887086,1000
20849,0.001750714,1.750714,1000
20850,0.000589697,0.589697,1000
20851,0.000558774,0.558774,1000
20852,0.001956794,1.956794,1000
20853,0.001134773,1.134773,1000
20854,0.000999358,0.999358,1000
20855,0.001201437,1.201437,1000
20856,0.001666066,1.666066,1000
20857,0.06457915,64.57915,1000
20858,0.001134919,1.134919,1000
20859,0.012414159,12.414159,1000
20860,0.000787035,0.787035,1000
20861,0.000772112,0.772112,1000
20862,0.001011161,1.011161,1000
20863,0.000993186,0.993186,1000
20864,0.000501922,0.501922,1000
20865,0.000320001,0.320001,1000
20866,0.000458021,0.458021,1000
20867,0.000707552,0.707552,1000
20868,0.001141219,1.141219,1000
20869,0.008126569,8.126569,1000
20870,0.001134926,1.134926,1000
20871,0.000765768,0.765768,1000
20872,0.002899056,2.899056,1000
20873,0.001210525,1.210525,1000
20874,0.000896169,0.896169,1000
20875,0.001082418,1.082418,1000
20876,0.001134919,1.134919,1000
20877,0.000789066,0.789066,1000
20878,0.00154718,1.54718,1000
20879,0.000685024,0.685024,1000
20880,0.000601705,0.601705,1000
20881,0.000684725,0.684725,1000
20882,0.001524379,1.524379,1000
20883,0.003404886,3.404886,1000
20884,0.001330905,1.330905,1000
20885,0.001339782,1.339782,1000
20886,0.003307982,3.307982,1000
20887,0.001539132,1.539132,1000
20888,0.000900891,0.900891,1000
20889,0.001153183,1.153183,1000
20890,0.000341593,0.341593,1000
20891,0.001821889,1.821889,1000
20892,0.000330229,0.330229,1000
20893,0.00131983,1.31983,1000
20894,0.001042817,1.042817,1000
20895,0.001006227,1.006227,1000
20896,0.00172086,1.72086,1000
20897,0.000446996,0.446996,1000
20898,0.001254738,1.254738,1000
20899,0.003219095,3.219095,1000
20900,0.000445553,0.445553,1000
20901,0.00049497,0.49497,1000
20902,0.00159616,1.59616,1000
20903,0.003833776,3.833776,1000
20904,0.000892347,0.892347,1000
20905,0.000356118,0.356118,1000
20906,0.000331255,0.331255,1000
20907,0.000783777,0.783777,1000
20908,0.001042516,1.042516,1000
20909,0.000813867,0.813867,1000
20910,0.000960681,0.960681,1000
20911,0.00059064,0.59064,1000
20912,0.000563547,0.563547,1000
20913,0.000729775,0.729775,1000
20914,0.003102581,3.102581,1000
20915,0.000856595,0.856595,1000
20916,0.000592749,0.592749,1000
20917,0.000291686,0.291686,1000
20918,0.003262996,3.262996,1000
20919,0.001290815,1.290815,1000
20920,0.00122394,1.22394,1000
20921,0.000346585,0.346585,1000
20922,0.000684379,0.684379,1000
20923,0.000806392,0.806392,1000
20924,0.013328599,13.328599,1000
20925,0.001403256,1.403256,1000
20926,0.006066475,6.066475,1000
20927,0.001006227,1.006227,1000
20928,0.00176403,1.76403,1000
20929,0.001150787,1.150787,1000
20930,0.003449791,3.449791,1000
20931,0.002041994,2.041994,1000
20932,0.000723541,0.723541,1000
20933,0.000628763,0.628763,1000
20934,0.008013917,8.013917,1000
20935,0.000991812,0.991812,1000
20936,0.001657899,1.657899,1000
20937,0.000477532,0.477532,1000
20938,0.001801488,1.801488,1000
20939,0.000595984,0.595984,1000
20940,0.000847436,0.847436,1000
20941,0.000868993,0.868993,1000
20942,0.001608681,1.608681,1000
20943,0.000762159,0.762159,1000
20944,0.000812957,0.812957,1000
20945,0.000827695,0.827695,1000
20946,0.001519616,1.519616,1000
20947,0.000434599,0.434599,1000
20948,0.00110729,1.10729,1000
20949,0.001062519,1.062519,1000
20950,0.000930387,0.930387,1000
20951,0.001825149,1.825149,1000
20952,0.003090455,3.090455,1000
20953,0.001414193,1.414193,1000
20954,0.000732709,0.732709,1000
20955,0.000999364,0.999364,1000
20956,0.000627079,0.627079,1000
20957,0.001071083,1.071083,1000
20958,0.001011936,1.011936,1000
20959,0.001098214,1.098214,1000
20960,0.000780871,0.780871,1000
20961,0.001089372,1.089372,1000
20962,0.000858252,0.858252,1000
20963,0.000542147,0.542147,1000
20964,0.000889045,0.889045,1000
20965,0.001612347,1.612347,1000
20966,0.000839351,0.839351,1000
20967,0.000986326,0.986326,1000
20968,0.007137723,7.137723,1000
20969,0.00081312,0.81312,1000
20970,0.000343713,0.343713,1000
20971,0.001888591,1.888591,1000
20972,0.000776136,0.776136,1000
20973,0.001838994,1.838994,1000
20974,0.001375999,1.375999,1000
20975,0.000722096,0.722096,1000
20976,0.004458938,4.458938,1000
20977,0.008143691,8.143691,1000
20978,0.001011936,1.011936,1000
20979,0.000934142,0.934142,1000
20980,0.000708135,0.708135,1000
20981,0.001128329,1.128329,1000
20982,0.001165446,1.165446,1000
20983,0.001062502,1.062502,1000
20984,0.001048891,1.048891,1000
20985,0.000942482,0.942482,1000
20986,0.000330781,0.330781,1000
20987,0.002734017,2.734017,1000
20988,0.00828478,8.28478,1000
20989,0.000336433,0.336433,1000
20990,0.001006227,1.006227,1000
20991,0.00517616,5.17616,1000
20992,0.000618423,0.618423,1000
20993,0.001016242,1.016242,1000
20994,0.000690316,0.690316,1000
20996,0.002695731,2.695731,1000
20997,0.001661752,1.661752,1000
20998,0.00079337,0.79337,1000
20999,0.000833489,0.833489,1000
21000,0.000661314,0.661314,1000
21001,0.001053927,1.053927,1000
21002,0.000379496,0.379496,1000
21003,0.000825966,0.825966,1000
21004,0.000326774,0.326774,1000
21005,0.000917184,0.917184,1000
21006,0.001062519,1.062519,1000
21007,0.001768097,1.768097,1000
21008,0.000608365,0.608365,1000
21009,0.000882994,0.882994,1000
21010,0.000811275,0.811275,1000
21011,0.000753508,0.753508,1000
21012,0.149863424,149.863424,1000
21013,0.000820668,0.820668,1000
21014,0.000680636,0.680636,1000
21015,0.00083855,0.83855,1000
21016,0.001011936,1.011936,1000
21017,0.001212338,1.212338,1000
21018,0.000960681,0.960681,1000
21019,0.001143068,1.143068,1000
21020,0.016185989,16.185989,1000
21021,0.001442292,1.442292,1000
21022,0.000783777,0.783777,1000
21023,0.001458463,1.458463,1000
21024,0.000382906,0.382906,1000
21025,0.000881297,0.881297,1000
21026,0.000962641,0.962641,1000
21027,0.000801904,0.801904,1000
21028,0.001036324,1.036324,1000
21029,0.000762355,0.762355,1000
21030,0.000839638,0.839638,1000
21031,0.000839551,0.839551,1000
21032,0.002627886,2.627886,1000
21033,0.000407946,0.407946,1000
21034,0.000969304,0.969304,1000
21035,0.000955592,0.955592,1000
21036,0.000868754,0.868754,1000
21037,0.011556442,11.556442,1000
21038,0.000783777,0.783777,1000
21039,0.000868085,0.868085,1000
21040,0.000701676,0.701676,1000
21041,0.001070445,1.070445,1000
21042,0.000692541,0.692541,1000
21043,0.007929358,7.929358,1000
21044,0.001141219,1.141219,1000
21045,0.000552605,0.552605,1000
21046,0.000688375,0.688375,1000
21047,0.001041789,1.041789,1000
21048,0.000845593,0.845593,1000
21049,0.000783144,0.783144,1000
21050,0.000630407,0.630407,1000
21051,0.006504432,6.504432,1000
21052,0.000871644,0.871644,1000
21053,0.003450575,3.450575,1000
21054,0.001042957,1.042957,1000
21055,0.001397312,1.397312,1000
21056,0.00105785,1.05785,1000
21057,0.000751202,0.751202,1000
21058,0.002053156,2.053156,1000
21059,0.001149895,1.149895,1000
21060,0.001522992,1.522992,1000
21061,0.000691736,0.691736,1000
21062,0.000426503,0.426503,1000
21063,0.000471974,0.471974,1000
21064,0.002768115,2.768115,1000
21065,0.001017219,1.017219,1000
21066,0.003275929,3.275929,1000
21067,0.001141219,1.141219,1000
21068,0.001473925,1.473925,1000
21069,0.000674101,0.674101,1000
21070,0.000985141,0.985141,1000
21071,0.001073475,1.073475,1000
21072,0.001600187,1.600187,1000
21073,0.000835025,0.835025,1000
21074,0.000878358,0.878358,1000
21075,0.001149437,1.149437,1000
21076,0.000894745,0.894745,1000
21077,0.000563126,0.563126,1000
21078,0.001174425,1.174425,1000
21079,0.000732339,0.732339,1000
21080,0.000855637,0.855637,1000
21081,0.001043855,1.043855,1000
21082,0.001043074,1.043074,1000
21083,0.000825966,0.825966,1000
21084,0.001081154,1.081154,1000
21085,0.001480218,1.480218,1000
21086,0.001366213,1.366213,1000
21087,0.001256524,1.256524,1000
21088,0.001454469,1.454469,1000
21089,0.004295026,4.295026,1000
21090,0.001024319,1.024319,1000
21091,0.039669209,39.669209,1000
21092,0.001456381,1.456381,1000
21093,0.000954263,0.954263,1000
21094,0.000873885,0.873885,1000
21095,0.002909443,2.909443,1000
21096,0.002121812,2.121812,1000
21097,0.002701339,2.701339,1000
21098,0.000789216,0.789216,1000
21099,0.00522999,5.22999,1000
21100,0.000907903,0.907903,1000
21101,0.00081312,0.81312,1000
21102,0.000853886,0.853886,1000
21103,0.001192896,1.192896,1000
21104,0.002750614,2.750614,1000
21105,0.000826423,0.826423,1000
21106,0.000701042,0.701042,1000
21107,0.000515938,0.515938,1000
21108,0.00091243,0.91243,1000
21109,0.008016847,8.016847,1000
21110,0.014989042,14.989042,1000
21111,0.00097479,0.97479,1000
21112,0.000499779,0.499779,1000
21113,0.003297314,3.297314,1000
21114,0.008117929,8.117929,1000
21115,0.000664011,0.664011,1000
21116,0.001164426,1.164426,1000
21117,0.000491312,0.491312,1000
21118,0.001011936,1.011936,1000
21119,0.000716568,0.716568,1000
21120,0.000616192,0.616192,1000
21121,0.00096666,0.96666,1000
21122,0.001151613,1.151613,1000
21123,0.000587829,0.587829,1000
21124,0.001608681,1.608681,1000
21125,0.002959129,2.959129,1000
21126,0.000679683,0.679683,1000
21127,0.00037122,0.37122,1000
21128,0.000772466,0.772466,1000
21129,0.001510527,1.510527,1000
21130,0.00082836,0.82836,1000
21131,0.000806593,0.806593,1000
21132,0.000869408,0.869408,1000
21133,0.000858413,0.858413,1000
21134,0.000615028,0.615028,1000
21135,0.000881133,0.881133,1000
21136,0.000721613,0.721613,1000
21137,0.000674181,0.674181,1000
21138,0.001367656,1.367656,1000
21139,0.000682529,0.682529,1000
21140,0.000401231,0.401231,1000
21141,0.015878771,15.878771,1000
21142,0.001047998,1.047998,1000
21143,0.001012134,1.012134,1000
21144,0.000941581,0.941581,1000
21145,0.000981468,0.981468,1000
21146,0.001056954,1.056954,1000
21147,0.000758355,0.758355,1000
21148,0.001224573,1.224573,1000
21149,0.000876815,0.876815,1000
21150,0.000630926,0.630926,1000
21151,0.003321979,3.321979,1000
21152,0.000802032,0.802032,1000
21153,0.008277994,8.277994,1000
21154,0.011104999,11.104999,1000
21155,0.000713488,0.713488,1000
21156,0.001149474,1.149474,1000
21157,0.003429027,3.429027,1000
21158,0.000817785,0.817785,1000
21160,0.001334149,1.334149,1000
21161,0.004625468,4.625468,1000
21162,0.000807546,0.807546,1000
21163,0.000242678,0.242678,1000
21164,0.001536058,1.536058,1000
21165,0.005432568,5.432568,1000
21166,0.008246195,8.246195,1000
21167,0.002179309,2.179309,1000
21168,0.000623336,0.623336,1000
21169,0.008125228,8.125228,1000
21170,0.000730308,0.730308,1000
21171,0.00073924,0.73924,1000
21172,0.000700988,0.700988,1000
21173,0.000891204,0.891204,1000
21174,0.000937371,0.937371,1000
21175,0.001619856,1.619856,1000
21176,0.000825969,0.825969,1000
21177,0.001218698,1.218698,1000
21178,0.000993186,0.993186,1000
21179,0.000560061,0.560061,1000
21180,0.040390944,40.390944,1000
21181,0.001042817,1.042817,1000
21182,0.003593116,3.593116,1000
21183,0.000871644,0.871644,1000
21184,0.001061214,1.061214,1000
21185,0.001057279,1.057279,1000
21186,0.019808083,19.808083,1000
21187,0.00137604,1.37604,1000
21188,0.000437215,0.437215,1000
21189,0.023725472,23.725472,1000
21190,0.000668639,0.668639,1000
21191,0.001014438,1.014438,1000
21192,0.000878349,0.878349,1000
21193,0.001007143,1.007143,1000
21194,0.000678744,0.678744,1000
21195,0.000624695,0.624695,1000
21196,0.001617599,1.617599,1000
21197,0.00363021,3.63021,1000
21198,0.004272229,4.272229,1000
21199,0.000459811,0.459811,1000
21200,0.003186189,3.186189,1000
21201,0.001358534,1.358534,1000
21202,0.001262763,1.262763,1000
21203,0.000823409,0.823409,1000
21204,0.040092292,40.092292,1000
21205,0.000601886,0.601886,1000
21206,0.001013831,1.013831,1000
21207,0.000917926,0.917926,1000
21208,0.006570462,6.570462,1000
21209,0.75088057,750.88057,1000
21210,0.0013403,1.3403,1000
21211,0.000570254,0.570254,1000
21212,0.001269583,1.269583,1000
21213,0.000690996,0.690996,1000
21214,0.000899067,0.899067,1000
21215,0.00075472,0.75472,1000
21216,0.000660507,0.660507,1000
21217,0.000840957,0.840957,1000
21218,0.000662669,0.662669,1000
21219,0.001623147,1.623147,1000
21220,0.001153677,1.153677,1000
21221,0.001218698,1.218698,1000
21222,0.001044721,1.044721,1000
21223,0.001081154,1.081154,1000
21224,0.000744253,0.744253,1000
21225,0.002543132,2.543132,1000
21226,0.000882371,0.882371,1000
21227,0.001003141,1.003141,1000
21228,0.007222971,7.222971,1000
21229,0.001335576,1.335576,1000
21230,0.000849033,0.849033,1000
21231,0.000993186,0.993186,1000
21232,0.000659781,0.659781,1000
21233,0.000966563,0.966563,1000
21234,0.000586322,0.586322,1000
21235,0.000948554,0.948554,1000
21236,0.000843581,0.843581,1000
21237,0.000735085,0.735085,1000
21238,0.002517875,2.517875,1000
21239,0.003429743,3.429743,1000
21240,0.000885374,0.885374,1000
21241,0.001155124,1.155124,1000
21242,0.001011936,1.011936,1000
21243,0.001071105,1.071105,1000
21244,0.001035252,1.035252,1000
21245,0.000993186,0.993186,1000
21246,0.000939646,0.939646,1000
21247,0.003263647,3.263647,1000
21248,0.001374127,1.374127,1000
21249,0.001452382,1.452382,1000
21250,0.018380256,18.380256,1000
21251,0.008393412,8.393412,1000
21252,0.000907469,0.907469,1000
21253,0.001015183,1.015183,1000
21254,0.000955012,0.955012,1000
21255,0.000715432,0.715432,1000
21256,0.019110856,19.110856,1000
21257,0.001042979,1.042979,1000
21258,0.000416496,0.416496,1000
21259,0.001239546,1.239546,1000
21260,0.016516595,16.516595,1000
21261,0.001182878,1.182878,1000
21262,0.000849008,0.849008,1000
21263,0.001174995,1.174995,1000
21264,0.000784247,0.784247,1000
21265,0.001720278,1.720278,1000
21266,0.000851462,0.851462,1000
21267,0.001023064,1.023064,1000
21268,0.000577124,0.577124,1000
21269,0.000733194,0.733194,1000
21270,0.040507692,40.507692,1000
21271,0.000894337,0.894337,1000
21272,0.000657281,0.657281,1000
21273,0.000885431,0.885431,1000
21274,0.000444241,0.444241,1000
21275,0.000767862,0.767862,1000
21276,0.000615477,0.615477,1000
21277,0.001006227,1.006227,1000
21278,0.001291086,1.291086,1000
21279,0.001520493,1.520493,1000
21280,0.000474214,0.474214,1000
21281,0.001350815,1.350815,1000
21282,0.000839795,0.839795,1000
21283,0.000684608,0.684608,1000
21284,0.000436287,0.436287,1000
21285,0.001261728,1.261728,1000
21286,0.000629427,0.629427,1000
21287,0.001460548,1.460548,1000
21288,0.001759433,1.759433,1000
21289,0.003606898,3.606898,1000
21290,0.000653177,0.653177,1000
21291,0.000878389,0.878389,1000
21292,0.000943692,0.943692,1000
21293,0.001132642,1.132642,1000
21294,0.000825969,0.825969,1000
21295,0.001042368,1.042368,1000
21296,0.000991852,0.991852,1000
21297,0.000772085,0.772085,1000
21298,0.001480195,1.480195,1000
21299,0.00103507,1.03507,1000
21300,0.012361668,12.361668,1000
21301,0.001609087,1.609087,1000
21302,0.000825966,0.825966,1000
21303,0.001062648,1.062648,1000
21304,0.001042957,1.042957,1000
21305,0.000825969,0.825969,1000
21306,0.00055148,0.55148,1000
21307,0.000932588,0.932588,1000
21308,0.001042957,1.042957,1000
21309,0.000804875,0.804875,1000
21310,0.001000921,1.000921,1000
21311,0.001144044,1.144044,1000
21312,0.000941766,0.941766,1000
21313,0.001382519,1.382519,1000
21314,0.001390629,1.390629,1000
21316,0.0011957,1.1957,1000
21317,0.000817015,0.817015,1000
21318,0.002753718,2.753718,1000
21319,0.000577382,0.577382,1000
21320,0.000690127,0.690127,1000
21321,0.001896799,1.896799,1000
21322,0.002729941,2.729941,1000
21323,0.002895273,2.895273,1000
21324,0.001190686,1.190686,1000
21325,0.001732465,1.732465,1000
21326,0.001432191,1.432191,1000
21327,0.008022396,8.022396,1000
21328,0.000935639,0.935639,1000
21329,0.000979738,0.979738,1000
21330,0.002857593,2.857593,1000
21331,0.002719464,2.719464,1000
21332,0.002833491,2.833491,1000
21333,0.016047999,16.047999,1000
21334,0.000550629,0.550629,1000
21335,0.006756318,6.756318,1000
21336,0.000917947,0.917947,1000
21337,0.000892259,0.892259,1000
21338,0.000229168,0.229168,1000
21339,0.000791351,0.791351,1000
21340,0.002529444,2.529444,1000
21341,0.000633174,0.633174,1000
21342,0.001081154,1.081154,1000
21343,0.002766901,2.766901,1000
21344,0.000689843,0.689843,1000
21345,0.001097055,1.097055,1000
21346,0.00266956,2.66956,1000
21347,0.001655743,1.655743,1000
21348,0.001561054,1.561054,1000
21349,0.001613369,1.613369,1000
21350,0.000691947,0.691947,1000
21351,0.001385374,1.385374,1000
21352,0.000486815,0.486815,1000
21353,0.000476611,0.476611,1000
21354,0.000451521,0.451521,1000
21355,0.001070943,1.070943,1000
21356,0.000815969,0.815969,1000
21357,0.000597451,0.597451,1000
21358,0.000735291,0.735291,1000
21359,0.001661413,1.661413,1000
21360,0.000639417,0.639417,1000
21361,0.000860071,0.860071,1000
21362,0.000876707,0.876707,1000
21363,0.008516108,8.516108,1000
21364,0.002742635,2.742635,1000
21365,0.001288767,1.288767,1000
21366,0.000854012,0.854012,1000
21367,0.001042366,1.042366,1000
21368,0.001034772,1.034772,1000
21369,0.00041775,0.41775,1000
21370,0.001243802,1.243802,1000
21371,0.005712097,5.712097,1000
21372,0.001279765,1.279765,1000
21373,0.001340011,1.340011,1000
21374,0.001518189,1.518189,1000
21375,0.001463596,1.463596,1000
21376,0.001448174,1.448174,1000
21377,0.000917278,0.917278,1000
21378,0.000791045,0.791045,1000
21379,0.001678311,1.678311,1000
21380,0.056254754,56.254754,1000
21381,0.00274703,2.74703,1000
21382,0.000752634,0.752634,1000
21383,0.000976709,0.976709,1000
21384,0.002093684,2.093684,1000
21385,0.001466521,1.466521,1000
21386,0.000729643,0.729643,1000
21387,0.000304979,0.304979,1000
21388,0.000969509,0.969509,1000
21389,0.000561908,0.561908,1000
21390,0.000726831,0.726831,1000
21391,0.001499095,1.499095,1000
21392,0.003674657,3.674657,1000
21393,0.01192845,11.92845,1000
21394,0.001018654,1.018654,1000
21395,0.006507411,6.507411,1000
21396,0.000796225,0.796225,1000
21397,0.001826577,1.826577,1000
21398,0.000422644,0.422644,1000
21399,0.00110954,1.10954,1000
21400,0.021585924,21.585924,1000
21401,0.001361307,1.361307,1000
21402,0.000613337,0.613337,1000
21403,0.000619717,0.619717,1000
21404,0.000871761,0.871761,1000
21405,0.00202597,2.02597,1000
21406,0.000318703,0.318703,1000
21407,0.001163337,1.163337,1000
21408,0.00165613,1.65613,1000
21409,0.000631382,0.631382,1000
21410,0.046274044,46.274044,1000
21411,0.001073648,1.073648,1000
21412,0.007945728,7.945728,1000
21413,0.001925415,1.925415,1000
21414,0.015986988,15.986988,1000
21415,0.001376094,1.376094,1000
21416,0.001340132,1.340132,1000
21417,0.016093033,16.093033,1000
21418,0.014201679,14.201679,1000
21419,0.000831822,0.831822,1000
21420,0.016326501,16.326501,1000
21421,0.001270422,1.270422,1000
21422,0.001104592,1.104592,1000
21423,0.000937243,0.937243,1000
21424,0.000610806,0.610806,1000
21425,0.000599438,0.599438,1000
21426,0.000755809,0.755809,1000
21427,0.001316588,1.316588,1000
21428,0.00136081,1.36081,1000
21429,0.595283003,595.283003,1000
21430,0.000779386,0.779386,1000
21431,0.001496605,1.496605,1000
21432,0.001505839,1.505839,1000
21433,0.000905079,0.905079,1000
21434,0.001372288,1.372288,1000
21435,0.000818367,0.818367,1000
21436,0.000690463,0.690463,1000
21437,0.000368291,0.368291,1000
21438,0.001017236,1.017236,1000
21439,0.002020827,2.020827,1000
21440,0.000891791,0.891791,1000
21441,0.000908651,0.908651,1000
21442,0.001011936,1.011936,1000
21443,0.06457589,64.57589,1000
21444,0.001044721,1.044721,1000
21445,0.001071118,1.071118,1000
21446,0.000855133,0.855133,1000
21447,0.00081576,0.81576,1000
21448,0.001053578,1.053578,1000
21449,0.000811596,0.811596,1000
21450,0.000995192,0.995192,1000
21451,0.469415277,469.415277,1000
21452,0.008244544,8.244544,1000
21453,0.001814523,1.814523,1000
21454,0.005190917,5.190917,1000
21455,0.00059224,0.59224,1000
21456,0.001456359,1.456359,1000
21457,0.001520188,1.520188,1000
21458,0.00101341,1.01341,1000
21459,0.002527194,2.527194,1000
21460,0.00081312,0.81312,1000
21461,0.000830816,0.830816,1000
21462,0.000740399,0.740399,1000
21463,0.000816599,0.816599,1000
21464,0.001501968,1.501968,1000
21465,0.00103168,1.03168,1000
21466,0.000718144,0.718144,1000
21467,0.000783243,0.783243,1000
21468,0.002929853,2.929853,1000
21469,0.040439696,40.439696,1000
21470,0.001047998,1.047998,1000
21471,0.000976817,0.976817,1000
21472,0.00032597,0.32597,1000
21473,0.369082647,369.082647,1000
21474,0.003354624,3.354624,1000
21475,0.034550973,34.550973,1000
21476,0.010064621,10.064621,1000
21477,0.000892914,0.892914,1000
21478,0.076706761,76.706761,1000
21479,0.003636489,3.636489,1000
21480,0.008117919,8.117919,1000
21481,0.003208684,3.208684,1000
21482,0.002248284,2.248284,1000
21483,0.000653107,0.653107,1000
21484,0.000687654,0.687654,1000
21485,0.001157966,1.157966,1000
21486,0.000934765,0.934765,1000
21487,0.000754701,0.754701,1000
21488,0.001140194,1.140194,1000
21489,0.000585459,0.585459,1000
21490,0.571602571,571.602571,1000
21491,0.001625344,1.625344,1000
21492,0.0007645,0.7645,1000
21493,0.002402587,2.402587,1000
21494,0.015871837,15.871837,1000
21495,0.003186368,3.186368,1000
21496,0.008225164,8.225164,1000
21497,0.001077787,1.077787,1000
21498,0.001370182,1.370182,1000
21499,0.027175455,27.175455,1000
21500,0.008070324,8.070324,1000
21501,0.003239672,3.239672,1000
21502,0.003152519,3.152519,1000
21503,0.007993049,7.993049,1000
21504,0.002865833,2.865833,1000
21505,0.040610155,40.610155,1000
21506,0.001383356,1.383356,1000
21507,0.001466837,1.466837,1000
21508,0.001031291,1.031291,1000
21509,0.000788144,0.788144,1000
21510,0.000548241,0.548241,1000
21511,0.002261927,2.261927,1000
21512,0.000866795,0.866795,1000
21513,0.000835653,0.835653,1000
21514,0.002777599,2.777599,1000
21515,0.00851165,8.51165,1000
21516,0.000622393,0.622393,1000
21517,0.003154316,3.154316,1000
21518,0.00034599,0.34599,1000
21519,0.003224431,3.224431,1000
21520,0.000928515,0.928515,1000
21521,0.000975865,0.975865,1000
21522,0.010123976,10.123976,1000
21523,0.001042957,1.042957,1000
21524,0.002887452,2.887452,1000
21525,0.000623049,0.623049,1000
21526,0.000560093,0.560093,1000
21527,0.000554479,0.554479,1000
21528,0.001284044,1.284044,1000
21529,0.00092221,0.92221,1000
21530,0.001031114,1.031114,1000
21531,0.002958689,2.958689,1000
21532,0.026573666,26.573666,1000
21533,0.026688393,26.688393,1000
21534,0.001175013,1.175013,1000
21535,0.008242191,8.242191,1000
21536,0.001045357,1.045357,1000
21537,0.001085697,1.085697,1000
21538,0.000817435,0.817435,1000
21539,0.015998597,15.998597,1000
21540,0.003209459,3.209459,1000
21541,0.056559566,56.559566,1000
21542,0.016184512,16.184512,1000
21543,0.002831825,2.831825,1000
21544,0.003274147,3.274147,1000
21545,0.028242475,28.242475,1000
21546,0.002858707,2.858707,1000
21547,0.000364807,0.364807,1000
21548,0.000941102,0.941102,1000
21549,0.000519921,0.519921,1000
21550,0.00328895,3.28895,1000
21551,0.01592149,15.92149,1000
21552,0.003105108,3.105108,1000
21553,0.000798789,0.798789,1000
21554,0.000407582,0.407582,1000
21555,0.015925209,15.925209,1000
21556,0.000963379,0.963379,1000
21557,0.008671941,8.671941,1000
21558,0.001506275,1.506275,1000
21559,0.002126347,2.126347,1000
21560,0.000279853,0.279853,1000
21561,0.000642954,0.642954,1000
21562,0.000328731,0.328731,1000
21563,0.00115691,1.15691,1000
21564,0.001369749,1.369749,1000
21565,0.016352318,16.352318,1000
21566,0.003216908,3.216908,1000
21567,0.008251882,8.251882,1000
21568,0.000857365,0.857365,1000
21569,0.000725492,0.725492,1000
21570,0.002871586,2.871586,1000
21571,0.022772015,22.772015,1000
21572,0.007051223,7.051223,1000
21573,0.001310241,1.310241,1000
21574,0.000615023,0.615023,1000
21575,0.004104814,4.104814,1000
21576,0.00028123,0.28123,1000
21577,0.001523753,1.523753,1000
21578,0.001011808,1.011808,1000
21579,0.000339639,0.339639,1000
21580,0.000337997,0.337997,1000
21581,0.000376446,0.376446,1000
21582,0.000883135,0.883135,1000
21583,0.000788304,0.788304,1000
21584,0.000606404,0.606404,1000
21585,0.001000921,1.000921,1000
21586,0.000404389,0.404389,1000
21587,0.008009957,8.009957,1000
21588,0.003341617,3.341617,1000
21589,0.008071686,8.071686,1000
21590,0.000452356,0.452356,1000
21591,0.016054936,16.054936,1000
21592,0.016045046,16.045046,1000
21593,0.000663737,0.663737,1000
21594,0.007946334,7.946334,1000
21595,0.000788376,0.788376,1000
21596,0.027222123,27.222123,1000
21597,0.026575947,26.575947,1000
21598,0.003292957,3.292957,1000
21599,0.056299035,56.299035,1000
21600,0.001104592,1.104592,1000
21601,0.009765569,9.765569,1000
21602,0.002755807,2.755807,1000
21603,0.000791045,0.791045,1000
21604,0.001119957,1.119957,1000
21605,0.007986375,7.986375,1000
21606,0.002792999,2.792999,1000
21607,0.002376336,2.376336,1000
21608,0.015977759,15.977759,1000
21609,0.009328803,9.328803,1000
21610,0.039936018,39.936018,1000
21611,0.008517214,8.517214,1000
21612,0.015950847,15.950847,1000
21613,0.000495325,0.495325,1000
21614,0.00114377,1.14377,1000
21615,0.000417073,0.417073,1000
21616,0.0015549,1.5549,1000
21617,0.009597827,9.597827,1000
21618,0.003005981,3.005981,1000
21619,0.015845956,15.845956,1000
21620,0.001423582,1.423582,1000
21621,0.001352399,1.352399,1000
21622,0.001505839,1.505839,1000
21623,0.008013499,8.013499,1000
21624,0.00157646,1.57646,1000
21625,0.000536365,0.536365,1000
21626,0.001228838,1.228838,1000
21627,0.001334072,1.334072,1000
21628,0.003044434,3.044434,1000
21629,0.002804059,2.804059,1000
21630,0.003512211,3.512211,1000
21631,0.040078391,40.078391,1000
21632,0.000365525,0.365525,1000
21633,0.000711168,0.711168,1000
21634,0.007941173,7.941173,1000
21635,0.00799325,7.99325,1000
21636,0.000753347,0.753347,1000
21637,0.000391452,0.391452,1000
21638,0.002739448,2.739448,1000
21639,0.003104014,3.104014,1000
21640,0.001281428,1.281428,1000
21641,0.00332136,3.32136,1000
21642,0.016668423,16.668423,1000
21643,0.000683349,0.683349,1000
21644,0.001406632,1.406632,1000
21645,0.001299533,1.299533,1000
21646,0.000630194,0.630194,1000
21647,0.000719132,0.719132,1000
21648,0.001062519,1.062519,1000
21649,0.000641354,0.641354,1000
21650,0.001299679,1.299679,1000
21651,0.000272989,0.272989,1000
21652,0.001821889,1.821889,1000
21653,0.001085158,1.085158,1000
21654,0.001063145,1.063145,1000
21655,0.001643355,1.643355,1000
21656,0.000577658,0.577658,1000
21657,0.015836436,15.836436,1000
21658,0.000595312,0.595312,1000
21659,0.016708547,16.708547,1000
21660,0.000581342,0.581342,1000
21661,0.008193181,8.193181,1000
21662,0.015966587,15.966587,1000
21663,0.016167236,16.167236,1000
21664,0.002818554,2.818554,1000
21665,0.001320834,1.320834,1000
21666,0.004581471,4.581471,1000
21667,0.008089306,8.089306,1000
21668,0.000650852,0.650852,1000
21669,0.015967689,15.967689,1000
21670,0.0159224,15.9224,1000
21671,0.008247129,8.247129,1000
21672,0.008126788,8.126788,1000
21673,0.002881856,2.881856,1000
21674,0.008102181,8.102181,1000
21675,0.00081927,0.81927,1000
21676,0.002835523,2.835523,1000
21677,0.008190033,8.190033,1000
21678,0.009170609,9.170609,1000
21679,0.026791625,26.791625,1000
21680,0.002908852,2.908852,1000
21681,0.015919898,15.919898,1000
21682,0.000517905,0.517905,1000
21683,0.041017651,41.017651,1000
21684,0.007947803,7.947803,1000
21685,0.039943576,39.943576,1000
21686,0.008311133,8.311133,1000
21687,0.008219721,8.219721,1000
21688,0.001128015,1.128015,1000
21689,0.003098739,3.098739,1000
21690,0.016018945,16.018945,1000
21691,0.001108836,1.108836,1000
21692,0.000671223,0.671223,1000
21693,0.003067245,3.067245,1000
21694,0.002717286,2.717286,1000
21695,0.000971616,0.971616,1000
21696,0.008771629,8.771629,1000
21697,0.002823996,2.823996,1000
21698,0.003580305,3.580305,1000
21699,0.00299746,2.99746,1000
21700,0.000731306,0.731306,1000
21701,0.015863102,15.863102,1000
21702,0.002901879,2.901879,1000
21703,0.008329982,8.329982,1000
21704,0.000909523,0.909523,1000
21705,0.000695364,0.695364,1000
21706,0.001404839,1.404839,1000
21707,0.016151222,16.151222,1000
21708,0.000657094,0.657094,1000
21709,0.008243985,8.243985,1000
21710,0.00076741,0.76741,1000
21711,0.001253304,1.253304,1000
21712,0.00035065,0.35065,1000
21713,0.003512426,3.512426,1000
21714,0.00076873,0.76873,1000
21715,0.00100189,1.00189,1000
21716,0.010487688,10.487688,1000
21717,0.000497254,0.497254,1000
21718,0.000720274,0.720274,1000
21719,0.028715509,28.715509,1000
21720,0.001419501,1.419501,1000
21721,0.004916314,4.916314,1000
21722,0.001461931,1.461931,1000
21723,0.000877381,0.877381,1000
21724,0.00117853,1.17853,1000
21725,0.000575509,0.575509,1000
21726,0.000815447,0.815447,1000
21727,0.002261438,2.261438,1000
21728,0.001062569,1.062569,1000
21729,0.000809004,0.809004,1000
21730,0.001186323,1.186323,1000
21731,0.000936279,0.936279,1000
21732,0.002621154,2.621154,1000
21733,0.000718641,0.718641,1000
21734,0.001510527,1.510527,1000
21735,0.000993186,0.993186,1000
21736,0.000896405,0.896405,1000
21737,0.001147157,1.147157,1000
21738,0.001170239,1.170239,1000
21739,0.005118378,5.118378,1000
21740,0.008132318,8.132318,1000
21741,0.000713009,0.713009,1000
21742,0.026517976,26.517976,1000
21743,0.008222365,8.222365,1000
21744,0.026610122,26.610122,1000
21745,0.003187599,3.187599,1000
21746,0.00837835,8.37835,1000
21747,0.007995942,7.995942,1000
21748,0.002911138,2.911138,1000
21749,0.0005567,0.5567,1000
21750,0.001674801,1.674801,1000
21751,0.00285952,2.85952,1000
21752,0.000368715,0.368715,1000
21753,0.008148191,8.148191,1000
21754,0.003166695,3.166695,1000
21755,0.040249622,40.249622,1000
21756,0.008008804,8.008804,1000
21757,0.008329476,8.329476,1000
21758,0.008178024,8.178024,1000
21759,0.008070255,8.070255,1000
21760,0.000455698,0.455698,1000
21761,0.02660742,26.60742,1000
21762,0.001108243,1.108243,1000
21763,0.001011936,1.011936,1000
21764,0.001419752,1.419752,1000
21765,0.008006091,8.006091,1000
21766,0.008238797,8.238797,1000
21767,0.011273084,11.273084,1000
21768,0.000724694,0.724694,1000
21769,0.001336605,1.336605,1000
21770,0.002805744,2.805744,1000
21771,0.00111623,1.11623,1000
21772,0.007981128,7.981128,1000
21773,0.000472832,0.472832,1000
21774,0.000871067,0.871067,1000
21775,0.003178343,3.178343,1000
21776,0.008005809,8.005809,1000
21777,0.001071083,1.071083,1000
21778,0.0079737,7.9737,1000
21779,0.000239874,0.239874,1000
21780,0.00283819,2.83819,1000
21781,0.000509246,0.509246,1000
21782,0.003320707,3.320707,1000
21783,0.001523753,1.523753,1000
21784,0.000663882,0.663882,1000
21785,0.000501922,0.501922,1000
21786,0.000638666,0.638666,1000
21787,0.003533146,3.533146,1000
21788,0.00085953,0.85953,1000
21789,0.008388403,8.388403,1000
21790,0.000475388,0.475388,1000
21791,0.000572907,0.572907,1000
21792,0.001221731,1.221731,1000
21793,0.000608963,0.608963,1000
21794,0.000653471,0.653471,1000
21795,0.002869504,2.869504,1000
21796,0.001632122,1.632122,1000
21797,0.002972776,2.972776,1000
21798,0.001214564,1.214564,1000
21799,0.00081312,0.81312,1000
21800,0.000477433,0.477433,1000
21801,0.00063475,0.63475,1000
21802,0.000661735,0.661735,1000
21803,0.001748386,1.748386,1000
21804,0.001520493,1.520493,1000
21805,0.001743715,1.743715,1000
21806,0.008213722,8.213722,1000
21807,0.001518207,1.518207,1000
21808,0.00154718,1.54718,1000
21809,0.001359885,1.359885,1000
21810,0.000916903,0.916903,1000
21811,0.005589119,5.589119,1000
21812,0.001149588,1.149588,1000
21813,0.000713513,0.713513,1000
21814,0.001156383,1.156383,1000
21815,0.001391763,1.391763,1000
21816,0.026832811,26.832811,1000
21817,0.008086274,8.086274,1000
21818,0.000590131,0.590131,1000
21819,0.001062658,1.062658,1000
21820,0.002998017,2.998017,1000
21821,0.001062541,1.062541,1000
21822,0.026870569,26.870569,1000
21823,0.00089706,0.89706,1000
21824,0.008806891,8.806891,1000
21825,0.002702049,2.702049,1000
21826,0.000594218,0.594218,1000
21827,0.000419073,0.419073,1000
21828,0.000589679,0.589679,1000
21829,0.000307412,0.307412,1000
21830,0.075522059,75.522059,1000
21831,0.008246112,8.246112,1000
21832,0.00063532,0.63532,1000
21833,0.001197056,1.197056,1000
21834,0.002810432,2.810432,1000
21835,0.002971641,2.971641,1000
21836,0.003161863,3.161863,1000
21837,0.001409387,1.409387,1000
21838,0.001146068,1.146068,1000
21839,0.008000727,8.000727,1000
21840,0.056462711,56.462711,1000
21841,0.003210235,3.210235,1000
21842,0.001553504,1.553504,1000
21843,0.003250089,3.250089,1000
21844,0.002846522,2.846522,1000
21845,0.002963975,2.963975,1000
21846,0.000622503,0.622503,1000
21847,0.00119405,1.19405,1000
21848,0.004306648,4.306648,1000
21849,0.075165292,75.165292,1000
21850,0.008607676,8.607676,1000
21851,0.001487009,1.487009,1000
21852,0.00813473,8.13473,1000
21853,0.003214936,3.214936,1000
21854,0.003480752,3.480752,1000
21855,0.00049283,0.49283,1000
21856,0.000632635,0.632635,1000
21857,0.008129496,8.129496,1000
21858,0.007970065,7.970065,1000
21859,0.001033527,1.033527,1000
21860,0.001242727,1.242727,1000
21861,0.000386421,0.386421,1000
21862,0.000788507,0.788507,1000
21863,0.003416569,3.416569,1000
21864,0.001141219,1.141219,1000
21865,0.000445636,0.445636,1000
21866,0.000813207,0.813207,1000
21867,0.00337505,3.37505,1000
21868,0.000657454,0.657454,1000
21869,0.008614632,8.614632,1000
21870,0.000799341,0.799341,1000
21871,0.00160466,1.60466,1000
21872,0.000554073,0.554073,1000
21873,0.001024092,1.024092,1000
21874,0.001520388,1.520388,1000
21875,0.000753885,0.753885,1000
21876,0.000568132,0.568132,1000
21877,0.000655276,0.655276,1000
21878,0.001666066,1.666066,1000
21879,0.000541283,0.541283,1000
21880,0.000782886,0.782886,1000
21881,0.001854217,1.854217,1000
21882,0.000875785,0.875785,1000
21883,0.002070236,2.070236,1000
21884,0.003321903,3.321903,1000
21885,0.001819252,1.819252,1000
21886,0.00033839,0.33839,1000
21887,0.003026027,3.026027,1000
21888,0.001292688,1.292688,1000
21889,0.000644992,0.644992,1000
21890,0.000956977,0.956977,1000
21891,0.001391758,1.391758,1000
21892,0.000477472,0.477472,1000
21893,0.003573989,3.573989,1000
21894,0.026551993,26.551993,1000
21895,0.008103192,8.103192,1000
21896,0.016228855,16.228855,1000
21897,0.027129876,27.129876,1000
21898,0.008104007,8.104007,1000
21899,0.016194617,16.194617,1000
21900,0.00090067,0.90067,1000
21901,0.000673874,0.673874,1000
21902,0.015887154,15.887154,1000
21903,0.002937792,2.937792,1000
21904,0.000803572,0.803572,1000
21905,0.016018004,16.018004,1000
21906,0.026786305,26.786305,1000
21907,0.016037599,16.037599,1000
21908,0.000618314,0.618314,1000
21909,0.002852157,2.852157,1000
21910,0.015906253,15.906253,1000
21911,0.002806711,2.806711,1000
21912,0.00045013,0.45013,1000
21913,0.008569852,8.569852,1000
21914,0.016043862,16.043862,1000
21915,0.000329572,0.329572,1000
21916,0.000385674,0.385674,1000
21917,0.0036319,3.6319,1000
21918,0.002968453,2.968453,1000
21919,0.000563942,0.563942,1000
21920,0.002952101,2.952101,1000
21921,0.00324892,3.24892,1000
21922,0.001513667,1.513667,1000
21923,0.000313823,0.313823,1000
21924,0.002812812,2.812812,1000
21925,0.008127079,8.127079,1000
21926,0.002765939,2.765939,1000
21927,0.000368226,0.368226,1000
21928,0.003099558,3.099558,1000
21929,0.016032493,16.032493,1000
21930,0.000870952,0.870952,1000
21931,0.000926164,0.926164,1000
21932,0.001299245,1.299245,1000
21933,0.026742677,26.742677,1000
21934,0.003493483,3.493483,1000
21935,0.002698648,2.698648,1000
21936,0.003773404,3.773404,1000
21937,0.000671742,0.671742,1000
21938,0.00078877,0.78877,1000
21939,0.000291249,0.291249,1000
21940,0.001011911,1.011911,1000
21941,0.000615829,0.615829,1000
21942,0.001753079,1.753079,1000
21943,0.00072828,0.72828,1000
21944,0.000649542,0.649542,1000
21945,0.000441627,0.441627,1000
21946,0.001115373,1.115373,1000
21947,0.002755437,2.755437,1000
21948,0.000508196,0.508196,1000
21949,0.010489115,10.489115,1000
21950,0.000641867,0.641867,1000
21951,0.002925936,2.925936,1000
21952,0.00286857,2.86857,1000
21953,0.000719273,0.719273,1000
21954,0.126037081,126.037081,1000
21955,0.001505839,1.505839,1000
21956,0.001214739,1.214739,1000
21957,0.000663599,0.663599,1000
21958,0.000774491,0.774491,1000
21959,0.000804851,0.804851,1000
21960,0.000855261,0.855261,1000
21961,0.007972098,7.972098,1000
21962,0.000651819,0.651819,1000
21963,0.008162939,8.162939,1000
21964,0.00111633,1.11633,1000
21965,0.008040547,8.040547,1000
21966,0.000982479,0.982479,1000
21967,0.007933699,7.933699,1000
21968,0.000819989,0.819989,1000
21969,0.003503161,3.503161,1000
21970,0.015869958,15.869958,1000
21971,0.001151799,1.151799,1000
21972,0.008079172,8.079172,1000
21973,0.000253067,0.253067,1000
21974,0.040018954,40.018954,1000
21975,0.00809359,8.09359,1000
21976,0.008192463,8.192463,1000
21977,0.003257793,3.257793,1000
21978,0.00827609,8.27609,1000
21979,0.01605943,16.05943,1000
21980,0.015987514,15.987514,1000
21981,0.000461039,0.461039,1000
21982,0.00274323,2.74323,1000
21983,0.002981257,2.981257,1000
21984,0.002718013,2.718013,1000
21985,0.008439661,8.439661,1000
21986,0.000345386,0.345386,1000
21987,0.000296181,0.296181,1000
21988,0.015921363,15.921363,1000
21989,0.015925342,15.925342,1000
21990,0.008112082,8.112082,1000
21991,0.000828411,0.828411,1000
21992,0.002869159,2.869159,1000
21993,0.008084788,8.084788,1000
21994,0.002980252,2.980252,1000
21995,0.002778386,2.778386,1000
21996,0.008991771,8.991771,1000
21997,0.008520029,8.520029,1000
21998,0.016308831,16.308831,1000
21999,0.000289196,0.289196,1000
22000,0.008154806,8.154806,1000
22001,0.003097045,3.097045,1000
22002,0.00057049,0.57049,1000
22003,0.000356916,0.356916,1000
22004,0.000569181,0.569181,1000
22005,0.002826145,2.826145,1000
22006,0.000590992,0.590992,1000
22007,0.008230793,8.230793,1000
22008,0.008279576,8.279576,1000
22009,0.002755703,2.755703,1000
22010,0.001029209,1.029209,1000
22011,0.000578978,0.578978,1000
22012,0.002752138,2.752138,1000
22013,0.008134214,8.134214,1000
22014,0.003648069,3.648069,1000
22015,0.000397794,0.397794,1000
22016,0.001078291,1.078291,1000
22017,0.002817624,2.817624,1000
22018,0.000852075,0.852075,1000
22019,0.001015484,1.015484,1000
22020,0.000403778,0.403778,1000
22021,0.001483455,1.483455,1000
22022,0.003519426,3.519426,1000
22023,0.000653001,0.653001,1000
22024,0.000501652,0.501652,1000
22025,0.001418291,1.418291,1000
22026,0.000835509,0.835509,1000
22027,0.001052361,1.052361,1000
22028,0.00121293,1.21293,1000
22029,0.001049513,1.049513,1000
22030,0.001633611,1.633611,1000
22031,0.001062379,1.062379,1000
22032,0.001178912,1.178912,1000
22033,0.001014389,1.014389,1000
22034,0.000489615,0.489615,1000
22035,0.008521637,8.521637,1000
22036,0.000434056,0.434056,1000
22037,0.002028087,2.028087,1000
22038,0.001239686,1.239686,1000
22039,0.000675666,0.675666,1000
22040,0.015885361,15.885361,1000
22041,0.001963107,1.963107,1000
22042,0.008085686,8.085686,1000
22043,0.026604421,26.604421,1000
22044,0.004965638,4.965638,1000
22045,0.002813987,2.813987,1000
22046,0.001397449,1.397449,1000
22047,0.003129512,3.129512,1000
22048,0.19459321,194.59321,1000
22049,0.00605596,6.05596,1000
22050,0.056382009,56.382009,1000
22051,0.015981151,15.981151,1000
22052,0.003190212,3.190212,1000
22053,0.000911473,0.911473,1000
22054,0.0028372,2.8372,1000
22055,0.008552292,8.552292,1000
22056,0.008201019,8.201019,1000
22057,0.016064263,16.064263,1000
22058,0.008179188,8.179188,1000
22059,0.016055359,16.055359,1000
22060,0.008007387,8.007387,1000
22061,0.000960809,0.960809,1000
22062,0.008028724,8.028724,1000
22063,0.002987704,2.987704,1000
22064,0.00080881,0.80881,1000
22065,0.000601909,0.601909,1000
22066,0.008407391,8.407391,1000
22067,0.00094054,0.94054,1000
22068,0.00878466,8.78466,1000
22069,0.008096592,8.096592,1000
22070,0.002997675,2.997675,1000
22071,0.002927868,2.927868,1000
22072,0.000834864,0.834864,1000
22073,0.000261809,0.261809,1000
22074,0.003057796,3.057796,1000
22075,0.001073837,1.073837,1000
22076,0.00292684,2.92684,1000
22077,0.003259702,3.259702,1000
22078,0.008141965,8.141965,1000
22079,0.000689298,0.689298,1000
22080,0.002445695,2.445695,1000
22081,0.000338295,0.338295,1000
22082,0.008073457,8.073457,1000
22083,0.003965375,3.965375,1000
22084,0.003301912,3.301912,1000
22085,0.000440998,0.440998,1000
22086,0.00094521,0.94521,1000
22087,0.002860503,2.860503,1000
22088,0.000536444,0.536444,1000
22089,0.0006729,0.6729,1000
22090,0.002828944,2.828944,1000
22091,0.000772818,0.772818,1000
22092,0.000440087,0.440087,1000
22093,0.008992159,8.992159,1000
22094,0.000753556,0.753556,1000
22095,0.016300305,16.300305,1000
22096,0.000890491,0.890491,1000
22097,0.00056838,0.56838,1000
22098,0.000723897,0.723897,1000
22099,0.000937508,0.937508,1000
22100,0.001678587,1.678587,1000
22101,0.000834151,0.834151,1000
22102,0.009046092,9.046092,1000
22103,0.000556302,0.556302,1000
22104,0.001169732,1.169732,1000
22105,0.000685244,0.685244,1000
22106,0.001082045,1.082045,1000
22107,0.000755174,0.755174,1000
22108,0.000601123,0.601123,1000
22109,0.001121696,1.121696,1000
22110,0.000930442,0.930442,1000
22111,0.001376094,1.376094,1000
22112,0.007420233,7.420233,1000
22113,0.001144266,1.144266,1000
22114,0.001153642,1.153642,1000
22115,0.001045415,1.045415,1000
22116,0.008059571,8.059571,1000
22117,0.002797734,2.797734,1000
22118,0.01684881,16.84881,1000
22119,0.003424404,3.424404,1000
22120,0.0028414,2.8414,1000
22121,0.000992359,0.992359,1000
22122,0.016327087,16.327087,1000
22123,0.026751436,26.751436,1000
22124,0.00302867,3.02867,1000
22125,0.00313741,3.13741,1000
22126,0.016013477,16.013477,1000
22127,0.040094799,40.094799,1000
22128,0.000509871,0.509871,1000
22129,0.002730207,2.730207,1000
22130,0.008100011,8.100011,1000
22131,0.003120025,3.120025,1000
22132,0.003160693,3.160693,1000
22133,0.016455152,16.455152,1000
22134,0.008158389,8.158389,1000
22135,0.056183718,56.183718,1000
22136,0.003310757,3.310757,1000
22137,0.015920603,15.920603,1000
22138,0.008449724,8.449724,1000
22139,0.008076423,8.076423,1000
22140,0.000788643,0.788643,1000
22141,0.002966393,2.966393,1000
22142,0.008276304,8.276304,1000
22143,0.008153084,8.153084,1000
22144,0.016045319,16.045319,1000
22145,0.001260194,1.260194,1000
22146,0.000456701,0.456701,1000
22147,0.001546472,1.546472,1000
22148,0.00295721,2.95721,1000
22149,0.001523753,1.523753,1000
22150,0.008325806,8.325806,1000
22151,0.003325979,3.325979,1000
22152,0.00294903,2.94903,1000
22153,0.003327267,3.327267,1000
22154,0.000814744,0.814744,1000
22155,0.015874006,15.874006,1000
22156,0.003737031,3.737031,1000
22157,0.008015356,8.015356,1000
22158,0.000837921,0.837921,1000
22159,0.000745975,0.745975,1000
22160,0.008565617,8.565617,1000
22161,0.026785699,26.785699,1000
22162,0.00092519,0.92519,1000
22163,0.000690676,0.690676,1000
22164,0.008046354,8.046354,1000
22165,0.237344102,237.344102,1000
22166,0.000341007,0.341007,1000
22167,0.000730167,0.730167,1000
22168,0.002071998,2.071998,1000
22169,0.000697475,0.697475,1000
22170,0.00316524,3.16524,1000
22171,0.001561875,1.561875,1000
22172,0.000553151,0.553151,1000
22173,0.000509908,0.509908,1000
22174,0.001041822,1.041822,1000
22175,0.001523648,1.523648,1000
22176,0.06457915,64.57915,1000
22177,0.000864618,0.864618,1000
22178,0.001375999,1.375999,1000
22179,0.000662554,0.662554,1000
22180,0.000727806,0.727806,1000
22181,0.003142333,3.142333,1000
22182,0.002743202,2.743202,1000
22183,0.001130516,1.130516,1000
22184,0.000802104,0.802104,1000
22185,0.001071083,1.071083,1000
22186,0.015860933,15.860933,1000
22187,0.00274825,2.74825,1000
22188,0.000680839,0.680839,1000
22189,0.008494658,8.494658,1000
22190,0.008222519,8.222519,1000
22191,0.002866773,2.866773,1000
22192,0.002800117,2.800117,1000
22193,0.007984386,7.984386,1000
22194,0.00099156,0.99156,1000
22195,0.008110493,8.110493,1000
22196,0.008012817,8.012817,1000
22197,0.008126431,8.126431,1000
22198,0.002838177,2.838177,1000
22199,0.002900202,2.900202,1000
22200,0.003130815,3.130815,1000
22201,0.00118382,1.18382,1000
22202,0.004040297,4.040297,1000
22203,0.003511788,3.511788,1000
22204,0.000401707,0.401707,1000
22205,0.001082323,1.082323,1000
22206,0.00086084,0.86084,1000
22207,0.000352495,0.352495,1000
22208,0.000790296,0.790296,1000
22209,0.002947683,2.947683,1000
22210,0.00138361,1.38361,1000
22211,0.004891233,4.891233,1000
22212,0.000854956,0.854956,1000
22213,0.002875117,2.875117,1000
22214,0.001246149,1.246149,1000
22215,0.000585132,0.585132,1000
22216,0.001310479,1.310479,1000
22217,0.00159217,1.59217,1000
22218,0.000707616,0.707616,1000
22219,0.003029869,3.029869,1000
22220,0.015887615,15.887615,1000
22221,0.002930967,2.930967,1000
22222,0.000495776,0.495776,1000
22223,0.016279333,16.279333,1000
22224,0.002839372,2.839372,1000
22225,0.002998063,2.998063,1000
22226,0.002947885,2.947885,1000
22227,0.000689619,0.689619,1000
22228,0.008545814,8.545814,1000
22229,0.040443671,40.443671,1000
22230,0.003154553,3.154553,1000
22231,0.000676137,0.676137,1000
22232,0.003629141,3.629141,1000
22233,0.007901314,7.901314,1000
22234,0.015854052,15.854052,1000
22235,0.000952573,0.952573,1000
22236,0.000446809,0.446809,1000
22237,0.003500501,3.500501,1000
22238,0.002979674,2.979674,1000
22239,0.000719311,0.719311,1000
22240,0.016438639,16.438639,1000
22241,0.002930116,2.930116,1000
22242,0.008086561,8.086561,1000
22243,0.016481587,16.481587,1000
22244,0.015847242,15.847242,1000
22245,0.000443141,0.443141,1000
22246,0.003139722,3.139722,1000
22247,0.000714357,0.714357,1000
22248,0.0007581,0.7581,1000
22249,0.002680551,2.680551,1000
22250,0.00174357,1.74357,1000
22251,0.001109587,1.109587,1000
22252,0.001134926,1.134926,1000
22253,0.003409393,3.409393,1000
22254,0.003025291,3.025291,1000
22255,0.000612241,0.612241,1000
22256,0.015894248,15.894248,1000
22257,0.016042148,16.042148,1000
22258,0.004434498,4.434498,1000
22259,0.00288746,2.88746,1000
22260,0.000901959,0.901959,1000
22261,0.000798673,0.798673,1000
22262,0.001333344,1.333344,1000
22263,0.000379399,0.379399,1000
22264,0.002435116,2.435116,1000
22265,0.00093959,0.93959,1000
22266,0.000838421,0.838421,1000
22267,0.000983989,0.983989,1000
22268,0.016258258,16.258258,1000
22269,0.008168505,8.168505,1000
22270,0.008033409,8.033409,1000
22271,0.000413205,0.413205,1000
22272,0.001203396,1.203396,1000
22273,0.00137604,1.37604,1000
22274,0.000585969,0.585969,1000
22275,0.001370689,1.370689,1000
22276,0.001487009,1.487009,1000
22277,0.000532956,0.532956,1000
22278,0.000600368,0.600368,1000
22279,0.003124892,3.124892,1000
22280,0.001560007,1.560007,1000
22281,0.000476078,0.476078,1000
22282,0.001433297,1.433297,1000
22283,0.001415158,1.415158,1000
22284,0.001997276,1.997276,1000
22285,0.001334149,1.334149,1000
22286,0.001178319,1.178319,1000
22287,0.001108243,1.108243,1000
22288,0.000501501,0.501501,1000
22289,0.003296716,3.296716,1000
22290,0.001523655,1.523655,1000
22291,0.00159938,1.59938,1000
22292,0.056248349,56.248349,1000
22293,0.001450114,1.450114,1000
22294,0.000447819,0.447819,1000
22295,0.008064942,8.064942,1000
22296,0.000372069,0.372069,1000
22297,0.008063108,8.063108,1000
22298,0.007958249,7.958249,1000
22299,0.026839048,26.839048,1000
22300,0.002856469,2.856469,1000
22301,0.006989316,6.989316,1000
22302,0.001196347,1.196347,1000
22303,0.075126247,75.126247,1000
22304,0.001893275,1.893275,1000
22305,0.015943905,15.943905,1000
22306,0.026688868,26.688868,1000
22307,0.000905322,0.905322,1000
22308,0.000322371,0.322371,1000
22309,0.002807323,2.807323,1000
22310,0.002958553,2.958553,1000
22311,0.008534595,8.534595,1000
22312,0.00108177,1.08177,1000
22313,0.002881859,2.881859,1000
22314,0.003250203,3.250203,1000
22315,0.001409486,1.409486,1000
22316,0.003121175,3.121175,1000
22317,0.040069236,40.069236,1000
22318,0.000355428,0.355428,1000
22319,0.003144515,3.144515,1000
22320,0.000463525,0.463525,1000
22321,0.00042193,0.42193,1000
22322,0.00066523,0.66523,1000
22323,0.003202274,3.202274,1000
22324,0.008416067,8.416067,1000
22325,0.002827064,2.827064,1000
22326,0.000285247,0.285247,1000
22327,0.007968845,7.968845,1000
22328,0.000679474,0.679474,1000
22329,0.002771773,2.771773,1000
22330,0.005243123,5.243123,1000
22331,0.002865845,2.865845,1000
22332,0.002757692,2.757692,1000
22333,0.002839163,2.839163,1000
22334,0.000958706,0.958706,1000
22335,0.00331517,3.31517,1000
22336,0.00737956,7.37956,1000
22337,0.008122696,8.122696,1000
22338,0.00074621,0.74621,1000
22339,0.003150674,3.150674,1000
22340,0.000646475,0.646475,1000
22341,0.001483749,1.483749,1000
22342,0.000700205,0.700205,1000
22343,0.001104905,1.104905,1000
22344,0.000768665,0.768665,1000
22345,0.001350869,1.350869,1000
22346,0.000386077,0.386077,1000
22347,0.000709817,0.709817,1000
22348,0.000553499,0.553499,1000
22349,0.001749287,1.749287,1000
22350,0.00173525,1.73525,1000
22351,0.000911292,0.911292,1000
22352,0.001545652,1.545652,1000
22353,0.001525181,1.525181,1000
22354,0.003320245,3.320245,1000
22355,0.000683824,0.683824,1000
22356,0.001635382,1.635382,1000
22357,0.001309879,1.309879,1000
22358,0.001305502,1.305502,1000
22359,0.000718164,0.718164,1000
22360,0.001062519,1.062519,1000
22361,0.008213401,8.213401,1000
22362,0.000684373,0.684373,1000
22363,0.002943587,2.943587,1000
22364,0.001388532,1.388532,1000
22365,0.000446004,0.446004,1000
22366,0.026854544,26.854544,1000
22367,0.008169643,8.169643,1000
22368,0.008154365,8.154365,1000
22369,0.008461315,8.461315,1000
22370,0.016025628,16.025628,1000
22371,0.000987358,0.987358,1000
22372,0.002915499,2.915499,1000
22373,0.000486014,0.486014,1000
22374,0.000554484,0.554484,1000
22375,0.008201196,8.201196,1000
22376,0.003013787,3.013787,1000
22377,0.001050733,1.050733,1000
22378,0.003199581,3.199581,1000
22379,0.000596061,0.596061,1000
22380,0.015940299,15.940299,1000
22381,0.008385898,8.385898,1000
22382,0.008819802,8.819802,1000
22383,0.016229016,16.229016,1000
22384,0.000963798,0.963798,1000
22385,0.000259554,0.259554,1000
22386,0.008006933,8.006933,1000
22387,0.008019539,8.019539,1000
22388,0.01610588,16.10588,1000
22389,0.001054312,1.054312,1000
22390,0.001386681,1.386681,1000
22391,0.000482182,0.482182,1000
22392,0.040212723,40.212723,1000
22393,0.002891063,2.891063,1000
22394,0.001011374,1.011374,1000
22395,0.016100234,16.100234,1000
22396,0.000923633,0.923633,1000
22397,0.000424272,0.424272,1000
22398,0.0008762,0.8762,1000
22399,0.002852417,2.852417,1000
22400,0.002765947,2.765947,1000
22401,0.003002206,3.002206,1000
22402,0.000902234,0.902234,1000
22403,0.000944303,0.944303,1000
22404,0.02668798,26.68798,1000
22405,0.008012388,8.012388,1000
22406,0.002725516,2.725516,1000
22407,0.008251626,8.251626,1000
22408,0.008290781,8.290781,1000
22409,0.003835783,3.835783,1000
22410,0.001000921,1.000921,1000
22411,0.002249996,2.249996,1000
22412,0.00103168,1.03168,1000
22413,0.000596376,0.596376,1000
22414,0.000883133,0.883133,1000
22415,0.00140204,1.40204,1000
22416,0.004798596,4.798596,1000
22417,0.00053544,0.53544,1000
22418,0.002748013,2.748013,1000
22419,0.000995308,0.995308,1000
22420,0.000636293,0.636293,1000
22421,0.00079899,0.79899,1000
22422,0.000838284,0.838284,1000
22423,0.001978706,1.978706,1000
22424,0.000719416,0.719416,1000
22425,0.001029274,1.029274,1000
22426,0.000563942,0.563942,1000
22427,0.000638457,0.638457,1000
22428,0.001055984,1.055984,1000
22429,0.000629534,0.629534,1000
22430,0.001186758,1.186758,1000
22431,0.001290565,1.290565,1000
22432,0.000683584,0.683584,1000
22433,0.026778066,26.778066,1000
22434,0.017985115,17.985115,1000
22435,0.002831651,2.831651,1000
22436,0.000824337,0.824337,1000
22437,0.002716629,2.716629,1000
22438,0.026654202,26.654202,1000
22439,0.003034991,3.034991,1000
22440,0.000903909,0.903909,1000
22441,0.000581447,0.581447,1000
22442,0.003361674,3.361674,1000
22443,0.000549459,0.549459,1000
22444,0.00291703,2.91703,1000
22445,0.008305029,8.305029,1000
22446,0.001073705,1.073705,1000
22447,0.008117602,8.117602,1000
22448,0.002885319,2.885319,1000
22449,0.002776482,2.776482,1000
22450,0.001952884,1.952884,1000
22451,0.000613356,0.613356,1000
22452,0.026992374,26.992374,1000
22453,0.016079802,16.079802,1000
22454,0.016040826,16.040826,1000
22455,0.000459708,0.459708,1000
22456,0.003241263,3.241263,1000
22457,0.000504673,0.504673,1000
22458,0.026626159,26.626159,1000
22459,0.002797189,2.797189,1000
22460,0.007903686,7.903686,1000
22461,0.016372086,16.372086,1000
22462,0.000916256,0.916256,1000
22463,0.00292255,2.92255,1000
22464,0.001007698,1.007698,1000
22465,0.008494952,8.494952,1000
22466,0.003063988,3.063988,1000
22467,0.023359601,23.359601,1000
22468,0.001753895,1.753895,1000
22469,0.002986536,2.986536,1000
22470,0.000498744,0.498744,1000
22471,0.000826543,0.826543,1000
22472,0.000811901,0.811901,1000
22473,0.001620389,1.620389,1000
22474,0.008249303,8.249303,1000
22475,0.002029407,2.029407,1000
22476,0.013586969,13.586969,1000
22477,0.000435385,0.435385,1000
22478,0.000611388,0.611388,1000
22479,0.007954034,7.954034,1000
22480,0.016119731,16.119731,1000
22481,0.015858172,15.858172,1000
22482,0.000466174,0.466174,1000
22483,0.002497559,2.497559,1000
22484,0.000639319,0.639319,1000
22485,0.001551485,1.551485,1000
22486,0.001121556,1.121556,1000
22487,0.003351102,3.351102,1000
22488,0.000666944,0.666944,1000
22489,0.00273118,2.73118,1000
22490,0.003537279,3.537279,1000
22491,0.001451397,1.451397,1000
22492,0.000397367,0.397367,1000
22493,0.000845389,0.845389,1000
22494,0.000956137,0.956137,1000
22495,0.001119607,1.119607,1000
22496,0.002875734,2.875734,1000
22497,0.001558177,1.558177,1000
22498,0.00119722,1.19722,1000
22499,0.000711988,0.711988,1000
22500,0.000780282,0.780282,1000
22501,0.026761487,26.761487,1000
22502,0.015900026,15.900026,1000
22503,0.040107696,40.107696,1000
22504,0.026633481,26.633481,1000
22505,0.000474888,0.474888,1000
22506,0.026654715,26.654715,1000
22507,0.008573098,8.573098,1000
22508,0.002787223,2.787223,1000
22509,0.000955152,0.955152,1000
22510,0.001497512,1.497512,1000
22511,0.007983414,7.983414,1000
22512,0.003908396,3.908396,1000
22513,0.000647034,0.647034,1000
22514,0.00289921,2.89921,1000
22515,0.008405395,8.405395,1000
22516,0.007931122,7.931122,1000
22517,0.000362724,0.362724,1000
22518,0.000897904,0.897904,1000
22519,0.008316349,8.316349,1000
22520,0.008178807,8.178807,1000
22521,0.0015091,1.5091,1000
22522,0.000544541,0.544541,1000
22523,0.002948783,2.948783,1000
22524,0.016033565,16.033565,1000
22525,0.000344535,0.344535,1000
22526,0.000916497,0.916497,1000
22527,0.000695495,0.695495,1000
22528,0.001304864,1.304864,1000
22529,0.000650077,0.650077,1000
22530,0.000278549,0.278549,1000
22531,0.001075052,1.075052,1000
22532,0.000572183,0.572183,1000
22533,0.001362491,1.362491,1000
22534,0.003304975,3.304975,1000
22535,0.001305222,1.305222,1000
22536,0.000633119,0.633119,1000
22537,0.000671218,0.671218,1000
22538,0.002212675,2.212675,1000
22539,0.001298063,1.298063,1000
22540,0.000993186,0.993186,1000
22541,0.000791778,0.791778,1000
22542,0.000993186,0.993186,1000
22543,0.001062519,1.062519,1000
22544,0.000706134,0.706134,1000
22545,0.000904841,0.904841,1000
22546,0.001313369,1.313369,1000
22547,0.001001009,1.001009,1000
22548,0.001620992,1.620992,1000
22549,0.00092289,0.92289,1000
22550,0.000744916,0.744916,1000
22551,0.022800618,22.800618,1000
22552,0.001681933,1.681933,1000
22553,0.001117244,1.117244,1000
22554,0.014918927,14.918927,1000
22555,0.001010753,1.010753,1000
22556,0.000987825,0.987825,1000
22557,0.001293697,1.293697,1000
22558,0.001692628,1.692628,1000
22559,0.000584132,0.584132,1000
22560,0.001633611,1.633611,1000
22561,0.017112483,17.112483,1000
22562,0.000584158,0.584158,1000
22563,0.000432378,0.432378,1000
22564,0.000700951,0.700951,1000
22565,0.000810452,0.810452,1000
22566,0.000786775,0.786775,1000
22567,0.000886378,0.886378,1000
22568,0.001598572,1.598572,1000
22569,0.075411272,75.411272,1000
22570,0.000822053,0.822053,1000
22571,0.001826577,1.826577,1000
22572,0.003029901,3.029901,1000
22573,0.000883688,0.883688,1000
22574,0.011527117,11.527117,1000
22575,0.006240919,6.240919,1000
22576,0.030693612,30.693612,1000
22577,0.00074562,0.74562,1000
22578,0.003033363,3.033363,1000
22579,0.001011936,1.011936,1000
22580,0.001234568,1.234568,1000
22581,0.003118518,3.118518,1000
22582,0.000935513,0.935513,1000
22583,0.001328085,1.328085,1000
22584,0.000612305,0.612305,1000
22585,0.003261258,3.261258,1000
22586,0.001169491,1.169491,1000
22587,0.001042979,1.042979,1000
22588,0.000673443,0.673443,1000
22589,0.001376094,1.376094,1000
22590,0.001657711,1.657711,1000
22591,0.002256429,2.256429,1000
22592,0.001160321,1.160321,1000
22593,0.00078378,0.78378,1000
22594,0.00115367,1.15367,1000
22595,0.000993186,0.993186,1000
22596,0.000794012,0.794012,1000
22597,0.001071083,1.071083,1000
22598,0.004215134,4.215134,1000
22599,0.000705398,0.705398,1000
22600,0.002949251,2.949251,1000
22601,0.001134926,1.134926,1000
22602,0.000973229,0.973229,1000
22603,0.001308007,1.308007,1000
22604,0.001157211,1.157211,1000
22605,0.001328009,1.328009,1000
22606,0.000896311,0.896311,1000
22607,0.000877549,0.877549,1000
22608,0.001604209,1.604209,1000
22609,0.016117713,16.117713,1000
22610,0.000709704,0.709704,1000
22611,0.000993186,0.993186,1000
22612,0.001505839,1.505839,1000
22613,0.001476744,1.476744,1000
22614,0.000851462,0.851462,1000
22615,0.001284625,1.284625,1000
22616,0.000814319,0.814319,1000
22617,0.000827981,0.827981,1000
22618,0.001029247,1.029247,1000
22619,0.001510527,1.510527,1000
22620,0.007922561,7.922561,1000
22621,0.000601879,0.601879,1000
22622,0.002798814,2.798814,1000
22623,0.001243517,1.243517,1000
22624,0.00231079,2.31079,1000
22625,0.001097456,1.097456,1000
22626,0.000667555,0.667555,1000
22627,0.001331713,1.331713,1000
22628,0.000805599,0.805599,1000
22629,0.001457786,1.457786,1000
22630,0.001414951,1.414951,1000
22631,0.13908106,139.08106,1000
22632,0.000825966,0.825966,1000
22633,0.00081475,0.81475,1000
22634,0.001887225,1.887225,1000
22635,0.000880976,0.880976,1000
22636,0.000441812,0.441812,1000
22637,0.001144266,1.144266,1000
22638,0.000281975,0.281975,1000
22639,0.000614584,0.614584,1000
22640,0.000891267,0.891267,1000
22641,0.000620352,0.620352,1000
22642,0.000747172,0.747172,1000
22643,0.002882748,2.882748,1000
22644,0.000671144,0.671144,1000
22645,0.000352332,0.352332,1000
22646,0.000641435,0.641435,1000
22647,0.000720782,0.720782,1000
22648,0.000774551,0.774551,1000
22649,0.000688995,0.688995,1000
22650,0.001246131,1.246131,1000
22651,0.000405679,0.405679,1000
22652,0.001011936,1.011936,1000
22653,0.000845323,0.845323,1000
22654,0.001324599,1.324599,1000
22655,0.000903851,0.903851,1000
22656,0.00105339,1.05339,1000
22657,0.000982667,0.982667,1000
22658,0.000763193,0.763193,1000
22659,0.001239671,1.239671,1000
22660,0.00183102,1.83102,1000
22661,0.00103252,1.03252,1000
22662,0.001718886,1.718886,1000
22663,0.002920215,2.920215,1000
22664,0.004221255,4.221255,1000
22665,0.002027055,2.027055,1000
22666,0.001061918,1.061918,1000
22667,0.007932392,7.932392,1000
22668,0.001000969,1.000969,1000
22669,0.000780143,0.780143,1000
22670,0.001146541,1.146541,1000
22671,0.00128659,1.28659,1000
22672,0.000897099,0.897099,1000
22673,0.002415677,2.415677,1000
22674,0.000967174,0.967174,1000
22675,0.027251118,27.251118,1000
22676,0.000891459,0.891459,1000
22677,0.000882982,0.882982,1000
22678,0.001042957,1.042957,1000
22679,0.00154718,1.54718,1000
22680,0.002750929,2.750929,1000
22681,0.000713511,0.713511,1000
22682,0.004800207,4.800207,1000
22683,0.00089139,0.89139,1000
22684,0.026793447,26.793447,1000
22685,0.016678295,16.678295,1000
22686,0.097408084,97.408084,1000
22687,0.00414393,4.14393,1000
22688,0.001013684,1.013684,1000
22689,0.000737623,0.737623,1000
22690,0.000960622,0.960622,1000
22691,0.001125294,1.125294,1000
22692,0.001137936,1.137936,1000
22693,0.000792936,0.792936,1000
22694,0.023239602,23.239602,1000
22695,0.001113089,1.113089,1000
22696,0.001150389,1.150389,1000
22697,0.003198299,3.198299,1000
22698,0.005955529,5.955529,1000
22699,0.001970788,1.970788,1000
22700,0.001176933,1.176933,1000
22701,0.004928908,4.928908,1000
22702,0.000750189,0.750189,1000
22703,0.000964089,0.964089,1000
22704,0.037314693,37.314693,1000
22705,0.000846486,0.846486,1000
22706,0.00079703,0.79703,1000
22707,0.002475753,2.475753,1000
22708,0.001505839,1.505839,1000
22709,0.000807948,0.807948,1000
22710,0.001042957,1.042957,1000
22711,0.001658802,1.658802,1000
22712,0.000609923,0.609923,1000
22713,0.000882371,0.882371,1000
22714,0.000737884,0.737884,1000
22715,0.001303045,1.303045,1000
22716,0.000368395,0.368395,1000
22717,0.001448425,1.448425,1000
22718,0.001004286,1.004286,1000
22719,0.000806521,0.806521,1000
22720,0.00301767,3.01767,1000
22721,0.00078378,0.78378,1000
22722,0.000714636,0.714636,1000
22723,0.001042957,1.042957,1000
22724,0.003044896,3.044896,1000
22725,0.000979283,0.979283,1000
22726,0.001309737,1.309737,1000
22727,0.000849015,0.849015,1000
22728,0.008611569,8.611569,1000
22729,0.000641988,0.641988,1000
22730,0.001263314,1.263314,1000
22731,0.000612339,0.612339,1000
22732,0.000446774,0.446774,1000
22733,0.000857181,0.857181,1000
22734,0.019878275,19.878275,1000
22735,0.008677975,8.677975,1000
22736,0.000598402,0.598402,1000
22737,0.010484427,10.484427,1000
22738,0.00284207,2.84207,1000
22739,0.000773993,0.773993,1000
22740,0.00137604,1.37604,1000
22741,0.001178655,1.178655,1000
22742,0.000952536,0.952536,1000
22743,0.001184505,1.184505,1000
22744,0.001153438,1.153438,1000
22745,0.004231867,4.231867,1000
22746,0.000823091,0.823091,1000
22747,0.001317934,1.317934,1000
22748,0.00117199,1.17199,1000
22749,0.004434986,4.434986,1000
22750,0.003304975,3.304975,1000
22751,0.000525836,0.525836,1000
22752,0.004989306,4.989306,1000
22753,0.00308731,3.08731,1000
22754,0.000372985,0.372985,1000
22755,0.024154685,24.154685,1000
22756,0.005369666,5.369666,1000
22757,0.00084947,0.84947,1000
22758,0.000690463,0.690463,1000
22759,0.000966657,0.966657,1000
22760,0.002587834,2.587834,1000
22761,0.465572436,465.572436,1000
22762,0.001046744,1.046744,1000
22763,0.002212675,2.212675,1000
22764,0.00103168,1.03168,1000
22765,0.148835441,148.835441,1000
22766,0.001005835,1.005835,1000
22767,0.000982522,0.982522,1000
22768,0.001105339,1.105339,1000
22769,0.016148231,16.148231,1000
22770,0.007966129,7.966129,1000
22771,0.101409909,101.409909,1000
22772,0.00033431,0.33431,1000
22773,0.001519855,1.519855,1000
22774,0.000902135,0.902135,1000
22775,0.000868183,0.868183,1000
22776,0.000733922,0.733922,1000
22777,0.003893433,3.893433,1000
22778,0.001438647,1.438647,1000
22779,0.001956329,1.956329,1000
22780,0.002992204,2.992204,1000
22781,0.000739368,0.739368,1000
22782,0.595283003,595.283003,1000
22783,0.000783975,0.783975,1000
22784,0.000953275,0.953275,1000
22785,0.000765422,0.765422,1000
22786,0.016545129,16.545129,1000
22787,0.002122949,2.122949,1000
22788,0.002461485,2.461485,1000
22789,0.00050164,0.50164,1000
22790,0.001096456,1.096456,1000
22791,0.002355844,2.355844,1000
22792,0.000643054,0.643054,1000
22793,0.002091598,2.091598,1000
22794,0.000788821,0.788821,1000
22795,0.001134926,1.134926,1000
22796,0.00082152,0.82152,1000
22797,0.000623105,0.623105,1000
22798,0.001520388,1.520388,1000
22799,0.000819973,0.819973,1000
22800,0.003522331,3.522331,1000
22801,0.001043609,1.043609,1000
22802,0.001070445,1.070445,1000
22803,0.000802263,0.802263,1000
22804,0.000783777,0.783777,1000
22805,0.000624492,0.624492,1000
22806,0.001520493,1.520493,1000
22807,0.00102563,1.02563,1000
22808,0.001636809,1.636809,1000
22809,0.000638822,0.638822,1000
22810,0.000997552,0.997552,1000
22811,0.000872739,0.872739,1000
22812,0.000602676,0.602676,1000
22813,0.00081312,0.81312,1000
22814,0.000720983,0.720983,1000
22815,0.001015581,1.015581,1000
22816,0.000748543,0.748543,1000
22817,0.000690929,0.690929,1000
22818,0.000761674,0.761674,1000
22819,0.001024048,1.024048,1000
22820,0.000876132,0.876132,1000
22821,0.00113185,1.13185,1000
22822,0.061620506,61.620506,1000
22823,0.000484321,0.484321,1000
22824,0.001524419,1.524419,1000
22825,0.000996212,0.996212,1000
22826,0.001070445,1.070445,1000
22827,0.000850024,0.850024,1000
22828,0.001096824,1.096824,1000
22829,0.000903147,0.903147,1000
22830,0.000987114,0.987114,1000
22831,0.001554702,1.554702,1000
22832,0.001070943,1.070943,1000
22833,0.000364602,0.364602,1000
22834,0.075056801,75.056801,1000
22835,0.001150691,1.150691,1000
22836,0.016029459,16.029459,1000
22837,0.000981468,0.981468,1000
22838,0.001143068,1.143068,1000
22840,0.000887662,0.887662,1000
22841,0.002384853,2.384853,1000
22842,0.003648954,3.648954,1000
22843,0.001237282,1.237282,1000
22844,0.000823859,0.823859,1000
22845,0.00138606,1.38606,1000
22846,0.000697947,0.697947,1000
22847,0.000823859,0.823859,1000
22848,0.001043007,1.043007,1000
22849,0.001106679,1.106679,1000
22850,0.001601399,1.601399,1000
22851,0.001092265,1.092265,1000
22852,0.001354024,1.354024,1000
22853,0.000648185,0.648185,1000
22854,0.001153642,1.153642,1000
22855,0.001013583,1.013583,1000
22856,0.007660851,7.660851,1000
22857,0.001049366,1.049366,1000
22858,0.002535272,2.535272,1000
22859,0.008106121,8.106121,1000
22860,0.001821889,1.821889,1000
22861,0.053400903,53.400903,1000
22862,0.010449262,10.449262,1000
22863,0.001412556,1.412556,1000
22864,0.04059266,40.59266,1000
22865,0.00038925,0.38925,1000
22866,0.000840518,0.840518,1000
22867,0.0015091,1.5091,1000
22868,0.001155282,1.155282,1000
22869,0.041854481,41.854481,1000
22870,0.00096737,0.96737,1000
22871,0.000802791,0.802791,1000
22872,0.002411875,2.411875,1000
22873,0.002123691,2.123691,1000
22874,0.001293421,1.293421,1000
22875,0.000317851,0.317851,1000
22876,0.000700095,0.700095,1000
22877,0.000345933,0.345933,1000
22878,0.001830281,1.830281,1000
22879,0.001141219,1.141219,1000
22880,0.001043007,1.043007,1000
22881,0.000643602,0.643602,1000
22882,0.005495442,5.495442,1000
22883,0.006211556,6.211556,1000
22884,0.000873695,0.873695,1000
22885,0.002947983,2.947983,1000
22886,0.001092479,1.092479,1000
22887,0.000594132,0.594132,1000
22888,0.001062519,1.062519,1000
22889,0.000771761,0.771761,1000
22890,0.000908471,0.908471,1000
22891,0.000969759,0.969759,1000
22892,0.000787922,0.787922,1000
22893,0.000993124,0.993124,1000
22894,0.002145702,2.145702,1000
22895,0.004149734,4.149734,1000
22896,0.001042957,1.042957,1000
22897,0.000551315,0.551315,1000
22898,0.000849008,0.849008,1000
22899,0.00062334,0.62334,1000
22900,0.003891474,3.891474,1000
22901,0.001750714,1.750714,1000
22902,0.000550475,0.550475,1000
22903,0.000801547,0.801547,1000
22904,0.0008273,0.8273,1000
22905,0.005175992,5.175992,1000
22906,0.000896268,0.896268,1000
22907,0.000638699,0.638699,1000
22908,0.018052634,18.052634,1000
22909,0.000368612,0.368612,1000
22910,0.000872265,0.872265,1000
22911,0.000896169,0.896169,1000
22912,0.000436386,0.436386,1000
22913,0.008934324,8.934324,1000
22914,0.00182678,1.82678,1000
22915,0.00081312,0.81312,1000
22916,0.000520117,0.520117,1000
22917,0.040442878,40.442878,1000
22918,0.003015358,3.015358,1000
22919,0.000882371,0.882371,1000
22920,0.008799881,8.799881,1000
22921,0.001317245,1.317245,1000
22922,0.000901381,0.901381,1000
22923,0.00114796,1.14796,1000
22924,0.000810143,0.810143,1000
22925,0.016084649,16.084649,1000
22926,0.000971287,0.971287,1000
22927,0.001108191,1.108191,1000
22928,0.000885285,0.885285,1000
22929,0.001029247,1.029247,1000
22930,0.001569899,1.569899,1000
22931,0.002422374,2.422374,1000
22932,0.000783298,0.783298,1000
22933,0.004143718,4.143718,1000
22934,0.001071083,1.071083,1000
22935,0.002088184,2.088184,1000
22936,0.001138705,1.138705,1000
22937,0.000971284,0.971284,1000
22938,0.001144266,1.144266,1000
22939,0.000628034,0.628034,1000
22940,0.00081312,0.81312,1000
22941,0.000644596,0.644596,1000
22942,0.000537664,0.537664,1000
22943,0.000797733,0.797733,1000
22944,0.001994587,1.994587,1000
22945,0.00078862,0.78862,1000
22946,0.012652174,12.652174,1000
22947,0.000811289,0.811289,1000
22948,0.001011936,1.011936,1000
22949,0.000794236,0.794236,1000
22950,0.001042957,1.042957,1000
22951,0.001141219,1.141219,1000
22952,0.001604228,1.604228,1000
22953,0.001884919,1.884919,1000
22954,0.000720898,0.720898,1000
22955,0.001309812,1.309812,1000
22956,0.000450245,0.450245,1000
22957,0.001523648,1.523648,1000
22958,0.000692991,0.692991,1000
22959,0.00060071,0.60071,1000
22960,0.001263258,1.263258,1000
22961,0.00103602,1.03602,1000
22962,0.000700236,0.700236,1000
22963,0.002520485,2.520485,1000
22964,0.001043007,1.043007,1000
22965,0.000779464,0.779464,1000
22966,0.001204518,1.204518,1000
22967,0.000967173,0.967173,1000
22968,0.000602777,0.602777,1000
22969,0.0015091,1.5091,1000
22970,0.006569349,6.569349,1000
22971,0.001182245,1.182245,1000
22972,0.008468477,8.468477,1000
22973,0.001037328,1.037328,1000
22974,0.000692072,0.692072,1000
22975,0.001028305,1.028305,1000
22976,0.595283003,595.283003,1000
22977,0.011519925,11.519925,1000
22978,0.050706342,50.706342,1000
22979,0.00102305,1.02305,1000
22980,0.000794415,0.794415,1000
22981,0.000689908,0.689908,1000
22982,0.001011936,1.011936,1000
22983,0.000553181,0.553181,1000
22984,0.009900756,9.900756,1000
22985,0.001922416,1.922416,1000
22986,0.00540454,5.40454,1000
22987,0.001476827,1.476827,1000
22988,0.001228155,1.228155,1000
22989,0.000981569,0.981569,1000
22990,0.001143068,1.143068,1000
22991,0.000723087,0.723087,1000
22992,0.001741146,1.741146,1000
22993,0.003425924,3.425924,1000
22994,0.001267453,1.267453,1000
22995,0.000762771,0.762771,1000
22996,0.040025211,40.025211,1000
22997,0.00104294,1.04294,1000
22998,0.000771354,0.771354,1000
22999,0.001042957,1.042957,1000
23000,0.000741472,0.741472,1000
23001,0.003461519,3.461519,1000
23002,0.006794902,6.794902,1000
23003,0.001042288,1.042288,1000
23004,0.001061881,1.061881,1000
23005,0.001042957,1.042957,1000
23006,0.008261042,8.261042,1000
23007,0.002438348,2.438348,1000
23008,0.001026773,1.026773,1000
23009,0.000865769,0.865769,1000
23010,0.000486235,0.486235,1000
23011,0.000864959,0.864959,1000
23012,0.000968893,0.968893,1000
23013,0.000892958,0.892958,1000
23014,0.003484433,3.484433,1000
23015,0.003039472,3.039472,1000
23016,0.001266989,1.266989,1000
23017,0.001357079,1.357079,1000
23018,0.002700787,2.700787,1000
23019,0.013260087,13.260087,1000
23020,0.004450684,4.450684,1000
23021,0.000695567,0.695567,1000
23022,0.000739305,0.739305,1000
23023,0.040120373,40.120373,1000
23024,0.000888465,0.888465,1000
23025,0.001636872,1.636872,1000
23026,0.000778587,0.778587,1000
23027,0.001108173,1.108173,1000
23028,0.001042957,1.042957,1000
23029,0.006699522,6.699522,1000
23030,0.003101382,3.101382,1000
23031,0.000783777,0.783777,1000
23032,0.00031089,0.31089,1000
23033,0.003028714,3.028714,1000
23034,0.000641939,0.641939,1000
23035,0.001020792,1.020792,1000
23036,0.001635758,1.635758,1000
23037,0.001009221,1.009221,1000
23038,0.000993186,0.993186,1000
23039,0.000821894,0.821894,1000
23040,0.000729567,0.729567,1000
23041,0.056543042,56.543042,1000
23042,0.063863777,63.863777,1000
23043,0.002204754,2.204754,1000
23044,0.007564779,7.564779,1000
23045,0.000819852,0.819852,1000
23046,0.001217629,1.217629,1000
23047,0.001043479,1.043479,1000
23048,0.019982982,19.982982,1000
23049,0.000697132,0.697132,1000
23050,0.001359558,1.359558,1000
23051,0.004054779,4.054779,1000
23052,0.001244658,1.244658,1000
23053,0.000265473,0.265473,1000
23054,0.000792785,0.792785,1000
23055,0.213439851,213.439851,1000
23056,0.000721705,0.721705,1000
23057,0.004768089,4.768089,1000
23058,0.000897099,0.897099,1000
23059,0.0018238,1.8238,1000
23060,0.000819144,0.819144,1000
23061,0.002084561,2.084561,1000
23062,0.000891444,0.891444,1000
23063,0.000540041,0.540041,1000
23064,0.040537791,40.537791,1000
23065,0.001327025,1.327025,1000
23066,0.212838027,212.838027,1000
23067,0.000472954,0.472954,1000
23068,0.003026437,3.026437,1000
23069,0.001011936,1.011936,1000
23070,0.001161893,1.161893,1000
23071,0.003242128,3.242128,1000
23072,0.002145657,2.145657,1000
23073,0.002099454,2.099454,1000
23074,0.011057249,11.057249,1000
23075,0.000748216,0.748216,1000
23076,0.001532483,1.532483,1000
23077,0.000984998,0.984998,1000
23078,0.00081312,0.81312,1000
23079,0.000326845,0.326845,1000
23080,0.000877236,0.877236,1000
23082,0.003297699,3.297699,1000
23083,0.000580981,0.580981,1000
23084,0.001595525,1.595525,1000
23085,0.000641669,0.641669,1000
23086,0.001821889,1.821889,1000
23087,0.016505364,16.505364,1000
23088,0.001196272,1.196272,1000
23089,0.000719214,0.719214,1000
23090,0.003369289,3.369289,1000
23091,0.000757038,0.757038,1000
23092,0.000578062,0.578062,1000
23093,0.001184545,1.184545,1000
23094,0.000825969,0.825969,1000
23095,0.001295915,1.295915,1000
23096,0.00065192,0.65192,1000
23097,0.002431844,2.431844,1000
23098,0.000563086,0.563086,1000
23099,0.040334886,40.334886,1000
23100,0.003223505,3.223505,1000
23101,0.000851031,0.851031,1000
23102,0.008465645,8.465645,1000
23103,0.000676546,0.676546,1000
23104,0.000783777,0.783777,1000
23105,0.000757259,0.757259,1000
23106,0.000882292,0.882292,1000
23107,0.000593837,0.593837,1000
23108,0.000928143,0.928143,1000
23109,0.000953672,0.953672,1000
23110,0.00072479,0.72479,1000
23111,0.000813867,0.813867,1000
23112,0.001051371,1.051371,1000
23113,0.002576059,2.576059,1000
23114,0.001149588,1.149588,1000
23115,0.00066062,0.66062,1000
23116,0.06457589,64.57589,1000
23117,0.148284433,148.284433,1000
23118,0.001089666,1.089666,1000
23119,0.001205656,1.205656,1000
23120,0.001042817,1.042817,1000
23121,0.003140877,3.140877,1000
23122,0.001097456,1.097456,1000
23123,0.001376162,1.376162,1000
23124,0.056224807,56.224807,1000
23125,0.001062519,1.062519,1000
23126,0.001570759,1.570759,1000
23127,0.001155282,1.155282,1000
23128,0.000408569,0.408569,1000
23129,0.000548054,0.548054,1000
23130,0.000726236,0.726236,1000
23131,0.000663219,0.663219,1000
23132,0.000707297,0.707297,1000
23133,0.000960158,0.960158,1000
23134,0.000953833,0.953833,1000
23135,0.001159546,1.159546,1000
23136,0.002509116,2.509116,1000
23137,0.001006227,1.006227,1000
23138,0.000833593,0.833593,1000
23139,0.001114654,1.114654,1000
23140,0.001052182,1.052182,1000
23141,0.00158555,1.58555,1000
23142,0.002901496,2.901496,1000
23143,0.096704772,96.704772,1000
23144,0.00117386,1.17386,1000
23145,0.006563482,6.563482,1000
23146,0.00141522,1.41522,1000
23147,0.001030854,1.030854,1000
23148,0.001459883,1.459883,1000
23149,0.015341211,15.341211,1000
23150,0.001606522,1.606522,1000
23151,0.014360593,14.360593,1000
23152,0.000905897,0.905897,1000
23153,0.000892822,0.892822,1000
23154,0.010651384,10.651384,1000
23155,0.001334149,1.334149,1000
23156,0.00105043,1.05043,1000
23157,0.005782386,5.782386,1000
23158,0.005704979,5.704979,1000
23159,0.004803462,4.803462,1000
23160,0.003623435,3.623435,1000
23161,0.020406647,20.406647,1000
23162,0.024807402,24.807402,1000
23163,0.00662505,6.62505,1000
23164,0.001011936,1.011936,1000
23165,0.001269549,1.269549,1000
23166,0.001071083,1.071083,1000
23167,0.000704867,0.704867,1000
23168,0.00108637,1.08637,1000
23169,0.000866809,0.866809,1000
23170,0.001062519,1.062519,1000
23171,0.001013078,1.013078,1000
23172,0.000743495,0.743495,1000
23173,0.000993186,0.993186,1000
23174,0.000819452,0.819452,1000
23175,0.000948554,0.948554,1000
23176,0.001241278,1.241278,1000
23177,0.700276939,700.276939,1000
23178,0.001006165,1.006165,1000
23179,0.00079374,0.79374,1000
23180,0.003706376,3.706376,1000
23181,0.001382519,1.382519,1000
23182,0.004870754,4.870754,1000
23183,0.000725048,0.725048,1000
23184,0.001213874,1.213874,1000
23185,0.000975556,0.975556,1000
23186,0.00584146,5.84146,1000
23187,0.000704446,0.704446,1000
23188,0.00059633,0.59633,1000
23189,0.000936656,0.936656,1000
23190,0.001010464,1.010464,1000
23191,0.000813435,0.813435,1000
23192,0.010484427,10.484427,1000
23193,0.026700212,26.700212,1000
23194,0.000919411,0.919411,1000
23195,0.001121546,1.121546,1000
23196,0.000832604,0.832604,1000
23197,0.000717821,0.717821,1000
23198,0.001071066,1.071066,1000
23199,0.000800291,0.800291,1000
23200,0.000628896,0.628896,1000
23201,0.002243526,2.243526,1000
23202,0.000356574,0.356574,1000
23203,0.002704047,2.704047,1000
23204,0.000792518,0.792518,1000
23205,0.000675145,0.675145,1000
23206,0.00124593,1.24593,1000
23207,0.000648497,0.648497,1000
23208,0.001696293,1.696293,1000
23209,0.000598644,0.598644,1000
23210,0.056786537,56.786537,1000
23211,0.370658342,370.658342,1000
23212,0.000794208,0.794208,1000
23213,0.001201539,1.201539,1000
23214,0.001520388,1.520388,1000
23215,0.009467564,9.467564,1000
23216,0.002901637,2.901637,1000
23217,0.001042957,1.042957,1000
23218,0.040382544,40.382544,1000
23219,0.000899647,0.899647,1000
23220,0.000862611,0.862611,1000
23221,0.000617206,0.617206,1000
23222,0.00114796,1.14796,1000
23223,0.000993186,0.993186,1000
23224,0.001856703,1.856703,1000
23225,0.000691319,0.691319,1000
23226,0.003202422,3.202422,1000
23227,0.000887274,0.887274,1000
23228,0.001609032,1.609032,1000
23229,0.0003618,0.3618,1000
23230,0.000814526,0.814526,1000
23231,0.001219505,1.219505,1000
23232,0.003051674,3.051674,1000
23233,0.000953545,0.953545,1000
23234,0.000301469,0.301469,1000
23235,0.000311562,0.311562,1000
23236,0.001134919,1.134919,1000
23237,0.000916071,0.916071,1000
23238,0.007934114,7.934114,1000
23239,0.000829207,0.829207,1000
23240,0.001566537,1.566537,1000
23241,0.000802578,0.802578,1000
23242,0.000993124,0.993124,1000
23243,0.001197408,1.197408,1000
23244,0.00081312,0.81312,1000
23245,0.001385415,1.385415,1000
23246,0.000837216,0.837216,1000
23247,0.001165544,1.165544,1000
23248,0.000686457,0.686457,1000
23249,0.001141219,1.141219,1000
23250,0.000896049,0.896049,1000
23251,0.001042957,1.042957,1000
23252,0.000800917,0.800917,1000
23253,0.000871868,0.871868,1000
23254,0.003334848,3.334848,1000
23255,0.000900362,0.900362,1000
23256,0.001501977,1.501977,1000
23257,0.001417642,1.417642,1000
23258,0.000916016,0.916016,1000
23259,0.000654654,0.654654,1000
23260,0.000278987,0.278987,1000
23261,0.000583445,0.583445,1000
23262,0.001836071,1.836071,1000
23263,0.00104294,1.04294,1000
23264,0.000816393,0.816393,1000
23265,0.001443621,1.443621,1000
23266,0.001456683,1.456683,1000
23267,0.000988501,0.988501,1000
23268,0.00121293,1.21293,1000
23269,0.000649368,0.649368,1000
23270,0.002925147,2.925147,1000
23271,0.00092212,0.92212,1000
23272,0.000878372,0.878372,1000
23273,0.001385415,1.385415,1000
23274,0.000294856,0.294856,1000
23275,0.001127522,1.127522,1000
23276,0.001332828,1.332828,1000
23277,0.000847082,0.847082,1000
23278,0.000818367,0.818367,1000
23279,0.00119776,1.19776,1000
23280,0.000535409,0.535409,1000
23281,0.000598874,0.598874,1000
23282,0.00036546,0.36546,1000
23283,0.008034151,8.034151,1000
23284,0.12134303,121.34303,1000
23285,0.03329933,33.29933,1000
23286,0.009832494,9.832494,1000
23287,0.001704047,1.704047,1000
23288,0.000780157,0.780157,1000
23289,0.001925408,1.925408,1000
23290,0.001205706,1.205706,1000
23291,0.000698039,0.698039,1000
23292,0.001134919,1.134919,1000
23294,0.010762234,10.762234,1000
23295,0.000478605,0.478605,1000
23296,0.001165559,1.165559,1000
23297,0.000657792,0.657792,1000
23298,0.00061164,0.61164,1000
23299,0.009219781,9.219781,1000
23300,0.001210813,1.210813,1000
23301,0.001034166,1.034166,1000
23302,0.001031114,1.031114,1000
23303,0.000599965,0.599965,1000
23304,0.00101861,1.01861,1000
23305,0.000594956,0.594956,1000
23306,0.00079912,0.79912,1000
23307,0.002768671,2.768671,1000
23308,0.001448515,1.448515,1000
23309,0.00096237,0.96237,1000
23310,0.000736779,0.736779,1000
23311,0.000420589,0.420589,1000
23312,0.000500294,0.500294,1000
23313,0.000309728,0.309728,1000
23314,0.000942262,0.942262,1000
23315,0.00051497,0.51497,1000
23316,0.000875504,0.875504,1000
23317,0.000547442,0.547442,1000
23318,0.000863327,0.863327,1000
23319,0.001018268,1.018268,1000
23320,0.00127229,1.27229,1000
23321,0.001385374,1.385374,1000
23322,0.003013005,3.013005,1000
23323,0.001483479,1.483479,1000
23324,0.00081312,0.81312,1000
23325,0.001071105,1.071105,1000
23326,0.00081312,0.81312,1000
23327,0.000597109,0.597109,1000
23328,0.000589764,0.589764,1000
23329,0.00068262,0.68262,1000
23330,0.000825966,0.825966,1000
23331,0.000600934,0.600934,1000
23332,0.001267283,1.267283,1000
23333,0.000977131,0.977131,1000
23334,0.000446365,0.446365,1000
23335,0.013999748,13.999748,1000
23336,0.001275387,1.275387,1000
23337,0.003510604,3.510604,1000
23338,0.000595538,0.595538,1000
23339,0.000599845,0.599845,1000
23340,0.000808892,0.808892,1000
23341,0.001931894,1.931894,1000
23342,0.001062519,1.062519,1000
23343,0.00117837,1.17837,1000
23344,0.001018268,1.018268,1000
23345,0.001018268,1.018268,1000
23346,0.001018268,1.018268,1000
23347,0.0004768,0.4768,1000
23348,0.000732835,0.732835,1000
23349,0.000783217,0.783217,1000
23350,0.001469924,1.469924,1000
23351,0.001359434,1.359434,1000
23352,0.001058741,1.058741,1000
23353,0.211768547,211.768547,1000
23354,0.00469457,4.69457,1000
23355,0.000551011,0.551011,1000
23356,0.001014512,1.014512,1000
23357,0.001453099,1.453099,1000
23358,0.0015091,1.5091,1000
23359,0.000600032,0.600032,1000
23360,0.001227134,1.227134,1000
23361,0.000738791,0.738791,1000
23362,0.002055507,2.055507,1000
23363,0.001134919,1.134919,1000
23364,0.000788007,0.788007,1000
23365,0.001746026,1.746026,1000
23366,0.001746026,1.746026,1000
23367,0.001421418,1.421418,1000
23368,0.001153677,1.153677,1000
23369,0.000657706,0.657706,1000
23370,0.00123555,1.23555,1000
23371,0.000816389,0.816389,1000
23372,0.000595454,0.595454,1000
23373,0.000795498,0.795498,1000
23374,0.00086826,0.86826,1000
23375,0.001062502,1.062502,1000
23376,0.003139456,3.139456,1000
23377,0.00073139,0.73139,1000
23378,0.064580577,64.580577,1000
23379,0.000585356,0.585356,1000
23380,0.000524493,0.524493,1000
23381,0.001095575,1.095575,1000
23382,0.003340704,3.340704,1000
23383,0.001059346,1.059346,1000
23384,0.000772117,0.772117,1000
23385,0.00081312,0.81312,1000
23386,0.002669757,2.669757,1000
23387,0.00094088,0.94088,1000
23388,0.000773922,0.773922,1000
23389,0.001527193,1.527193,1000
23390,0.000950257,0.950257,1000
23391,0.001392084,1.392084,1000
23392,0.001702229,1.702229,1000
23393,0.000848631,0.848631,1000
23394,0.001320912,1.320912,1000
23395,0.001046744,1.046744,1000
23396,0.000523209,0.523209,1000
23397,0.001315818,1.315818,1000
23398,0.000830353,0.830353,1000
23399,0.000915184,0.915184,1000
23400,0.000783777,0.783777,1000
23401,0.001000982,1.000982,1000
23402,0.000860827,0.860827,1000
23403,0.00097562,0.97562,1000
23404,0.002085857,2.085857,1000
23405,0.000923494,0.923494,1000
23406,0.000825966,0.825966,1000
23407,0.003706376,3.706376,1000
23408,0.000833859,0.833859,1000
23409,0.001174656,1.174656,1000
23410,0.000385165,0.385165,1000
23411,0.000880773,0.880773,1000
23412,0.000375071,0.375071,1000
23413,0.000993186,0.993186,1000
23414,0.000859248,0.859248,1000
23415,0.001187062,1.187062,1000
23416,0.000973433,0.973433,1000
23417,0.000937371,0.937371,1000
23418,0.002700449,2.700449,1000
23419,0.007479385,7.479385,1000
23420,0.00104294,1.04294,1000
23421,0.001385415,1.385415,1000
23422,0.000624461,0.624461,1000
23423,0.000546183,0.546183,1000
23424,0.000953613,0.953613,1000
23425,0.000849015,0.849015,1000
23426,0.000382063,0.382063,1000
23427,0.000892857,0.892857,1000
23428,0.001152443,1.152443,1000
23429,0.001398462,1.398462,1000
23430,0.001565085,1.565085,1000
23431,0.001527599,1.527599,1000
23432,0.000732883,0.732883,1000
23433,0.027390016,27.390016,1000
23434,0.008000357,8.000357,1000
23435,0.000753569,0.753569,1000
23436,0.01032638,10.32638,1000
23437,0.000511797,0.511797,1000
23438,0.00025003,0.25003,1000
23439,0.000830857,0.830857,1000
23440,0.000795294,0.795294,1000
23441,0.000969142,0.969142,1000
23442,0.001001453,1.001453,1000
23443,0.001331845,1.331845,1000
23444,0.001062519,1.062519,1000
23445,0.001285054,1.285054,1000
23446,0.000837371,0.837371,1000
23447,0.000804155,0.804155,1000
23448,0.000824326,0.824326,1000
23449,0.001614532,1.614532,1000
23450,0.000815366,0.815366,1000
23451,0.001006725,1.006725,1000
23452,0.000742376,0.742376,1000
23453,0.001252795,1.252795,1000
23454,0.001556617,1.556617,1000
23455,0.003161674,3.161674,1000
23456,0.001054906,1.054906,1000
23457,0.000993186,0.993186,1000
23458,0.001990576,1.990576,1000
23459,0.001029593,1.029593,1000
23460,0.010195303,10.195303,1000
23461,0.001523569,1.523569,1000
23462,0.000845085,0.845085,1000
23463,0.002729959,2.729959,1000
23464,0.001097456,1.097456,1000
23465,0.000627433,0.627433,1000
23466,0.000661518,0.661518,1000
23467,0.000788778,0.788778,1000
23468,0.000404782,0.404782,1000
23469,0.008424364,8.424364,1000
23470,0.001560833,1.560833,1000
23471,0.000785458,0.785458,1000
23472,0.000863174,0.863174,1000
23473,0.001596766,1.596766,1000
23474,0.000594298,0.594298,1000
23475,0.001440908,1.440908,1000
23476,0.001826577,1.826577,1000
23477,0.00220269,2.20269,1000
23478,0.000319312,0.319312,1000
23479,0.00048981,0.48981,1000
23480,0.001510527,1.510527,1000
23481,0.000633939,0.633939,1000
23482,0.001061211,1.061211,1000
23483,0.000963771,0.963771,1000
23484,0.000905193,0.905193,1000
23485,0.000577748,0.577748,1000
23486,0.000964089,0.964089,1000
23487,0.001900373,1.900373,1000
23488,0.000953485,0.953485,1000
23489,0.000671777,0.671777,1000
23490,0.000764801,0.764801,1000
23491,0.000741191,0.741191,1000
23492,0.002935805,2.935805,1000
23493,0.001011936,1.011936,1000
23494,0.000960622,0.960622,1000
23495,0.000825969,0.825969,1000
23496,0.000965231,0.965231,1000
23497,0.001172173,1.172173,1000
23498,0.001073421,1.073421,1000
23499,0.001144118,1.144118,1000
23500,0.001437322,1.437322,1000
23501,0.000824812,0.824812,1000
23502,0.002985087,2.985087,1000
23503,0.000934858,0.934858,1000
23504,0.001472916,1.472916,1000
23505,0.000966332,0.966332,1000
23506,0.003389264,3.389264,1000
23507,0.001151318,1.151318,1000
23508,0.000700553,0.700553,1000
23509,0.000370219,0.370219,1000
23510,0.00149008,1.49008,1000
23511,0.000769103,0.769103,1000
23512,0.000801832,0.801832,1000
23513,0.00076278,0.76278,1000
23514,0.000834175,0.834175,1000
23515,0.00114796,1.14796,1000
23516,0.000616528,0.616528,1000
23517,0.000926543,0.926543,1000
23518,0.001062379,1.062379,1000
23519,0.001453099,1.453099,1000
23520,0.001042957,1.042957,1000
23521,0.001535444,1.535444,1000
23522,0.00057862,0.57862,1000
23523,0.000668709,0.668709,1000
23524,0.001235271,1.235271,1000
23525,0.00086142,0.86142,1000
23526,0.000695452,0.695452,1000
23527,0.000799847,0.799847,1000
23528,0.0004024,0.4024,1000
23529,0.000790937,0.790937,1000
23530,0.000961046,0.961046,1000
23531,0.005102907,5.102907,1000
23532,0.000983431,0.983431,1000
23533,0.002495076,2.495076,1000
23534,0.00218955,2.18955,1000
23535,0.004506233,4.506233,1000
23536,0.000729071,0.729071,1000
23537,0.004680639,4.680639,1000
23538,0.000631397,0.631397,1000
23539,0.000921515,0.921515,1000
23540,0.000911585,0.911585,1000
23541,0.002946497,2.946497,1000
23542,0.001015391,1.015391,1000
23543,0.000912456,0.912456,1000
23544,0.001240426,1.240426,1000
23545,0.000783777,0.783777,1000
23546,0.001150787,1.150787,1000
23547,0.001062384,1.062384,1000
23548,0.006052441,6.052441,1000
23549,0.000898732,0.898732,1000
23550,0.000530533,0.530533,1000
23551,0.000993186,0.993186,1000
23552,0.000426445,0.426445,1000
23553,0.000680553,0.680553,1000
23554,0.000940409,0.940409,1000
23555,0.000399692,0.399692,1000
23556,0.000578475,0.578475,1000
23557,0.000949993,0.949993,1000
23558,0.000777755,0.777755,1000
23559,0.001053458,1.053458,1000
23560,0.000892295,0.892295,1000
23561,0.001094001,1.094001,1000
23562,0.000450563,0.450563,1000
23564,0.00103168,1.03168,1000
23565,0.001613775,1.613775,1000
23566,0.000389621,0.389621,1000
23567,0.000606928,0.606928,1000
23568,0.001104592,1.104592,1000
23569,0.000851089,0.851089,1000
23570,0.000744909,0.744909,1000
23571,0.009098193,9.098193,1000
23572,0.001021738,1.021738,1000
23573,0.001405422,1.405422,1000
23574,0.001825149,1.825149,1000
23575,0.001029247,1.029247,1000
23576,0.001175549,1.175549,1000
23577,0.00078975,0.78975,1000
23578,0.001597145,1.597145,1000
23579,0.000756124,0.756124,1000
23580,0.002251663,2.251663,1000
23581,0.001139001,1.139001,1000
23582,0.00834939,8.34939,1000
23583,0.00141239,1.41239,1000
23584,0.001645881,1.645881,1000
23585,0.024937476,24.937476,1000
23586,0.085581749,85.581749,1000
23587,0.001520309,1.520309,1000
23588,0.00140225,1.40225,1000
23589,0.001158949,1.158949,1000
23590,0.006936982,6.936982,1000
23591,0.001147967,1.147967,1000
23592,0.002706105,2.706105,1000
23593,0.000678988,0.678988,1000
23594,0.002873297,2.873297,1000
23595,0.000317588,0.317588,1000
23596,0.001465121,1.465121,1000
23597,0.000748257,0.748257,1000
23598,0.00132095,1.32095,1000
23599,0.001484882,1.484882,1000
23600,0.001191827,1.191827,1000
23601,0.001026494,1.026494,1000
23602,0.00029363,0.29363,1000
23604,0.000763229,0.763229,1000
23605,0.00155067,1.55067,1000
23606,0.001011936,1.011936,1000
23607,0.370362262,370.362262,1000
23608,0.001071083,1.071083,1000
23609,0.000748543,0.748543,1000
23610,0.001200141,1.200141,1000
23611,0.000857631,0.857631,1000
23612,0.000728188,0.728188,1000
23613,0.000680485,0.680485,1000
23614,0.000905051,0.905051,1000
23615,0.000693077,0.693077,1000
23616,0.002779708,2.779708,1000
23617,0.00069184,0.69184,1000
23618,0.001309845,1.309845,1000
23619,0.000993186,0.993186,1000
23620,0.008292343,8.292343,1000
23621,0.001637817,1.637817,1000
23622,0.000619347,0.619347,1000
23623,0.000963775,0.963775,1000
23624,0.000598824,0.598824,1000
23625,0.000685661,0.685661,1000
23626,0.011460996,11.460996,1000
23627,0.000941743,0.941743,1000
23628,0.001149588,1.149588,1000
23629,0.00068325,0.68325,1000
23630,0.000820391,0.820391,1000
23631,0.003006229,3.006229,1000
23632,0.06457915,64.57915,1000
23633,0.016016658,16.016658,1000
23634,0.002796066,2.796066,1000
23635,0.000848652,0.848652,1000
23636,0.001136573,1.136573,1000
23637,0.001155282,1.155282,1000
23638,0.002823736,2.823736,1000
23639,0.000729914,0.729914,1000
23640,0.007275808,7.275808,1000
23641,0.000583187,0.583187,1000
23642,0.000825966,0.825966,1000
23643,0.000396299,0.396299,1000
23644,0.002550433,2.550433,1000
23645,0.001124177,1.124177,1000
23646,0.001913041,1.913041,1000
23647,0.010444572,10.444572,1000
23648,0.000450286,0.450286,1000
23649,0.001221487,1.221487,1000
23650,0.000844609,0.844609,1000
23651,0.016116865,16.116865,1000
23652,0.000443827,0.443827,1000
23653,0.001068216,1.068216,1000
23654,0.000993186,0.993186,1000
23655,0.000826268,0.826268,1000
23656,0.000841458,0.841458,1000
23657,0.000645517,0.645517,1000
23658,0.00063675,0.63675,1000
23659,0.00518742,5.18742,1000
23660,0.001857666,1.857666,1000
23661,0.001130222,1.130222,1000
23662,0.001071105,1.071105,1000
23663,0.001698969,1.698969,1000
23664,0.001084424,1.084424,1000
23665,0.001139001,1.139001,1000
23666,0.001750714,1.750714,1000
23667,0.000592944,0.592944,1000
23668,0.001965591,1.965591,1000
23669,0.005441678,5.441678,1000
23670,0.000433163,0.433163,1000
23671,0.000919552,0.919552,1000
23672,0.005115427,5.115427,1000
23673,0.001000232,1.000232,1000
23674,0.000673938,0.673938,1000
23675,0.000625843,0.625843,1000
23676,0.000891197,0.891197,1000
23677,0.000897258,0.897258,1000
23678,0.000844242,0.844242,1000
23679,0.000871469,0.871469,1000
23680,0.001490535,1.490535,1000
23681,0.003706376,3.706376,1000
23682,0.001746026,1.746026,1000
23683,0.001062396,1.062396,1000
23684,0.001723089,1.723089,1000
23685,0.001258682,1.258682,1000
23686,0.001746026,1.746026,1000
23687,0.001062569,1.062569,1000
23688,0.000645321,0.645321,1000
23689,0.001746026,1.746026,1000
23690,0.001461237,1.461237,1000
23691,0.008897158,8.897158,1000
23692,0.002508626,2.508626,1000
23693,0.000443751,0.443751,1000
23694,0.001755263,1.755263,1000
23695,0.000825966,0.825966,1000
23696,0.001271833,1.271833,1000
23697,0.000953672,0.953672,1000
23698,0.000428071,0.428071,1000
23699,0.000698018,0.698018,1000
23700,0.002772024,2.772024,1000
23701,0.001040427,1.040427,1000
23702,0.004752639,4.752639,1000
23703,0.167214701,167.214701,1000
23704,0.000866664,0.866664,1000
23705,0.005358694,5.358694,1000
23706,0.001006227,1.006227,1000
23707,0.000900643,0.900643,1000
23708,0.001072731,1.072731,1000
23709,0.000708899,0.708899,1000
23710,0.006974582,6.974582,1000
23711,0.000951544,0.951544,1000
23712,0.040090664,40.090664,1000
23713,0.000264919,0.264919,1000
23714,0.000993186,0.993186,1000
23715,0.001670348,1.670348,1000
23716,0.00082036,0.82036,1000
23717,0.002465961,2.465961,1000
23718,0.000953545,0.953545,1000
23719,0.001143068,1.143068,1000
23720,0.0005605,0.5605,1000
23721,0.210924601,210.924601,1000
23722,0.000825966,0.825966,1000
23723,0.0009356,0.9356,1000
23724,0.00290182,2.90182,1000
23725,0.00057931,0.57931,1000
23726,0.001505839,1.505839,1000
23727,0.000993186,0.993186,1000
23728,0.003199618,3.199618,1000
23729,0.001050209,1.050209,1000
23730,0.002869912,2.869912,1000
23731,0.00091726,0.91726,1000
23732,0.016052433,16.052433,1000
23733,0.000881825,0.881825,1000
23734,0.016971019,16.971019,1000
23735,0.00370845,3.70845,1000
23736,0.008340634,8.340634,1000
23737,0.001977257,1.977257,1000
23738,0.000798789,0.798789,1000
23739,0.001330941,1.330941,1000
23740,0.000880962,0.880962,1000
23741,0.000687001,0.687001,1000
23742,0.056581489,56.581489,1000
23743,0.001029247,1.029247,1000
23744,0.007869405,7.869405,1000
23745,0.004902526,4.902526,1000
23746,0.00086687,0.86687,1000
23747,0.000356701,0.356701,1000
23748,0.001053234,1.053234,1000
23749,0.001390991,1.390991,1000
23750,0.018676296,18.676296,1000
23751,0.001335576,1.335576,1000
23752,0.001043007,1.043007,1000
23753,0.00045899,0.45899,1000
23754,0.00142603,1.42603,1000
23755,0.000735894,0.735894,1000
23756,0.001284625,1.284625,1000
23757,0.000751054,0.751054,1000
23758,0.001036775,1.036775,1000
23759,0.001480195,1.480195,1000
23760,0.016035238,16.035238,1000
23761,0.002272609,2.272609,1000
23762,0.001042817,1.042817,1000
23763,0.000317451,0.317451,1000
23764,0.000869813,0.869813,1000
23765,0.001443532,1.443532,1000
23766,0.000965026,0.965026,1000
23767,0.000996716,0.996716,1000
23768,0.00062717,0.62717,1000
23769,0.000408636,0.408636,1000
23770,0.000580856,0.580856,1000
23771,0.000759402,0.759402,1000
23772,0.000897222,0.897222,1000
23773,0.000616479,0.616479,1000
23774,0.008525665,8.525665,1000
23775,0.003042315,3.042315,1000
23776,0.004765838,4.765838,1000
23777,0.001751418,1.751418,1000
23778,0.003309222,3.309222,1000
23779,0.000586145,0.586145,1000
23780,0.000423493,0.423493,1000
23781,0.002888502,2.888502,1000
23782,0.000869923,0.869923,1000
23783,0.000778782,0.778782,1000
23784,0.000960809,0.960809,1000
23785,0.000540383,0.540383,1000
23786,0.001175549,1.175549,1000
23787,0.003040984,3.040984,1000
23788,0.000611139,0.611139,1000
23789,0.000894243,0.894243,1000
23790,0.001687776,1.687776,1000
23791,0.003557946,3.557946,1000
23792,0.001280027,1.280027,1000
23793,0.00129848,1.29848,1000
23794,0.008324159,8.324159,1000
23795,0.002342987,2.342987,1000
23796,0.001309806,1.309806,1000
23797,0.001150755,1.150755,1000
23798,0.014782881,14.782881,1000
23799,0.000310472,0.310472,1000
23800,0.001334149,1.334149,1000
23801,0.001011936,1.011936,1000
23802,0.002034816,2.034816,1000
23803,0.001264538,1.264538,1000
23804,0.000771559,0.771559,1000
23805,0.001505115,1.505115,1000
23806,0.001123913,1.123913,1000
23807,0.001141946,1.141946,1000
23808,0.001071105,1.071105,1000
23809,0.000458236,0.458236,1000
23810,0.001178122,1.178122,1000
23811,0.001071105,1.071105,1000
23812,0.001085256,1.085256,1000
23813,0.009905017,9.905017,1000
23814,0.001035546,1.035546,1000
23815,0.001864257,1.864257,1000
23816,0.000864807,0.864807,1000
23817,0.003099616,3.099616,1000
23818,0.005445159,5.445159,1000
23819,0.003015752,3.015752,1000
23820,0.005164071,5.164071,1000
23821,0.000920489,0.920489,1000
23822,0.001672252,1.672252,1000
23823,0.001382615,1.382615,1000
23824,0.000689888,0.689888,1000
23825,0.003027757,3.027757,1000
23826,0.00158555,1.58555,1000
23827,0.001609087,1.609087,1000
23828,0.000738804,0.738804,1000
23829,0.000653678,0.653678,1000
23830,0.000993186,0.993186,1000
23831,0.000572005,0.572005,1000
23832,0.001323992,1.323992,1000
23833,0.00054807,0.54807,1000
23834,0.001505839,1.505839,1000
23835,0.001000921,1.000921,1000
23836,0.001187182,1.187182,1000
23837,0.000943749,0.943749,1000
23838,0.000813778,0.813778,1000
23839,0.000784982,0.784982,1000
23840,0.000497535,0.497535,1000
23841,0.001623754,1.623754,1000
23842,0.012179918,12.179918,1000
23843,0.000979328,0.979328,1000
23844,0.000914183,0.914183,1000
23845,0.001457786,1.457786,1000
23846,0.000858413,0.858413,1000
23847,0.001097456,1.097456,1000
23848,0.000761416,0.761416,1000
23849,0.000960362,0.960362,1000
23850,0.001667934,1.667934,1000
23851,0.002308172,2.308172,1000
23852,0.002547751,2.547751,1000
23853,0.001457006,1.457006,1000
23854,0.000905737,0.905737,1000
23855,0.000819666,0.819666,1000
23856,0.001042957,1.042957,1000
23857,0.000712278,0.712278,1000
23858,0.001015484,1.015484,1000
23859,0.000833721,0.833721,1000
23860,0.000993186,0.993186,1000
23861,0.001175428,1.175428,1000
23862,0.001004528,1.004528,1000
23863,0.009309922,9.309922,1000
23864,0.00079679,0.79679,1000
23865,0.000544054,0.544054,1000
23866,0.000783728,0.783728,1000
23867,0.06457589,64.57589,1000
23868,0.001620154,1.620154,1000
23869,0.001164152,1.164152,1000
23870,0.001440248,1.440248,1000
23871,0.001141219,1.141219,1000
23872,0.001240768,1.240768,1000
23873,0.000654485,0.654485,1000
23874,0.007951346,7.951346,1000
23875,0.000691127,0.691127,1000
23876,0.000693647,0.693647,1000
23877,0.000877304,0.877304,1000
23878,0.001371694,1.371694,1000
23879,0.000829331,0.829331,1000
23881,0.001637817,1.637817,1000
23882,0.065006606,65.006606,1000
23883,0.00058886,0.58886,1000
23884,0.000993186,0.993186,1000
23885,0.082740904,82.740904,1000
23886,0.068705314,68.705314,1000
23887,0.000806392,0.806392,1000
23888,0.000611863,0.611863,1000
23889,0.000852259,0.852259,1000
23890,0.001096676,1.096676,1000
23891,0.000791045,0.791045,1000
23892,0.000875833,0.875833,1000
23893,0.004314402,4.314402,1000
23894,0.001221487,1.221487,1000
23895,0.000790188,0.790188,1000
23896,0.00103168,1.03168,1000
23897,0.000993186,0.993186,1000
23898,0.000723077,0.723077,1000
23899,0.012601181,12.601181,1000
23900,0.076267983,76.267983,1000
23901,0.000568007,0.568007,1000
23902,0.001005201,1.005201,1000
23903,0.001408846,1.408846,1000
23904,0.29369734,293.69734,1000
23905,0.002733672,2.733672,1000
23906,0.001507671,1.507671,1000
23907,0.004774064,4.774064,1000
23908,0.000968219,0.968219,1000
23909,0.007235709,7.235709,1000
23910,0.002986411,2.986411,1000
23911,0.00612698,6.12698,1000
23912,0.000635528,0.635528,1000
23913,0.001159397,1.159397,1000
23914,0.001246131,1.246131,1000
23915,0.19329967,193.29967,1000
23916,0.001069915,1.069915,1000
23917,0.000951227,0.951227,1000
23918,0.001553277,1.553277,1000
23919,0.000935513,0.935513,1000
23920,0.000292087,0.292087,1000
23921,0.001143015,1.143015,1000
23922,0.007058452,7.058452,1000
23923,0.024876373,24.876373,1000
23924,0.000664035,0.664035,1000
23925,0.001141219,1.141219,1000
23926,0.000838836,0.838836,1000
23927,0.000836261,0.836261,1000
23928,0.014473132,14.473132,1000
23929,0.001372421,1.372421,1000
23930,0.001347702,1.347702,1000
23931,0.001071066,1.071066,1000
23932,0.001006227,1.006227,1000
23933,0.000811014,0.811014,1000
23934,0.011326766,11.326766,1000
23935,0.000692151,0.692151,1000
23936,0.00127618,1.27618,1000
23937,0.002076539,2.076539,1000
23938,0.000802985,0.802985,1000
23939,0.000832056,0.832056,1000
23940,0.001632122,1.632122,1000
23941,0.000908269,0.908269,1000
23942,0.000658183,0.658183,1000
23943,0.000580818,0.580818,1000
23944,0.001047998,1.047998,1000
23945,0.001148818,1.148818,1000
23946,0.001123616,1.123616,1000
23947,0.001080271,1.080271,1000
23948,0.001071083,1.071083,1000
23949,0.001250952,1.250952,1000
23950,0.00288749,2.88749,1000
23951,0.00056347,0.56347,1000
23952,0.00124719,1.24719,1000
23953,0.00128611,1.28611,1000
23954,0.0015091,1.5091,1000
23955,0.000920855,0.920855,1000
23956,0.000949352,0.949352,1000
23957,0.016099285,16.099285,1000
23958,0.001006165,1.006165,1000
23959,0.305724346,305.724346,1000
23960,0.008799881,8.799881,1000
23961,0.000559052,0.559052,1000
23962,0.000993186,0.993186,1000
23963,0.001153663,1.153663,1000
23964,0.000607943,0.607943,1000
23965,0.012142032,12.142032,1000
23966,0.000938344,0.938344,1000
23967,0.000854476,0.854476,1000
23968,0.000836699,0.836699,1000
23969,0.00793187,7.93187,1000
23970,0.000717111,0.717111,1000
23971,0.001321124,1.321124,1000
23972,0.001221653,1.221653,1000
23973,0.058582815,58.582815,1000
23974,0.004353912,4.353912,1000
23975,0.000579728,0.579728,1000
23976,0.000943965,0.943965,1000
23977,0.009696218,9.696218,1000
23978,0.022047306,22.047306,1000
23979,0.000951455,0.951455,1000
23980,0.246203606,246.203606,1000
23981,0.000482291,0.482291,1000
23982,0.004656911,4.656911,1000
23983,0.000408628,0.408628,1000
23984,0.00054946,0.54946,1000
23985,0.000632423,0.632423,1000
23986,0.001128376,1.128376,1000
23987,0.001020948,1.020948,1000
23988,0.000997855,0.997855,1000
23989,0.001609087,1.609087,1000
23990,0.000771007,0.771007,1000
23991,0.001132346,1.132346,1000
23992,0.001678311,1.678311,1000
23993,0.000875399,0.875399,1000
23994,0.00115872,1.15872,1000
23995,0.076664653,76.664653,1000
23996,0.001689333,1.689333,1000
23997,0.001520309,1.520309,1000
23998,0.005007283,5.007283,1000
23999,0.0013846,1.3846,1000
24000,0.001070078,1.070078,1000
24001,0.001153677,1.153677,1000
24002,0.005980164,5.980164,1000
24003,0.000829186,0.829186,1000
24004,0.000798059,0.798059,1000
24005,0.001724377,1.724377,1000
24006,0.001006227,1.006227,1000
24007,0.00081312,0.81312,1000
24008,0.006319205,6.319205,1000
24009,0.000385778,0.385778,1000
24010,0.00081312,0.81312,1000
24011,0.000927759,0.927759,1000
24012,0.000751808,0.751808,1000
24013,0.000404194,0.404194,1000
24014,0.000717733,0.717733,1000
24015,0.000989093,0.989093,1000
24016,0.001054313,1.054313,1000
24017,0.001140209,1.140209,1000
24018,0.01820557,18.20557,1000
24019,0.000958823,0.958823,1000
24020,0.000946474,0.946474,1000
24021,0.00078378,0.78378,1000
24022,0.001071105,1.071105,1000
24023,0.000592097,0.592097,1000
24024,0.001025579,1.025579,1000
24025,0.001167058,1.167058,1000
24026,0.001575704,1.575704,1000
24027,0.015508653,15.508653,1000
24028,0.000737598,0.737598,1000
24029,0.00076212,0.76212,1000
24030,0.001075333,1.075333,1000
24031,0.001162224,1.162224,1000
24032,0.004499322,4.499322,1000
24033,0.000602309,0.602309,1000
24034,0.001010763,1.010763,1000
24035,0.137834089,137.834089,1000
24036,0.002865535,2.865535,1000
24037,0.002123728,2.123728,1000
24038,0.001818017,1.818017,1000
24039,0.001072484,1.072484,1000
24040,0.000717635,0.717635,1000
24041,0.007572011,7.572011,1000
24042,0.000913316,0.913316,1000
24043,0.003852434,3.852434,1000
24044,0.001144711,1.144711,1000
24045,0.010227781,10.227781,1000
24046,0.000932982,0.932982,1000
24047,0.00122394,1.22394,1000
24048,0.003193553,3.193553,1000
24049,0.14824816,148.24816,1000
24050,0.001017545,1.017545,1000
24051,0.000835138,0.835138,1000
24052,0.00072145,0.72145,1000
24053,0.000663703,0.663703,1000
24054,0.000993186,0.993186,1000
24055,0.001071105,1.071105,1000
24056,0.00090733,0.90733,1000
24057,0.001044751,1.044751,1000
24058,0.001234166,1.234166,1000
24059,0.00060776,0.60776,1000
24060,0.000858223,0.858223,1000
24061,0.002252526,2.252526,1000
24062,0.001104592,1.104592,1000
24063,0.003487382,3.487382,1000
24064,0.001174489,1.174489,1000
24065,0.000657273,0.657273,1000
24066,0.040294637,40.294637,1000
24067,0.000933636,0.933636,1000
24068,0.000812816,0.812816,1000
24069,0.009810336,9.810336,1000
24070,0.001120065,1.120065,1000
24071,0.016238388,16.238388,1000
24072,0.001019996,1.019996,1000
24073,0.000697361,0.697361,1000
24074,0.003023285,3.023285,1000
24075,0.00051544,0.51544,1000
24076,0.003411132,3.411132,1000
24077,0.000486365,0.486365,1000
24078,0.000584465,0.584465,1000
24079,0.000653308,0.653308,1000
24080,0.000599712,0.599712,1000
24081,0.001331184,1.331184,1000
24082,0.001062519,1.062519,1000
24083,0.001461056,1.461056,1000
24084,0.000473128,0.473128,1000
24085,0.001018268,1.018268,1000
24086,0.00161577,1.61577,1000
24087,0.003674254,3.674254,1000
24088,0.00821666,8.21666,1000
24089,0.002988234,2.988234,1000
24090,0.000848811,0.848811,1000
24091,0.000794311,0.794311,1000
24092,0.001437379,1.437379,1000
24093,0.000975585,0.975585,1000
24094,0.002207987,2.207987,1000
24095,0.000630198,0.630198,1000
24096,0.000546768,0.546768,1000
24097,0.00294747,2.94747,1000
24098,0.001674516,1.674516,1000
24099,0.002562894,2.562894,1000
24100,0.001524206,1.524206,1000
24101,0.001508515,1.508515,1000
24102,0.001062541,1.062541,1000
24103,0.000798876,0.798876,1000
24104,0.000307379,0.307379,1000
24105,0.001248807,1.248807,1000
24106,0.001178807,1.178807,1000
24107,0.001190685,1.190685,1000
24108,0.000628138,0.628138,1000
24109,0.000978076,0.978076,1000
24110,0.00534418,5.34418,1000
24111,0.002304042,2.304042,1000
24112,0.001070906,1.070906,1000
24113,0.005814596,5.814596,1000
24114,0.007217716,7.217716,1000
24115,0.00081312,0.81312,1000
24116,0.002526419,2.526419,1000
24117,0.000773789,0.773789,1000
24118,0.00061603,0.61603,1000
24119,0.000836625,0.836625,1000
24120,0.000669511,0.669511,1000
24121,0.00074344,0.74344,1000
24122,0.00081312,0.81312,1000
24123,0.000761676,0.761676,1000
24124,0.00088625,0.88625,1000
24125,0.001230218,1.230218,1000
24126,0.00154539,1.54539,1000
24127,0.002881625,2.881625,1000
24128,0.002964722,2.964722,1000
24129,0.000953672,0.953672,1000
24130,0.06457589,64.57589,1000
24131,0.000779904,0.779904,1000
24132,0.001014983,1.014983,1000
24133,0.06457915,64.57915,1000
24134,0.02231004,22.31004,1000
24135,0.006514776,6.514776,1000
24136,0.000415685,0.415685,1000
24137,0.001071105,1.071105,1000
24138,0.001237114,1.237114,1000
24139,0.000729999,0.729999,1000
24140,0.000843836,0.843836,1000
24141,0.000791045,0.791045,1000
24142,0.003481189,3.481189,1000
24143,0.001034166,1.034166,1000
24144,0.001006165,1.006165,1000
24145,0.000583886,0.583886,1000
24146,0.005202972,5.202972,1000
24147,0.003344679,3.344679,1000
24148,0.04099743,40.99743,1000
24149,0.001119953,1.119953,1000
24150,0.000815636,0.815636,1000
24151,0.001177654,1.177654,1000
24152,0.000791718,0.791718,1000
24153,0.001164973,1.164973,1000
24154,0.00077801,0.77801,1000
24155,0.002589462,2.589462,1000
24156,0.00103168,1.03168,1000
24157,0.004140303,4.140303,1000
24158,0.00098284,0.98284,1000
24159,0.00103168,1.03168,1000
24160,0.001252513,1.252513,1000
24161,0.014771853,14.771853,1000
24162,0.000703786,0.703786,1000
24163,0.001121216,1.121216,1000
24164,0.001821889,1.821889,1000
24165,0.000427772,0.427772,1000
24166,0.001020097,1.020097,1000
24167,0.001024048,1.024048,1000
24168,0.001029951,1.029951,1000
24169,0.000773789,0.773789,1000
24170,0.000782692,0.782692,1000
24171,0.001493998,1.493998,1000
24172,0.00811573,8.11573,1000
24173,0.00103168,1.03168,1000
24174,0.001633611,1.633611,1000
24175,0.000306433,0.306433,1000
24176,0.000469094,0.469094,1000
24177,0.003072427,3.072427,1000
24178,0.002690997,2.690997,1000
24179,0.001071083,1.071083,1000
24180,0.001011936,1.011936,1000
24181,0.000646728,0.646728,1000
24182,0.00834705,8.34705,1000
24183,0.000579519,0.579519,1000
24184,0.002919642,2.919642,1000
24185,0.000825966,0.825966,1000
24186,0.001520388,1.520388,1000
24187,0.055010591,55.010591,1000
24188,0.0021463,2.1463,1000
24189,0.000878865,0.878865,1000
24190,0.000378006,0.378006,1000
24191,0.000643545,0.643545,1000
24192,0.001316602,1.316602,1000
24193,0.000607895,0.607895,1000
24194,0.000415011,0.415011,1000
24195,0.001167828,1.167828,1000
24196,0.000666833,0.666833,1000
24197,0.000893937,0.893937,1000
24198,0.005649782,5.649782,1000
24199,0.001750714,1.750714,1000
24200,0.000542225,0.542225,1000
24201,0.000574195,0.574195,1000
24202,0.00164262,1.64262,1000
24203,0.001081154,1.081154,1000
24204,0.000664577,0.664577,1000
24205,0.000933938,0.933938,1000
24206,0.000709902,0.709902,1000
24207,0.000802229,0.802229,1000
24208,0.000492952,0.492952,1000
24209,0.01481873,14.81873,1000
24210,0.000826444,0.826444,1000
24211,0.000419584,0.419584,1000
24212,0.002955297,2.955297,1000
24213,0.000523982,0.523982,1000
24214,0.0005997,0.5997,1000
24215,0.003297402,3.297402,1000
24216,0.000968468,0.968468,1000
24217,0.000503778,0.503778,1000
24218,0.000278918,0.278918,1000
24219,0.000743341,0.743341,1000
24220,0.000409575,0.409575,1000
24221,0.000538923,0.538923,1000
24222,0.000999017,0.999017,1000
24223,0.001996238,1.996238,1000
24224,0.001029247,1.029247,1000
24225,0.000986786,0.986786,1000
24226,0.000715666,0.715666,1000
24227,0.001139948,1.139948,1000
24228,0.001237824,1.237824,1000
24229,0.000961399,0.961399,1000
24230,0.001891449,1.891449,1000
24231,0.000946922,0.946922,1000
24232,0.00146574,1.46574,1000
24233,0.023549958,23.549958,1000
24234,0.000726881,0.726881,1000
24235,0.001041789,1.041789,1000
24236,0.001041789,1.041789,1000
24237,0.00063864,0.63864,1000
24238,0.000672797,0.672797,1000
24239,0.001532772,1.532772,1000
24240,0.018409578,18.409578,1000
24241,0.000604961,0.604961,1000
24242,0.001429973,1.429973,1000
24243,0.006573784,6.573784,1000
24244,0.000760289,0.760289,1000
24245,0.000600813,0.600813,1000
24246,0.000873098,0.873098,1000
24247,0.000316221,0.316221,1000
24248,0.001134919,1.134919,1000
24249,0.005738997,5.738997,1000
24250,0.003361793,3.361793,1000
24251,0.00086365,0.86365,1000
24252,0.00045876,0.45876,1000
24253,0.003308549,3.308549,1000
24254,0.004431192,4.431192,1000
24255,0.001062502,1.062502,1000
24256,0.000783777,0.783777,1000
24257,0.035807495,35.807495,1000
24258,0.000993186,0.993186,1000
24259,0.179470747,179.470747,1000
24260,0.002539904,2.539904,1000
24261,0.016320333,16.320333,1000
24262,0.001453121,1.453121,1000
24263,0.000928141,0.928141,1000
24264,0.008218988,8.218988,1000
24265,0.000687739,0.687739,1000
24266,0.002809677,2.809677,1000
24267,0.000916214,0.916214,1000
24268,0.000839137,0.839137,1000
24269,0.00104294,1.04294,1000
24270,0.00432483,4.32483,1000
24271,0.001052825,1.052825,1000
24272,0.001112796,1.112796,1000
24273,0.008881892,8.881892,1000
24274,0.001542171,1.542171,1000
24275,0.000707837,0.707837,1000
24276,0.001062502,1.062502,1000
24277,0.001505839,1.505839,1000
24278,0.00086365,0.86365,1000
24279,0.010356272,10.356272,1000
24280,0.000558422,0.558422,1000
24281,0.006335731,6.335731,1000
24282,0.002960613,2.960613,1000
24283,0.001042288,1.042288,1000
24284,0.000541053,0.541053,1000
24285,0.000813867,0.813867,1000
24286,0.002093931,2.093931,1000
24287,0.001000744,1.000744,1000
24288,0.011768326,11.768326,1000
24289,0.000941992,0.941992,1000
24290,0.002716017,2.716017,1000
24291,0.01625191,16.25191,1000
24292,0.001348489,1.348489,1000
24293,0.008640386,8.640386,1000
24294,0.000315601,0.315601,1000
24295,0.008390419,8.390419,1000
24296,0.000463656,0.463656,1000
24297,0.000548151,0.548151,1000
24298,0.001243232,1.243232,1000
24299,0.247366541,247.366541,1000
24300,0.000976813,0.976813,1000
24301,0.056232447,56.232447,1000
24302,0.008170652,8.170652,1000
24303,0.00091507,0.91507,1000
24304,0.003812694,3.812694,1000
24305,0.001092687,1.092687,1000
24306,0.002798422,2.798422,1000
24307,0.016021134,16.021134,1000
24308,0.21153128,211.53128,1000
24309,0.000750956,0.750956,1000
24310,0.001601399,1.601399,1000
24311,0.001159012,1.159012,1000
24312,0.000837793,0.837793,1000
24313,0.000646541,0.646541,1000
24314,0.001557963,1.557963,1000
24315,0.000809038,0.809038,1000
24316,0.000803594,0.803594,1000
24317,0.000709973,0.709973,1000
24318,0.000744267,0.744267,1000
24319,0.000900205,0.900205,1000
24320,0.000268512,0.268512,1000
24321,0.000921737,0.921737,1000
24323,0.001044721,1.044721,1000
24324,0.001011936,1.011936,1000
24325,0.005300616,5.300616,1000
24326,0.000903109,0.903109,1000
24327,0.000850714,0.850714,1000
24328,0.00844823,8.44823,1000
24329,0.000679816,0.679816,1000
24330,0.001014986,1.014986,1000
24331,0.001104592,1.104592,1000
24332,0.000865879,0.865879,1000
24333,0.001011936,1.011936,1000
24334,0.003488413,3.488413,1000
24335,0.001623754,1.623754,1000
24336,0.001935727,1.935727,1000
24337,0.001612296,1.612296,1000
24338,0.008591773,8.591773,1000
24339,0.014273904,14.273904,1000
24340,0.00103168,1.03168,1000
24341,0.001483229,1.483229,1000
24342,0.000294032,0.294032,1000
24343,0.00062595,0.62595,1000
24344,0.001071133,1.071133,1000
24345,0.008222856,8.222856,1000
24346,0.000934206,0.934206,1000
24347,0.004372335,4.372335,1000
24348,0.001224407,1.224407,1000
24349,0.000793366,0.793366,1000
24350,0.000941327,0.941327,1000
24351,0.000551332,0.551332,1000
24352,0.008049522,8.049522,1000
24353,0.001182005,1.182005,1000
24354,0.001091289,1.091289,1000
24355,0.000665622,0.665622,1000
24356,0.001239935,1.239935,1000
24357,0.001042916,1.042916,1000
24358,0.001405266,1.405266,1000
24359,0.000645517,0.645517,1000
24360,0.001553064,1.553064,1000
24361,0.001062541,1.062541,1000
24362,0.001042957,1.042957,1000
24363,0.064580577,64.580577,1000
24364,0.012989588,12.989588,1000
24365,0.000327173,0.327173,1000
24366,0.097673972,97.673972,1000
24367,0.000817224,0.817224,1000
24368,0.001146681,1.146681,1000
24369,0.000977381,0.977381,1000
24370,0.098624531,98.624531,1000
24371,0.000919892,0.919892,1000
24372,0.000669217,0.669217,1000
24373,0.001042957,1.042957,1000
24374,0.001166589,1.166589,1000
24375,0.00118801,1.18801,1000
24376,0.001523042,1.523042,1000
24377,0.002761402,2.761402,1000
24378,0.001042979,1.042979,1000
24379,0.000558286,0.558286,1000
24380,0.001328759,1.328759,1000
24381,0.008716918,8.716918,1000
24382,0.001165864,1.165864,1000
24383,0.001014983,1.014983,1000
24384,0.01405154,14.05154,1000
24385,0.016311905,16.311905,1000
24386,0.001312558,1.312558,1000
24387,0.004045838,4.045838,1000
24388,0.001480702,1.480702,1000
24389,0.023593013,23.593013,1000
24390,0.000983274,0.983274,1000
24391,0.006114637,6.114637,1000
24392,0.002682546,2.682546,1000
24393,0.000386523,0.386523,1000
24394,0.002223476,2.223476,1000
24395,0.000613033,0.613033,1000
24396,0.001071083,1.071083,1000
24397,0.001143068,1.143068,1000
24398,0.003086026,3.086026,1000
24399,0.05622204,56.22204,1000
24400,0.005373505,5.373505,1000
24401,0.00059776,0.59776,1000
24402,0.00052639,0.52639,1000
24403,0.000728433,0.728433,1000
24404,0.001385415,1.385415,1000
24405,0.001004655,1.004655,1000
24406,0.002749344,2.749344,1000
24407,0.194588522,194.588522,1000
24408,0.003212859,3.212859,1000
24409,0.000783777,0.783777,1000
24410,0.001446551,1.446551,1000
24411,0.000685529,0.685529,1000
24412,0.001172505,1.172505,1000
24413,0.004849648,4.849648,1000
24414,0.002801157,2.801157,1000
24415,0.000726702,0.726702,1000
24416,0.001626228,1.626228,1000
24417,0.001194942,1.194942,1000
24418,0.000821805,0.821805,1000
24419,0.148708016,148.708016,1000
24420,0.001003168,1.003168,1000
24421,0.003121393,3.121393,1000
24422,0.001146237,1.146237,1000
24423,0.028669328,28.669328,1000
24424,0.00364589,3.64589,1000
24425,0.006746943,6.746943,1000
24426,0.000575745,0.575745,1000
24427,0.000465836,0.465836,1000
24428,0.000864631,0.864631,1000
24429,0.005125755,5.125755,1000
24430,0.000879446,0.879446,1000
24431,0.000826658,0.826658,1000
24432,0.002848379,2.848379,1000
24433,0.001612265,1.612265,1000
24434,0.001225923,1.225923,1000
24435,0.01516349,15.16349,1000
24436,0.00086399,0.86399,1000
24437,0.000889123,0.889123,1000
24438,0.000642235,0.642235,1000
24439,0.000792019,0.792019,1000
24440,0.001042319,1.042319,1000
24441,0.000731193,0.731193,1000
24442,0.001131404,1.131404,1000
24443,0.001406976,1.406976,1000
24444,0.001297976,1.297976,1000
24445,0.001457786,1.457786,1000
24446,0.001213191,1.213191,1000
24447,0.007609231,7.609231,1000
24448,0.001360741,1.360741,1000
24449,0.000316708,0.316708,1000
24450,0.001276942,1.276942,1000
24451,0.001510527,1.510527,1000
24452,0.000601422,0.601422,1000
24453,0.000899794,0.899794,1000
24454,0.000806826,0.806826,1000
24455,0.000783777,0.783777,1000
24456,0.001153642,1.153642,1000
24457,0.001186716,1.186716,1000
24458,0.002496289,2.496289,1000
24459,0.001496237,1.496237,1000
24460,0.000798022,0.798022,1000
24461,0.000825966,0.825966,1000
24462,0.000791734,0.791734,1000
24463,0.000796976,0.796976,1000
24464,0.00129693,1.29693,1000
24465,0.002740135,2.740135,1000
24466,0.00103168,1.03168,1000
24467,0.000743318,0.743318,1000
24468,0.000263609,0.263609,1000
24469,0.00062777,0.62777,1000
24470,0.000899987,0.899987,1000
24471,0.00031725,0.31725,1000
24472,0.000742679,0.742679,1000
24473,0.001456359,1.456359,1000
24474,0.00066464,0.66464,1000
24475,0.000885517,0.885517,1000
24476,0.000752983,0.752983,1000
24477,0.00081312,0.81312,1000
24478,0.001592749,1.592749,1000
24479,0.000717045,0.717045,1000
24480,0.000416212,0.416212,1000
24481,0.000982692,0.982692,1000
24482,0.000738982,0.738982,1000
24483,0.001043143,1.043143,1000
24484,0.005879665,5.879665,1000
24485,0.005185782,5.185782,1000
24486,0.01118569,11.18569,1000
24487,0.001070943,1.070943,1000
24488,0.000697623,0.697623,1000
24489,0.00133427,1.33427,1000
24490,0.003303548,3.303548,1000
24491,0.001172505,1.172505,1000
24492,0.000922263,0.922263,1000
24493,0.000766535,0.766535,1000
24494,0.000444542,0.444542,1000
24495,0.001426452,1.426452,1000
24496,0.000954338,0.954338,1000
24497,0.000540669,0.540669,1000
24498,0.000855555,0.855555,1000
24499,0.06457589,64.57589,1000
24500,0.000929749,0.929749,1000
24501,0.000829409,0.829409,1000
24502,0.001024712,1.024712,1000
24503,0.001975844,1.975844,1000
24504,0.00078378,0.78378,1000
24505,0.000728515,0.728515,1000
24506,0.000877918,0.877918,1000
24507,0.000832719,0.832719,1000
24508,0.004910526,4.910526,1000
24509,0.002914488,2.914488,1000
24510,0.001044721,1.044721,1000
24511,0.002194877,2.194877,1000
24512,0.001457786,1.457786,1000
24513,0.001101373,1.101373,1000
24514,0.000692754,0.692754,1000
24515,0.001149588,1.149588,1000
24516,0.000730984,0.730984,1000
24517,0.000811521,0.811521,1000
24518,0.010623032,10.623032,1000
24519,0.001061351,1.061351,1000
24520,0.000664256,0.664256,1000
24521,0.000755586,0.755586,1000
24522,0.000673919,0.673919,1000
24523,0.002843893,2.843893,1000
24524,0.000983431,0.983431,1000
24525,0.002845094,2.845094,1000
24526,0.000717993,0.717993,1000
24527,0.000864838,0.864838,1000
24528,0.001483479,1.483479,1000
24529,0.000445344,0.445344,1000
24530,0.002730909,2.730909,1000
24531,0.000484334,0.484334,1000
24532,0.00327723,3.27723,1000
24533,0.000663712,0.663712,1000
24534,0.001000921,1.000921,1000
24535,0.00304818,3.04818,1000
24536,0.000643042,0.643042,1000
24537,0.001339784,1.339784,1000
24538,0.000640904,0.640904,1000
24539,0.000791739,0.791739,1000
24540,0.000550941,0.550941,1000
24541,0.000734089,0.734089,1000
24542,0.016129776,16.129776,1000
24543,0.000861315,0.861315,1000
24544,0.001617599,1.617599,1000
24545,0.002560152,2.560152,1000
24546,0.002236851,2.236851,1000
24547,0.211404173,211.404173,1000
24548,0.004739017,4.739017,1000
24549,0.000783777,0.783777,1000
24550,0.000515387,0.515387,1000
24551,0.00115367,1.15367,1000
24552,0.001040396,1.040396,1000
24553,0.002487176,2.487176,1000
24554,0.000466548,0.466548,1000
24555,0.00427795,4.27795,1000
24556,0.001211878,1.211878,1000
24557,0.00070903,0.70903,1000
24558,0.415237585,415.237585,1000
24559,0.000980025,0.980025,1000
24560,0.001087189,1.087189,1000
24561,0.00090575,0.90575,1000
24562,0.010059167,10.059167,1000
24563,0.00084697,0.84697,1000
24564,0.178803026,178.803026,1000
24565,0.000662754,0.662754,1000
24566,0.001195104,1.195104,1000
24567,0.01212444,12.12444,1000
24568,0.00106012,1.06012,1000
24569,0.001016961,1.016961,1000
24570,0.001252508,1.252508,1000
24571,0.001412853,1.412853,1000
24572,0.00836572,8.36572,1000
24573,0.00081312,0.81312,1000
24574,0.001055022,1.055022,1000
24575,0.000533179,0.533179,1000
24576,0.040219537,40.219537,1000
24577,0.01624202,16.24202,1000
24578,0.001060294,1.060294,1000
24579,0.001062569,1.062569,1000
24580,0.014841054,14.841054,1000
24581,0.000701214,0.701214,1000
24582,0.003043185,3.043185,1000
24583,0.00180382,1.80382,1000
24584,0.000632359,0.632359,1000
24585,0.030850531,30.850531,1000
24586,0.001118209,1.118209,1000
24587,0.001333497,1.333497,1000
24588,0.001205656,1.205656,1000
24589,0.001158949,1.158949,1000
24590,0.00081215,0.81215,1000
24591,0.000747643,0.747643,1000
24592,0.040317887,40.317887,1000
24593,0.002573179,2.573179,1000
24594,0.003188897,3.188897,1000
24595,0.004039884,4.039884,1000
24596,0.001736328,1.736328,1000
24597,0.000715481,0.715481,1000
24598,0.001821889,1.821889,1000
24599,0.000847334,0.847334,1000
24600,0.000330396,0.330396,1000
24601,0.008822438,8.822438,1000
24602,0.004294196,4.294196,1000
24603,0.001225408,1.225408,1000
24604,0.000988962,0.988962,1000
24605,0.001039015,1.039015,1000
24606,0.004168784,4.168784,1000
24607,0.026967723,26.967723,1000
24608,0.001071066,1.071066,1000
24609,0.000795174,0.795174,1000
24610,0.000956262,0.956262,1000
24611,0.09334586,93.34586,1000
24612,0.003086722,3.086722,1000
24613,0.000268387,0.268387,1000
24614,0.000891755,0.891755,1000
24615,0.008108036,8.108036,1000
24616,0.000471526,0.471526,1000
24617,0.000972964,0.972964,1000
24618,0.000705718,0.705718,1000
24619,0.016126387,16.126387,1000
24620,0.000928268,0.928268,1000
24621,0.001042957,1.042957,1000
24622,0.000601082,0.601082,1000
24623,0.009359074,9.359074,1000
24624,0.001290583,1.290583,1000
24625,0.000905204,0.905204,1000
24626,0.000659014,0.659014,1000
24627,0.001036842,1.036842,1000
24628,0.000572452,0.572452,1000
24629,0.001749287,1.749287,1000
24630,0.000877509,0.877509,1000
24631,0.00082322,0.82322,1000
24632,0.000362085,0.362085,1000
24633,0.000565207,0.565207,1000
24634,0.000578208,0.578208,1000
24635,0.001313011,1.313011,1000
24636,0.007601868,7.601868,1000
24637,0.000704361,0.704361,1000
24638,0.001187942,1.187942,1000
24639,0.002208194,2.208194,1000
24640,0.00233659,2.33659,1000
24641,0.002898463,2.898463,1000
24642,0.002831959,2.831959,1000
24643,0.000981935,0.981935,1000
24644,0.000492819,0.492819,1000
24645,0.000937243,0.937243,1000
24646,0.000776697,0.776697,1000
24647,0.003677993,3.677993,1000
24648,0.000629896,0.629896,1000
24649,0.001302934,1.302934,1000
24650,0.000772707,0.772707,1000
24651,0.690450773,690.450773,1000
24652,0.000621262,0.621262,1000
24653,0.007971686,7.971686,1000
24654,0.001382576,1.382576,1000
24655,0.000593883,0.593883,1000
24656,0.007935265,7.935265,1000
24657,0.001376617,1.376617,1000
24658,0.00099785,0.99785,1000
24659,0.000825966,0.825966,1000
24660,0.002424833,2.424833,1000
24661,0.000806348,0.806348,1000
24662,0.000866411,0.866411,1000
24663,0.001134352,1.134352,1000
24664,0.000558865,0.558865,1000
24665,0.000861315,0.861315,1000
24666,0.000977131,0.977131,1000
24667,0.001155282,1.155282,1000
24668,0.008194991,8.194991,1000
24669,0.00084894,0.84894,1000
24670,0.000493169,0.493169,1000
24671,0.00050369,0.50369,1000
24672,0.001029247,1.029247,1000
24673,0.00078862,0.78862,1000
24674,0.000937371,0.937371,1000
24675,0.001104592,1.104592,1000
24676,0.003115366,3.115366,1000
24677,0.000822164,0.822164,1000
24678,0.000523009,0.523009,1000
24679,0.013651669,13.651669,1000
24680,0.001062519,1.062519,1000
24681,0.001453975,1.453975,1000
24682,0.004184786,4.184786,1000
24683,0.002560081,2.560081,1000
24684,0.000969237,0.969237,1000
24685,0.001023318,1.023318,1000
24686,0.000673897,0.673897,1000
24687,0.000733628,0.733628,1000
24688,0.09388243,93.88243,1000
24689,0.001583559,1.583559,1000
24690,0.001681848,1.681848,1000
24691,0.078482158,78.482158,1000
24692,0.001152443,1.152443,1000
24693,0.002207987,2.207987,1000
24694,0.001467976,1.467976,1000
24695,0.000955076,0.955076,1000
24696,0.008280889,8.280889,1000
24697,0.001250898,1.250898,1000
24698,0.001124571,1.124571,1000
24699,0.03225958,32.25958,1000
24701,0.003314487,3.314487,1000
24702,0.001473949,1.473949,1000
24703,0.000993186,0.993186,1000
24704,0.000738968,0.738968,1000
24705,0.000729073,0.729073,1000
24706,0.008076326,8.076326,1000
24707,0.008029834,8.029834,1000
24708,0.000705396,0.705396,1000
24709,0.001670348,1.670348,1000
24710,0.000551942,0.551942,1000
24711,0.000653508,0.653508,1000
24712,0.001633611,1.633611,1000
24713,0.000710069,0.710069,1000
24714,0.003669648,3.669648,1000
24715,0.000919593,0.919593,1000
24716,0.595283003,595.283003,1000
24717,0.001138634,1.138634,1000
24718,0.001205656,1.205656,1000
24719,0.000969304,0.969304,1000
24720,0.000542835,0.542835,1000
24721,0.025095147,25.095147,1000
24722,0.001131114,1.131114,1000
24723,0.000861396,0.861396,1000
24724,0.020654221,20.654221,1000
24725,0.001005589,1.005589,1000
24726,0.000600342,0.600342,1000
24727,0.000657138,0.657138,1000
24728,0.000873168,0.873168,1000
24729,0.000776095,0.776095,1000
24730,0.000748702,0.748702,1000
24731,0.001609087,1.609087,1000
24732,0.000657622,0.657622,1000
24733,0.001094542,1.094542,1000
24734,0.100399982,100.399982,1000
24735,0.00081312,0.81312,1000
24736,0.00081312,0.81312,1000
24737,0.000792942,0.792942,1000
24738,0.008260564,8.260564,1000
24739,0.000539236,0.539236,1000
24740,0.000783777,0.783777,1000
24741,0.001456359,1.456359,1000
24742,0.015994216,15.994216,1000
24743,0.005637834,5.637834,1000
24744,0.003003468,3.003468,1000
24745,0.00078378,0.78378,1000
24746,0.031089418,31.089418,1000
24747,0.015027904,15.027904,1000
24748,0.000920802,0.920802,1000
24749,0.001112236,1.112236,1000
24750,0.001349769,1.349769,1000
24751,0.004117284,4.117284,1000
24752,0.001749719,1.749719,1000
24753,0.011667431,11.667431,1000
24754,0.000479199,0.479199,1000
24755,0.031058374,31.058374,1000
24756,0.001025584,1.025584,1000
24757,0.000507979,0.507979,1000
24758,0.00084777,0.84777,1000
24759,0.000793242,0.793242,1000
24760,0.001522089,1.522089,1000
24761,0.03403684,34.03684,1000
24762,0.001120014,1.120014,1000
24763,0.000975402,0.975402,1000
24764,0.000811395,0.811395,1000
24765,0.002407921,2.407921,1000
24766,0.002435992,2.435992,1000
24767,0.001558369,1.558369,1000
24768,0.005904506,5.904506,1000
24769,0.00354654,3.54654,1000
24770,0.000459307,0.459307,1000
24771,0.014193976,14.193976,1000
24772,0.001831502,1.831502,1000
24773,0.001328954,1.328954,1000
24774,0.001109718,1.109718,1000
24775,0.001409748,1.409748,1000
24776,0.001598572,1.598572,1000
24777,0.001109718,1.109718,1000
24778,0.00077708,0.77708,1000
24779,0.000699486,0.699486,1000
24780,0.00114796,1.14796,1000
24781,0.002932458,2.932458,1000
24782,0.001006227,1.006227,1000
24783,0.000779855,0.779855,1000
24784,0.000903279,0.903279,1000
24785,0.001627974,1.627974,1000
24786,0.001497577,1.497577,1000
24788,0.001114065,1.114065,1000
24789,0.008352089,8.352089,1000
24790,0.000852869,0.852869,1000
24791,0.000950993,0.950993,1000
24792,0.00430853,4.30853,1000
24793,0.00103168,1.03168,1000
24794,0.000616482,0.616482,1000
24795,0.000655491,0.655491,1000
24796,0.001011936,1.011936,1000
24798,0.001116201,1.116201,1000
24799,0.001728839,1.728839,1000
24800,0.000994313,0.994313,1000
24801,0.000942546,0.942546,1000
24802,0.001597626,1.597626,1000
24803,0.00092936,0.92936,1000
24804,0.000670824,0.670824,1000
24805,0.003646468,3.646468,1000
24806,0.002948966,2.948966,1000
24807,0.001409432,1.409432,1000
24808,0.029104187,29.104187,1000
24809,0.001238372,1.238372,1000
24810,0.014452967,14.452967,1000
24811,0.009853765,9.853765,1000
24812,0.000689723,0.689723,1000
24813,0.014130162,14.130162,1000
24814,0.000865259,0.865259,1000
24815,0.001018774,1.018774,1000
24816,0.015074018,15.074018,1000
24817,0.013914217,13.914217,1000
24818,0.000604792,0.604792,1000
24819,0.00081312,0.81312,1000
24820,0.00081312,0.81312,1000
24821,0.015959366,15.959366,1000
24822,0.001041789,1.041789,1000
24823,0.002758091,2.758091,1000
24824,0.00072135,0.72135,1000
24825,0.003294191,3.294191,1000
24826,0.000778957,0.778957,1000
24827,0.000863462,0.863462,1000
24828,0.000927661,0.927661,1000
24829,0.000844307,0.844307,1000
24830,0.00240049,2.40049,1000
24831,0.151035258,151.035258,1000
24832,0.001295757,1.295757,1000
24833,0.008609329,8.609329,1000
24834,0.178254214,178.254214,1000
24835,0.00107288,1.07288,1000
24836,0.004293794,4.293794,1000
24837,0.002781922,2.781922,1000
24838,0.016518661,16.518661,1000
24839,0.000993186,0.993186,1000
24840,0.003182303,3.182303,1000
24841,0.0007834,0.7834,1000
24842,0.000936891,0.936891,1000
24843,0.024878647,24.878647,1000
24844,0.000876516,0.876516,1000
24845,0.00082361,0.82361,1000
24846,0.004435729,4.435729,1000
24847,0.595287691,595.287691,1000
24848,0.001500465,1.500465,1000
24849,0.004555671,4.555671,1000
24850,0.001088469,1.088469,1000
24851,0.000966784,0.966784,1000
24852,0.000628928,0.628928,1000
24853,0.000638626,0.638626,1000
24854,0.011905512,11.905512,1000
24855,0.001013786,1.013786,1000
24856,0.000993186,0.993186,1000
24857,0.000564635,0.564635,1000
24858,0.00110964,1.10964,1000
24859,0.000766177,0.766177,1000
24860,0.001149998,1.149998,1000
24861,0.00080873,0.80873,1000
24862,0.017359243,17.359243,1000
24863,0.00064071,0.64071,1000
24864,0.008012884,8.012884,1000
24865,0.007123287,7.123287,1000
24866,0.000908998,0.908998,1000
24867,0.001182245,1.182245,1000
24868,0.027279253,27.279253,1000
24869,0.0028282,2.8282,1000
24870,0.000993186,0.993186,1000
24871,0.00159707,1.59707,1000
24872,0.121341009,121.341009,1000
24873,0.003306302,3.306302,1000
24874,0.001144266,1.144266,1000
24875,0.073272222,73.272222,1000
24876,0.000659373,0.659373,1000
24877,0.0758756,75.8756,1000
24878,0.001320126,1.320126,1000
24879,0.001636874,1.636874,1000
24880,0.00059001,0.59001,1000
24881,0.001006165,1.006165,1000
24882,0.001260194,1.260194,1000
24883,0.00873139,8.73139,1000
24884,0.000962922,0.962922,1000
24885,0.000581456,0.581456,1000
24886,0.001549013,1.549013,1000
24887,0.006550792,6.550792,1000
24888,0.001196008,1.196008,1000
24889,0.001020643,1.020643,1000
24890,0.000509523,0.509523,1000
24891,0.000911171,0.911171,1000
24892,0.0015091,1.5091,1000
24893,0.000644463,0.644463,1000
24894,0.001253521,1.253521,1000
24895,0.000617671,0.617671,1000
24896,0.001267267,1.267267,1000
24897,0.00093128,0.93128,1000
24898,0.001057903,1.057903,1000
24899,0.001095392,1.095392,1000
24900,0.000580761,0.580761,1000
24902,0.00048156,0.48156,1000
24903,0.009891174,9.891174,1000
24904,0.000713559,0.713559,1000
24905,0.000878935,0.878935,1000
24906,0.001426735,1.426735,1000
24907,0.002010337,2.010337,1000
24908,0.00110695,1.10695,1000
24909,0.000677966,0.677966,1000
24910,0.000966211,0.966211,1000
24911,0.000749572,0.749572,1000
24912,0.001549577,1.549577,1000
24913,0.000949176,0.949176,1000
24914,0.001011936,1.011936,1000
24915,0.001071083,1.071083,1000
24916,0.000359347,0.359347,1000
24917,0.001071133,1.071133,1000
24918,0.000802551,0.802551,1000
24919,0.000360655,0.360655,1000
24920,0.003346915,3.346915,1000
24921,0.002992973,2.992973,1000
24922,0.000571165,0.571165,1000
24923,0.000858252,0.858252,1000
24924,0.001339782,1.339782,1000
24925,0.001439559,1.439559,1000
24926,0.027064209,27.064209,1000
24927,0.001154241,1.154241,1000
24928,0.000806316,0.806316,1000
24929,0.001042312,1.042312,1000
24930,0.00027957,0.27957,1000
24931,0.001375999,1.375999,1000
24932,0.00285232,2.85232,1000
24933,0.003038863,3.038863,1000
24934,0.00117472,1.17472,1000
24935,0.000690479,0.690479,1000
24936,0.001212497,1.212497,1000
24937,0.000717646,0.717646,1000
24938,0.000721826,0.721826,1000
24939,0.001143068,1.143068,1000
24940,0.001213705,1.213705,1000
24941,0.005432586,5.432586,1000
24942,0.002608654,2.608654,1000
24943,0.000963096,0.963096,1000
24944,0.004044833,4.044833,1000
24945,0.06457589,64.57589,1000
24946,0.023734849,23.734849,1000
24947,0.0006603,0.6603,1000
24948,0.02080361,20.80361,1000
24949,0.000818781,0.818781,1000
24950,0.005180117,5.180117,1000
24951,0.004207584,4.207584,1000
24952,0.00036849,0.36849,1000
24953,0.000823662,0.823662,1000
24954,0.001026875,1.026875,1000
24955,0.001114833,1.114833,1000
24956,0.004295026,4.295026,1000
24957,0.000918206,0.918206,1000
24958,0.000852894,0.852894,1000
24959,0.00086605,0.86605,1000
24960,0.000787255,0.787255,1000
24961,0.0016773,1.6773,1000
24962,0.002372127,2.372127,1000
24963,0.00103168,1.03168,1000
24964,0.002705474,2.705474,1000
24965,0.000459079,0.459079,1000
24966,0.00654651,6.54651,1000
24967,0.000683433,0.683433,1000
24968,0.000548654,0.548654,1000
24969,0.001089783,1.089783,1000
24970,0.00244881,2.44881,1000
24971,0.000713622,0.713622,1000
24972,0.001308858,1.308858,1000
24973,0.000928141,0.928141,1000
24974,0.001761578,1.761578,1000
24975,0.000676818,0.676818,1000
24976,0.000993186,0.993186,1000
24977,0.001598572,1.598572,1000
24978,0.03896156,38.96156,1000
24979,0.000897619,0.897619,1000
24980,0.001231268,1.231268,1000
24981,0.025562782,25.562782,1000
24982,0.000643627,0.643627,1000
24983,0.014084895,14.084895,1000
24984,0.000889699,0.889699,1000
24985,0.002682689,2.682689,1000
24986,0.050475729,50.475729,1000
24987,0.002207987,2.207987,1000
24988,0.000806124,0.806124,1000
24989,0.016723288,16.723288,1000
24990,0.011195787,11.195787,1000
24991,0.000685202,0.685202,1000
24992,0.002753198,2.753198,1000
24993,0.001505839,1.505839,1000
24994,0.000987357,0.987357,1000
24995,0.000857183,0.857183,1000
24996,0.000953672,0.953672,1000
24997,0.00112596,1.12596,1000
24998,0.000904075,0.904075,1000
24999,0.000742775,0.742775,1000
25000,0.000815308,0.815308,1000
25001,0.026740499,26.740499,1000
25002,0.001207228,1.207228,1000
25003,0.001139001,1.139001,1000
25004,0.000645252,0.645252,1000
25005,0.003466026,3.466026,1000
25006,0.000861396,0.861396,1000
25007,0.003803503,3.803503,1000
25008,0.001330285,1.330285,1000
25009,0.003739021,3.739021,1000
25010,0.000905193,0.905193,1000
25011,0.001629378,1.629378,1000
25012,0.000464302,0.464302,1000
25013,0.001067321,1.067321,1000
25014,0.002816702,2.816702,1000
25015,0.001141219,1.141219,1000
25016,0.001071066,1.071066,1000
25017,0.001462976,1.462976,1000
25018,0.001049602,1.049602,1000
25019,0.034232041,34.232041,1000
25020,0.00125593,1.25593,1000
25021,0.00090679,0.90679,1000
25022,0.006553277,6.553277,1000
25023,0.00082659,0.82659,1000
25024,0.001062519,1.062519,1000
25025,0.000921302,0.921302,1000
25026,0.001202164,1.202164,1000
25027,0.001247164,1.247164,1000
25028,0.00081312,0.81312,1000
25029,0.003709748,3.709748,1000
25030,0.002932066,2.932066,1000
25031,0.015975719,15.975719,1000
25032,0.001166816,1.166816,1000
25033,0.001314017,1.314017,1000
25034,0.000557385,0.557385,1000
25035,0.001375999,1.375999,1000
25036,0.018026165,18.026165,1000
25037,0.009705758,9.705758,1000
25038,0.001153627,1.153627,1000
25039,0.00073904,0.73904,1000
25040,0.001183477,1.183477,1000
25041,0.000750992,0.750992,1000
25042,0.000680387,0.680387,1000
25043,0.001324896,1.324896,1000
25044,0.001218698,1.218698,1000
25045,0.000948258,0.948258,1000
25046,0.001395598,1.395598,1000
25047,0.029858188,29.858188,1000
25048,0.001108626,1.108626,1000
25049,0.011127815,11.127815,1000
25050,0.001317245,1.317245,1000
25051,0.017082719,17.082719,1000
25052,0.006912616,6.912616,1000
25053,0.000682991,0.682991,1000
25054,0.00081312,0.81312,1000
25055,0.001143068,1.143068,1000
25056,0.000669511,0.669511,1000
25057,0.000925306,0.925306,1000
25058,0.06457589,64.57589,1000
25059,0.210962783,210.962783,1000
25060,0.016838768,16.838768,1000
25061,0.002263031,2.263031,1000
25062,0.005018394,5.018394,1000
25064,0.000593959,0.593959,1000
25065,0.000983163,0.983163,1000
25066,0.003949215,3.949215,1000
25067,0.001071105,1.071105,1000
25068,0.001390991,1.390991,1000
25069,0.064580577,64.580577,1000
25070,0.000713882,0.713882,1000
25071,0.001760093,1.760093,1000
25072,0.368814969,368.814969,1000
25073,0.053659546,53.659546,1000
25074,0.002064576,2.064576,1000
25075,0.001525312,1.525312,1000
25076,0.000652215,0.652215,1000
25077,0.000837371,0.837371,1000
25078,0.000937396,0.937396,1000
25079,0.001071105,1.071105,1000
25080,0.008099518,8.099518,1000
25081,0.000792588,0.792588,1000
25082,0.006640877,6.640877,1000
25083,0.05405189,54.05189,1000
25084,0.000995982,0.995982,1000
25085,0.001041789,1.041789,1000
25086,0.000948554,0.948554,1000
25087,0.000904943,0.904943,1000
25088,0.003378578,3.378578,1000
25089,0.00114796,1.14796,1000
25090,0.00050701,0.50701,1000
25091,0.000796051,0.796051,1000
25092,0.002086784,2.086784,1000
25093,0.000856674,0.856674,1000
25094,0.0015091,1.5091,1000
25095,0.00062161,0.62161,1000
25096,0.001029592,1.029592,1000
25097,0.001190563,1.190563,1000
25098,0.000877165,0.877165,1000
25099,0.00789392,7.89392,1000
25100,0.001024358,1.024358,1000
25101,0.000503331,0.503331,1000
25102,0.000327257,0.327257,1000
25103,0.000536889,0.536889,1000
25104,0.000774409,0.774409,1000
25105,0.001154053,1.154053,1000
25106,0.003300287,3.300287,1000
25107,0.000690724,0.690724,1000
25108,0.008548648,8.548648,1000
25109,0.001278572,1.278572,1000
25110,0.001043007,1.043007,1000
25111,0.056817232,56.817232,1000
25112,0.000768208,0.768208,1000
25113,0.035915933,35.915933,1000
25114,0.097117262,97.117262,1000
25115,0.001525076,1.525076,1000
25116,0.008077761,8.077761,1000
25117,0.000875833,0.875833,1000
25118,0.246316342,246.316342,1000
25119,0.000633671,0.633671,1000
25120,0.002636085,2.636085,1000
25121,0.002207987,2.207987,1000
25122,0.001209606,1.209606,1000
25123,0.00294505,2.94505,1000
25124,0.000663169,0.663169,1000
25125,0.001071083,1.071083,1000
25126,0.002050892,2.050892,1000
25127,0.091215734,91.215734,1000
25128,0.000822093,0.822093,1000
25129,0.001061086,1.061086,1000
25130,0.000685168,0.685168,1000
25131,0.000878653,0.878653,1000
25132,0.002697465,2.697465,1000
25133,0.000791175,0.791175,1000
25134,0.000859577,0.859577,1000
25135,0.001321031,1.321031,1000
25136,0.000937243,0.937243,1000
25137,0.000761453,0.761453,1000
25138,0.010934061,10.934061,1000
25139,0.00063617,0.63617,1000
25140,0.001158069,1.158069,1000
25141,0.001633535,1.633535,1000
25142,0.000812766,0.812766,1000
25143,0.001486691,1.486691,1000
25144,0.004013696,4.013696,1000
25145,0.000704087,0.704087,1000
25146,0.00604154,6.04154,1000
25147,0.000615463,0.615463,1000
25148,0.000617262,0.617262,1000
25149,0.030265589,30.265589,1000
25150,0.001600968,1.600968,1000
25151,0.00073514,0.73514,1000
25152,0.002064497,2.064497,1000
25153,0.000861263,0.861263,1000
25154,0.001317245,1.317245,1000
25155,0.003244804,3.244804,1000
25156,0.000593713,0.593713,1000
25157,0.001180478,1.180478,1000
25158,0.00243132,2.43132,1000
25159,0.368846003,368.846003,1000
25160,0.001379021,1.379021,1000
25161,0.02683955,26.83955,1000
25162,0.000623812,0.623812,1000
25163,0.000865666,0.865666,1000
25164,0.001006595,1.006595,1000
25165,0.001006227,1.006227,1000
25166,0.000937371,0.937371,1000
25167,0.000582627,0.582627,1000
25168,0.002926792,2.926792,1000
25169,0.001097456,1.097456,1000
25170,0.000606313,0.606313,1000
25171,0.006205282,6.205282,1000
25172,0.001826577,1.826577,1000
25173,0.000662853,0.662853,1000
25174,0.000598656,0.598656,1000
25175,0.001256434,1.256434,1000
25176,0.000849129,0.849129,1000
25177,0.001081154,1.081154,1000
25178,0.000854584,0.854584,1000
25179,0.025925247,25.925247,1000
25180,0.000581225,0.581225,1000
25181,0.001011936,1.011936,1000
25182,0.000937355,0.937355,1000
25183,0.047644123,47.644123,1000
25184,0.006802659,6.802659,1000
25185,0.000740392,0.740392,1000
25186,0.000361341,0.361341,1000
25187,0.001062519,1.062519,1000
25188,0.000612659,0.612659,1000
25189,0.075415718,75.415718,1000
25190,0.00104294,1.04294,1000
25191,0.00095494,0.95494,1000
25192,0.00656374,6.56374,1000
25193,0.090523835,90.523835,1000
25194,0.000858799,0.858799,1000
25195,0.001620773,1.620773,1000
25196,0.008515756,8.515756,1000
25197,0.000604407,0.604407,1000
25198,0.000801372,0.801372,1000
25199,0.002223904,2.223904,1000
25200,0.016330419,16.330419,1000
25201,0.078249529,78.249529,1000
25202,0.000351604,0.351604,1000
25203,0.000570472,0.570472,1000
25204,0.040210253,40.210253,1000
25205,0.040411625,40.411625,1000
25206,0.00245245,2.45245,1000
25207,0.001042957,1.042957,1000
25208,0.020515795,20.515795,1000
25209,0.000353384,0.353384,1000
25210,0.00123785,1.23785,1000
25211,0.00084038,0.84038,1000
25212,0.000916312,0.916312,1000
25213,0.00136962,1.36962,1000
25214,0.00098284,0.98284,1000
25215,0.001913309,1.913309,1000
25216,0.001247417,1.247417,1000
25217,0.000776527,0.776527,1000
25218,0.000500295,0.500295,1000
25219,0.000898183,0.898183,1000
25220,0.040123798,40.123798,1000
25221,0.150594684,150.594684,1000
25222,0.001520388,1.520388,1000
25223,0.000879617,0.879617,1000
25224,0.000771302,0.771302,1000
25225,0.002790099,2.790099,1000
25226,0.000926276,0.926276,1000
25227,0.00082325,0.82325,1000
25228,0.000783777,0.783777,1000
25229,0.325160371,325.160371,1000
25230,0.000783865,0.783865,1000
25231,0.000537175,0.537175,1000
25232,0.014925015,14.925015,1000
25233,0.001178912,1.178912,1000
25234,0.001276942,1.276942,1000
25235,0.000365332,0.365332,1000
25236,0.001715389,1.715389,1000
25237,0.028897946,28.897946,1000
25238,0.05764776,57.64776,1000
25239,0.001119846,1.119846,1000
25240,0.000847854,0.847854,1000
25241,0.006433597,6.433597,1000
25242,0.030109702,30.109702,1000
25243,0.008215667,8.215667,1000
25244,0.001115998,1.115998,1000
25245,0.001251548,1.251548,1000
25246,0.001158949,1.158949,1000
25247,0.000780056,0.780056,1000
25248,0.001044721,1.044721,1000
25249,0.001006227,1.006227,1000
25250,0.001548256,1.548256,1000
25251,0.000823721,0.823721,1000
25252,0.00069988,0.69988,1000
25253,0.001150988,1.150988,1000
25254,0.000895184,0.895184,1000
25255,0.000783777,0.783777,1000
25256,0.000825966,0.825966,1000
25257,0.000866795,0.866795,1000
25258,0.000423572,0.423572,1000
25259,0.000792152,0.792152,1000
25260,0.000870818,0.870818,1000
25261,0.040079274,40.079274,1000
25262,0.002060518,2.060518,1000
25263,0.008626151,8.626151,1000
25264,0.000839044,0.839044,1000
25265,0.000952327,0.952327,1000
25266,0.016075673,16.075673,1000
25267,0.000484172,0.484172,1000
25268,0.000648434,0.648434,1000
25269,0.001022885,1.022885,1000
25270,0.000587153,0.587153,1000
25271,0.000729277,0.729277,1000
25272,0.001059395,1.059395,1000
25273,0.003087151,3.087151,1000
25274,0.00112453,1.12453,1000
25275,0.001151,1.151,1000
25276,0.001171504,1.171504,1000
25277,0.001372652,1.372652,1000
25278,0.069616068,69.616068,1000
25279,0.00081417,0.81417,1000
25280,0.000825969,0.825969,1000
25281,0.02688246,26.88246,1000
25282,0.001007951,1.007951,1000
25283,0.001005589,1.005589,1000
25284,0.064552953,64.552953,1000
25285,0.001002532,1.002532,1000
25286,0.001167712,1.167712,1000
25287,0.000813123,0.813123,1000
25288,0.001042957,1.042957,1000
25289,0.00901386,9.01386,1000
25290,0.10433688,104.33688,1000
25291,0.06457915,64.57915,1000
25292,0.014793597,14.793597,1000
25293,0.000724392,0.724392,1000
25294,0.000404132,0.404132,1000
25295,0.012676141,12.676141,1000
25296,0.000725206,0.725206,1000
25297,0.000878573,0.878573,1000
25298,0.000997405,0.997405,1000
25299,0.000713836,0.713836,1000
25300,0.002561301,2.561301,1000
25301,0.005043245,5.043245,1000
25302,0.001066483,1.066483,1000
25303,0.00081312,0.81312,1000
25304,0.00074893,0.74893,1000
25305,0.00070787,0.70787,1000
25306,0.001114185,1.114185,1000
25307,0.000993186,0.993186,1000
25308,0.000927378,0.927378,1000
25309,0.001143068,1.143068,1000
25310,0.001233166,1.233166,1000
25311,0.002814211,2.814211,1000
25312,0.000783777,0.783777,1000
25313,0.000937567,0.937567,1000
25314,0.001011936,1.011936,1000
25315,0.001171504,1.171504,1000
25316,0.001673356,1.673356,1000
25317,0.7538401,753.8401,1000
25318,0.097076675,97.076675,1000
25319,0.595286263,595.286263,1000
25320,0.006204887,6.204887,1000
25321,0.001031569,1.031569,1000
25322,0.001093341,1.093341,1000
25323,0.000583787,0.583787,1000
25324,0.000819852,0.819852,1000
25325,0.000419273,0.419273,1000
25326,0.001009954,1.009954,1000
25327,0.008866146,8.866146,1000
25328,0.00285126,2.85126,1000
25329,0.001641682,1.641682,1000
25330,0.000979188,0.979188,1000
25331,0.019663267,19.663267,1000
25332,0.284418391,284.418391,1000
25333,0.00074144,0.74144,1000
25334,0.018270658,18.270658,1000
25335,0.000892102,0.892102,1000
25336,0.007587583,7.587583,1000
25337,0.000625215,0.625215,1000
25338,0.000993124,0.993124,1000
25339,0.000963771,0.963771,1000
25340,0.001591673,1.591673,1000
25341,0.000927277,0.927277,1000
25342,0.000877894,0.877894,1000
25343,0.015850387,15.850387,1000
25344,0.000831908,0.831908,1000
25345,0.00117751,1.17751,1000
25346,0.001042979,1.042979,1000
25347,0.000980783,0.980783,1000
25348,0.000719065,0.719065,1000
25349,0.000732378,0.732378,1000
25350,0.021469171,21.469171,1000
25351,0.00149611,1.49611,1000
25352,0.001006227,1.006227,1000
25353,0.040189221,40.189221,1000
25354,0.000810002,0.810002,1000
25355,0.00099677,0.99677,1000
25356,0.001042957,1.042957,1000
25357,0.000336226,0.336226,1000
25358,0.000880368,0.880368,1000
25359,0.000655224,0.655224,1000
25360,0.000982045,0.982045,1000
25361,0.001650317,1.650317,1000
25362,0.001011536,1.011536,1000
25363,0.000924355,0.924355,1000
25364,0.00087963,0.87963,1000
25365,0.000960658,0.960658,1000
25366,0.000978078,0.978078,1000
25367,0.002085789,2.085789,1000
25368,0.001457808,1.457808,1000
25369,0.000801372,0.801372,1000
25370,0.000965719,0.965719,1000
25371,0.000883276,0.883276,1000
25372,0.000837796,0.837796,1000
25373,0.008366107,8.366107,1000
25374,0.000581166,0.581166,1000
25375,0.001062519,1.062519,1000
25376,0.000837735,0.837735,1000
25377,0.001004733,1.004733,1000
25378,0.001990518,1.990518,1000
25379,0.001104063,1.104063,1000
25380,0.002687225,2.687225,1000
25381,0.000590785,0.590785,1000
25382,0.002038909,2.038909,1000
25383,0.000785327,0.785327,1000
25384,0.008054562,8.054562,1000
25385,0.001656285,1.656285,1000
25386,0.00063021,0.63021,1000
25387,0.001514928,1.514928,1000
25388,0.00473672,4.73672,1000
25389,0.004087483,4.087483,1000
25390,0.001234538,1.234538,1000
25391,0.000671274,0.671274,1000
25392,0.000717143,0.717143,1000
25393,0.001916962,1.916962,1000
25394,0.00114796,1.14796,1000
25395,0.000284227,0.284227,1000
25396,0.001023063,1.023063,1000
25397,0.001141219,1.141219,1000
25398,0.001150022,1.150022,1000
25399,0.003120027,3.120027,1000
25400,0.001270129,1.270129,1000
25401,0.005714471,5.714471,1000
25402,0.000769088,0.769088,1000
25403,0.004011835,4.011835,1000
25404,0.000945855,0.945855,1000
25405,0.009558299,9.558299,1000
25406,0.00098521,0.98521,1000
25407,0.000440725,0.440725,1000
25408,0.001043266,1.043266,1000
25409,0.000730619,0.730619,1000
25410,0.001111278,1.111278,1000
25411,0.00287269,2.87269,1000
25412,0.000916035,0.916035,1000
25413,0.000667017,0.667017,1000
25414,0.00096288,0.96288,1000
25415,0.000954955,0.954955,1000
25416,0.004819393,4.819393,1000
25417,0.056866418,56.866418,1000
25418,0.016238186,16.238186,1000
25419,0.000580034,0.580034,1000
25420,0.595286263,595.286263,1000
25421,0.000985803,0.985803,1000
25422,0.000482644,0.482644,1000
25423,0.000947199,0.947199,1000
25424,0.003058755,3.058755,1000
25425,0.001246497,1.246497,1000
25426,0.000845094,0.845094,1000
25427,0.002073315,2.073315,1000
25428,0.002783694,2.783694,1000
25429,0.015896976,15.896976,1000
25430,0.000752516,0.752516,1000
25431,0.000904836,0.904836,1000
25432,0.001169902,1.169902,1000
25433,0.001143227,1.143227,1000
25434,0.00100821,1.00821,1000
25435,0.000752022,0.752022,1000
25436,0.001373637,1.373637,1000
25437,0.015980495,15.980495,1000
25438,0.000577999,0.577999,1000
25439,0.002800142,2.800142,1000
25440,0.001662774,1.662774,1000
25441,0.001062519,1.062519,1000
25442,0.000701789,0.701789,1000
25443,0.000984665,0.984665,1000
25444,0.00081312,0.81312,1000
25445,0.000574711,0.574711,1000
25446,0.00105043,1.05043,1000
25447,0.000749843,0.749843,1000
25448,0.001477103,1.477103,1000
25449,0.001011614,1.011614,1000
25450,0.015743701,15.743701,1000
25451,0.000993186,0.993186,1000
25452,0.014786762,14.786762,1000
25453,0.001843093,1.843093,1000
25454,0.001010701,1.010701,1000
25455,0.000817403,0.817403,1000
25456,0.000712268,0.712268,1000
25457,0.000720975,0.720975,1000
25458,0.023672651,23.672651,1000
25459,0.000881018,0.881018,1000
25460,0.011751925,11.751925,1000
25461,0.001141219,1.141219,1000
25462,0.00104294,1.04294,1000
25463,0.045367649,45.367649,1000
25464,0.016957508,16.957508,1000
25465,0.001044721,1.044721,1000
25466,0.001205656,1.205656,1000
25467,0.001131658,1.131658,1000
25468,0.000924355,0.924355,1000
25469,0.000292135,0.292135,1000
25470,0.001457704,1.457704,1000
25471,0.000675355,0.675355,1000
25472,0.001330804,1.330804,1000
25473,0.000903228,0.903228,1000
25474,0.00114796,1.14796,1000
25475,0.00634944,6.34944,1000
25476,0.001141219,1.141219,1000
25477,0.001594926,1.594926,1000
25478,0.001314954,1.314954,1000
25479,0.000812048,0.812048,1000
25480,0.001268664,1.268664,1000
25481,0.001725371,1.725371,1000
25482,0.000825966,0.825966,1000
25483,0.001623754,1.623754,1000
25484,0.00118278,1.18278,1000
25485,0.000881926,0.881926,1000
25486,0.000953545,0.953545,1000
25487,0.001096676,1.096676,1000
25488,0.000933093,0.933093,1000
25489,0.002774202,2.774202,1000
25490,0.002745776,2.745776,1000
25491,0.00107695,1.07695,1000
25492,0.00193431,1.93431,1000
25493,0.000806392,0.806392,1000
25494,0.002042975,2.042975,1000
25495,0.001281545,1.281545,1000
25496,0.000783777,0.783777,1000
25497,0.000834913,0.834913,1000
25498,0.000656362,0.656362,1000
25499,0.00060974,0.60974,1000
25500,0.003704855,3.704855,1000
25501,0.000915399,0.915399,1000
25502,0.001006227,1.006227,1000
25503,0.000501804,0.501804,1000
25504,0.001493962,1.493962,1000
25505,0.000742142,0.742142,1000
25506,0.325627845,325.627845,1000
25507,0.000814789,0.814789,1000
25508,0.017084556,17.084556,1000
25509,0.000828791,0.828791,1000
25510,0.000813123,0.813123,1000
25511,0.000973414,0.973414,1000
25512,0.001408049,1.408049,1000
25513,0.002700787,2.700787,1000
25514,0.000849015,0.849015,1000
25515,0.000887506,0.887506,1000
25516,0.000833804,0.833804,1000
25517,0.000741712,0.741712,1000
25518,0.006587123,6.587123,1000
25519,0.001127377,1.127377,1000
25520,0.001998916,1.998916,1000
25521,0.000935513,0.935513,1000
25522,0.001029247,1.029247,1000
25523,0.001115288,1.115288,1000
25524,0.003399128,3.399128,1000
25525,0.000859169,0.859169,1000
25527,0.000351158,0.351158,1000
25528,0.0015091,1.5091,1000
25529,0.06457589,64.57589,1000
25530,0.00073551,0.73551,1000
25531,0.000783777,0.783777,1000
25532,0.00037596,0.37596,1000
25533,0.001259431,1.259431,1000
25534,0.210945639,210.945639,1000
25535,0.003635084,3.635084,1000
25536,0.001006227,1.006227,1000
25537,0.000618962,0.618962,1000
25538,0.000790995,0.790995,1000
25539,0.001011936,1.011936,1000
25540,0.000975413,0.975413,1000
25541,0.001213951,1.213951,1000
25542,0.001142491,1.142491,1000
25543,0.002705474,2.705474,1000
25544,0.00138256,1.38256,1000
25545,0.001236258,1.236258,1000
25546,0.015903878,15.903878,1000
25547,0.001134352,1.134352,1000
25548,0.00103168,1.03168,1000
25549,0.005275541,5.275541,1000
25550,0.008224737,8.224737,1000
25551,0.00114796,1.14796,1000
25552,0.001074891,1.074891,1000
25553,0.016346379,16.346379,1000
25554,0.001402484,1.402484,1000
25555,0.002704047,2.704047,1000
25556,0.000507218,0.507218,1000
25557,0.000731879,0.731879,1000
25558,0.001179173,1.179173,1000
25559,0.000862471,0.862471,1000
25560,0.000823859,0.823859,1000
25561,0.001011936,1.011936,1000
25562,0.001497577,1.497577,1000
25563,0.001028365,1.028365,1000
25564,0.000763627,0.763627,1000
25565,0.005499358,5.499358,1000
25566,0.001232107,1.232107,1000
25567,0.000815724,0.815724,1000
25568,0.016127827,16.127827,1000
25569,0.000953035,0.953035,1000
25570,0.000774761,0.774761,1000
25571,0.578341861,578.341861,1000
25572,0.000434919,0.434919,1000
25573,0.006315027,6.315027,1000
25574,0.016629864,16.629864,1000
25575,0.001423986,1.423986,1000
25576,0.000792603,0.792603,1000
25577,0.0005977,0.5977,1000
25578,0.000818411,0.818411,1000
25579,0.000854333,0.854333,1000
25580,0.003274231,3.274231,1000
25581,0.000731943,0.731943,1000
25582,0.000843923,0.843923,1000
25583,0.571750445,571.750445,1000
25584,0.000553981,0.553981,1000
25585,0.001099294,1.099294,1000
25586,0.003238684,3.238684,1000
25587,0.001114654,1.114654,1000
25588,0.001520493,1.520493,1000
25589,0.001151,1.151,1000
25590,0.000844013,0.844013,1000
25591,0.00101512,1.01512,1000
25592,0.001029247,1.029247,1000
25593,0.001081154,1.081154,1000
25594,0.001568572,1.568572,1000
25595,0.008064733,8.064733,1000
25596,0.020689128,20.689128,1000
25597,0.002198683,2.198683,1000
25598,0.000900444,0.900444,1000
25599,0.000833941,0.833941,1000
25600,0.000854928,0.854928,1000
25601,0.001007096,1.007096,1000
25602,0.000964089,0.964089,1000
25603,0.000910353,0.910353,1000
25604,0.029272765,29.272765,1000
25605,0.00094453,0.94453,1000
25606,0.026257701,26.257701,1000
25607,0.005167329,5.167329,1000
25608,0.00054064,0.54064,1000
25609,0.000830371,0.830371,1000
25610,0.001144266,1.144266,1000
25611,0.000702768,0.702768,1000
25612,0.041317064,41.317064,1000
25613,0.000907424,0.907424,1000
25614,0.040695499,40.695499,1000
25615,0.000790827,0.790827,1000
25616,0.00074853,0.74853,1000
25617,0.001109718,1.109718,1000
25618,0.004190869,4.190869,1000
25619,0.001042979,1.042979,1000
25620,0.000701789,0.701789,1000
25621,0.000600614,0.600614,1000
25622,0.011516635,11.516635,1000
25623,0.000513608,0.513608,1000
25624,0.00209469,2.09469,1000
25625,0.001192665,1.192665,1000
25626,0.001542492,1.542492,1000
25627,0.003062933,3.062933,1000
25628,0.003002583,3.002583,1000
25629,0.002698098,2.698098,1000
25630,0.001017994,1.017994,1000
25631,0.001613775,1.613775,1000
25632,0.000623742,0.623742,1000
25633,0.000993186,0.993186,1000
25634,0.001143068,1.143068,1000
25635,0.000360883,0.360883,1000
25636,0.001376162,1.376162,1000
25637,0.000714606,0.714606,1000
25638,0.006249072,6.249072,1000
25639,0.027359955,27.359955,1000
25640,0.001390634,1.390634,1000
25641,0.001042979,1.042979,1000
25642,0.00954797,9.54797,1000
25643,0.001021927,1.021927,1000
25644,0.000741523,0.741523,1000
25645,0.000641656,0.641656,1000
25646,0.000752211,0.752211,1000
25647,0.005005649,5.005649,1000
25648,0.00103168,1.03168,1000
25649,0.005017281,5.017281,1000
25650,0.000614063,0.614063,1000
25651,0.06457589,64.57589,1000
25652,0.249424462,249.424462,1000
25653,0.000552172,0.552172,1000
25654,0.001194414,1.194414,1000
25655,0.001134926,1.134926,1000
25656,0.004459495,4.459495,1000
25657,0.000889081,0.889081,1000
25658,0.001071083,1.071083,1000
25659,0.003445445,3.445445,1000
25660,0.000575375,0.575375,1000
25661,0.000600624,0.600624,1000
25662,0.001034477,1.034477,1000
25663,0.000838022,0.838022,1000
25664,0.007110264,7.110264,1000
25665,0.007998625,7.998625,1000
25666,0.0009243,0.9243,1000
25667,0.000894163,0.894163,1000
25668,0.000947297,0.947297,1000
25669,0.004796729,4.796729,1000
25670,0.004113304,4.113304,1000
25671,0.002785592,2.785592,1000
25672,0.001097361,1.097361,1000
25673,0.001155282,1.155282,1000
25674,0.595283003,595.283003,1000
25675,0.000704941,0.704941,1000
25676,0.00137097,1.37097,1000
25677,0.006204343,6.204343,1000
25678,0.035736604,35.736604,1000
25679,0.043596894,43.596894,1000
25680,0.000884788,0.884788,1000
25681,0.001134926,1.134926,1000
25682,0.0013809,1.3809,1000
25683,0.000565313,0.565313,1000
25684,0.000726872,0.726872,1000
25685,0.001443609,1.443609,1000
25686,0.000764692,0.764692,1000
25687,0.007135361,7.135361,1000
25688,0.000853497,0.853497,1000
25689,0.000714727,0.714727,1000
25690,0.015880861,15.880861,1000
25691,0.001290565,1.290565,1000
25692,0.000688988,0.688988,1000
25693,0.213160799,213.160799,1000
25694,0.016328242,16.328242,1000
25695,0.038898677,38.898677,1000
25696,0.00092596,0.92596,1000
25697,0.001744216,1.744216,1000
25698,0.016391886,16.391886,1000
25699,0.001781634,1.781634,1000
25700,0.000792751,0.792751,1000
25701,0.001042957,1.042957,1000
25702,0.008459388,8.459388,1000
25703,0.001749287,1.749287,1000
25704,0.000573254,0.573254,1000
25705,0.000595289,0.595289,1000
25706,0.001104245,1.104245,1000
25707,0.000358826,0.358826,1000
25708,0.001011936,1.011936,1000
25709,0.002119355,2.119355,1000
25710,0.007154027,7.154027,1000
25711,0.001042957,1.042957,1000
25712,0.008032906,8.032906,1000
25713,0.00061673,0.61673,1000
25714,0.001116077,1.116077,1000
25715,0.001080643,1.080643,1000
25716,0.0015091,1.5091,1000
25717,0.000825966,0.825966,1000
25718,0.246875317,246.875317,1000
25719,0.003049307,3.049307,1000
25720,0.000679433,0.679433,1000
25721,0.003468435,3.468435,1000
25722,0.000559089,0.559089,1000
25723,0.001513667,1.513667,1000
25724,0.001081015,1.081015,1000
25725,0.002932473,2.932473,1000
25726,0.001101187,1.101187,1000
25727,0.002697154,2.697154,1000
25728,0.001402326,1.402326,1000
25729,0.000581867,0.581867,1000
25730,0.000728361,0.728361,1000
25731,0.001221474,1.221474,1000
25732,0.000787799,0.787799,1000
25733,0.000386005,0.386005,1000
25734,0.000783777,0.783777,1000
25735,0.000565244,0.565244,1000
25736,0.001325395,1.325395,1000
25737,0.001394075,1.394075,1000
25738,0.000391359,0.391359,1000
25739,0.000825966,0.825966,1000
25740,0.097046568,97.046568,1000
25741,0.00304971,3.04971,1000
25742,0.001369293,1.369293,1000
25743,0.001071083,1.071083,1000
25744,0.000861396,0.861396,1000
25745,0.000998601,0.998601,1000
25746,0.001336247,1.336247,1000
25747,0.000781368,0.781368,1000
25748,0.006067397,6.067397,1000
25749,0.056196868,56.196868,1000
25750,0.001624444,1.624444,1000
25751,0.000789388,0.789388,1000
25752,0.000572749,0.572749,1000
25753,0.000658604,0.658604,1000
25754,0.000831311,0.831311,1000
25755,0.000945775,0.945775,1000
25756,0.003387259,3.387259,1000
25757,0.001199128,1.199128,1000
25758,0.004307299,4.307299,1000
25759,0.001044879,1.044879,1000
25760,0.00124773,1.24773,1000
25761,0.001065746,1.065746,1000
25762,0.001577665,1.577665,1000
25763,0.003371822,3.371822,1000
25764,0.002574021,2.574021,1000
25765,0.008667743,8.667743,1000
25766,0.064580577,64.580577,1000
25767,0.000781031,0.781031,1000
25768,0.006081842,6.081842,1000
25769,0.000602003,0.602003,1000
25770,0.001057519,1.057519,1000
25771,0.003638722,3.638722,1000
25772,0.000888848,0.888848,1000
25773,0.000783777,0.783777,1000
25774,0.00092589,0.92589,1000
25775,0.00155939,1.55939,1000
25776,0.004268015,4.268015,1000
25777,0.000773392,0.773392,1000
25778,0.007533155,7.533155,1000
25779,0.000783777,0.783777,1000
25780,0.001020937,1.020937,1000
25781,0.00084896,0.84896,1000
25782,0.001953435,1.953435,1000
25783,0.001294375,1.294375,1000
25784,0.001011874,1.011874,1000
25785,0.000789124,0.789124,1000
25786,0.000816598,0.816598,1000
25787,0.000913235,0.913235,1000
25788,0.00079703,0.79703,1000
25789,0.000994387,0.994387,1000
25790,0.001217802,1.217802,1000
25791,0.001456359,1.456359,1000
25792,0.000787169,0.787169,1000
25793,0.011937538,11.937538,1000
25794,0.00111484,1.11484,1000
25795,0.02322489,23.22489,1000
25796,0.001248327,1.248327,1000
25797,0.000852352,0.852352,1000
25798,0.000476837,0.476837,1000
25799,0.004197186,4.197186,1000
25800,0.001032956,1.032956,1000
25801,0.000825966,0.825966,1000
25802,0.000703268,0.703268,1000
25803,0.001332809,1.332809,1000
25804,0.001623567,1.623567,1000
25805,0.001042957,1.042957,1000
25806,0.00122394,1.22394,1000
25807,0.003804982,3.804982,1000
25808,0.000979759,0.979759,1000
25809,0.194591783,194.591783,1000
25810,0.000650834,0.650834,1000
25811,0.000595655,0.595655,1000
25812,0.056437701,56.437701,1000
25813,0.000993186,0.993186,1000
25814,0.009452956,9.452956,1000
25815,0.016122945,16.122945,1000
25816,0.002207987,2.207987,1000
25817,0.001160107,1.160107,1000
25818,0.000623812,0.623812,1000
25819,0.001749287,1.749287,1000
25820,0.001746026,1.746026,1000
25821,0.002685141,2.685141,1000
25822,0.00837578,8.37578,1000
25823,0.000638882,0.638882,1000
25824,0.000879929,0.879929,1000
25825,0.148788968,148.788968,1000
25826,0.000927865,0.927865,1000
25827,0.001749287,1.749287,1000
25828,0.000894735,0.894735,1000
25829,0.001093087,1.093087,1000
25830,0.000878138,0.878138,1000
25831,0.000812889,0.812889,1000
25832,0.001061881,1.061881,1000
25833,0.024361151,24.361151,1000
25834,0.000311587,0.311587,1000
25835,0.000639224,0.639224,1000
25836,0.008539313,8.539313,1000
25837,0.01606446,16.06446,1000
25838,0.000937243,0.937243,1000
25839,0.000783777,0.783777,1000
25840,0.002593598,2.593598,1000
25841,0.005699107,5.699107,1000
25842,0.000631981,0.631981,1000
25843,0.000764407,0.764407,1000
25844,0.000647036,0.647036,1000
25845,0.000732442,0.732442,1000
25846,0.000828104,0.828104,1000
25847,0.004696803,4.696803,1000
25848,0.000869993,0.869993,1000
25849,0.001505839,1.505839,1000
25850,0.001354638,1.354638,1000
25851,0.040217865,40.217865,1000
25852,0.008566604,8.566604,1000
25853,0.000428285,0.428285,1000
25854,0.024344226,24.344226,1000
25855,0.002854559,2.854559,1000
25856,0.001237772,1.237772,1000
25857,0.000756048,0.756048,1000
25858,0.001171504,1.171504,1000
25859,0.00074777,0.74777,1000
25860,0.001024494,1.024494,1000
25861,0.000993186,0.993186,1000
25862,0.001613775,1.613775,1000
25863,0.001676521,1.676521,1000
25864,0.003222509,3.222509,1000
25865,0.001010701,1.010701,1000
25866,0.001821889,1.821889,1000
25867,0.002857964,2.857964,1000
25868,0.000958589,0.958589,1000
25869,0.000502808,0.502808,1000
25870,0.001246497,1.246497,1000
25871,0.000575623,0.575623,1000
25872,0.00105043,1.05043,1000
25873,0.040119577,40.119577,1000
25874,0.000577423,0.577423,1000
25875,0.000621816,0.621816,1000
25876,0.001062226,1.062226,1000
25877,0.000344497,0.344497,1000
25878,0.00073701,0.73701,1000
25879,0.072267262,72.267262,1000
25880,0.000430269,0.430269,1000
25881,0.001242754,1.242754,1000
25882,0.000637843,0.637843,1000
25883,0.001044721,1.044721,1000
25884,0.000825966,0.825966,1000
25885,0.001171202,1.171202,1000
25886,0.000437909,0.437909,1000
25887,0.001027427,1.027427,1000
25888,0.064580577,64.580577,1000
25889,0.000839028,0.839028,1000
25890,0.00066199,0.66199,1000
25891,0.000993186,0.993186,1000
25892,0.000907819,0.907819,1000
25893,0.000925063,0.925063,1000
25894,0.04015781,40.15781,1000
25895,0.00077538,0.77538,1000
25896,0.005089467,5.089467,1000
25897,0.001043007,1.043007,1000
25898,0.000960554,0.960554,1000
25899,0.000898856,0.898856,1000
25900,0.000772851,0.772851,1000
25901,0.01003016,10.03016,1000
25902,0.051807679,51.807679,1000
25903,0.00086198,0.86198,1000
25904,0.002172617,2.172617,1000
25905,0.000845586,0.845586,1000
25906,0.013206817,13.206817,1000
25907,0.000507489,0.507489,1000
25908,0.000768637,0.768637,1000
25909,0.000751905,0.751905,1000
25910,0.002025246,2.025246,1000
25911,0.000886378,0.886378,1000
25912,0.000684243,0.684243,1000
25913,0.001607752,1.607752,1000
25914,0.003067484,3.067484,1000
25915,0.001613775,1.613775,1000
25916,0.000362037,0.362037,1000
25917,0.000891099,0.891099,1000
25918,0.001231719,1.231719,1000
25919,0.001042957,1.042957,1000
25920,0.001089686,1.089686,1000
25921,0.002013947,2.013947,1000
25922,0.001366362,1.366362,1000
25923,0.002856281,2.856281,1000
25924,0.008291341,8.291341,1000
25925,0.000662939,0.662939,1000
25926,0.000608378,0.608378,1000
25927,0.001016838,1.016838,1000
25928,0.000847072,0.847072,1000
25929,0.000775947,0.775947,1000
25930,0.001687941,1.687941,1000
25931,0.008343349,8.343349,1000
25932,0.000979084,0.979084,1000
25933,0.004538595,4.538595,1000
25934,0.00090334,0.90334,1000
25935,0.001727304,1.727304,1000
25936,0.000547825,0.547825,1000
25937,0.000602374,0.602374,1000
25938,0.000984147,0.984147,1000
25939,0.001313531,1.313531,1000
25940,0.016072998,16.072998,1000
25941,0.001439891,1.439891,1000
25942,0.003128708,3.128708,1000
25943,0.000761674,0.761674,1000
25944,0.000841107,0.841107,1000
25945,0.000953613,0.953613,1000
25946,0.000433878,0.433878,1000
25947,0.000735571,0.735571,1000
25948,0.000878348,0.878348,1000
25949,0.001114891,1.114891,1000
25950,0.000832612,0.832612,1000
25951,0.000636467,0.636467,1000
25952,0.000959203,0.959203,1000
25953,0.001478699,1.478699,1000
25954,0.00057143,0.57143,1000
25955,0.000882247,0.882247,1000
25956,0.000855857,0.855857,1000
25957,0.001519725,1.519725,1000
25958,0.026610521,26.610521,1000
25959,0.000706314,0.706314,1000
25960,0.001147967,1.147967,1000
25961,0.001000921,1.000921,1000
25962,0.002700787,2.700787,1000
25963,0.001006227,1.006227,1000
25964,0.001131912,1.131912,1000
25965,0.001218275,1.218275,1000
25966,0.000680587,0.680587,1000
25967,0.00078347,0.78347,1000
25968,0.002185552,2.185552,1000
25969,0.015300041,15.300041,1000
25970,0.002854647,2.854647,1000
25971,0.000635036,0.635036,1000
25972,0.001127477,1.127477,1000
25973,0.000466711,0.466711,1000
25974,0.002933853,2.933853,1000
25975,0.016479712,16.479712,1000
25976,0.000303083,0.303083,1000
25977,0.008262219,8.262219,1000
25978,0.00081475,0.81475,1000
25979,0.008391466,8.391466,1000
25980,0.05267481,52.67481,1000
25981,0.000576482,0.576482,1000
25982,0.001038907,1.038907,1000
25983,0.000695584,0.695584,1000
25984,0.008370074,8.370074,1000
25985,0.000391451,0.391451,1000
25986,0.003102317,3.102317,1000
25987,0.00821403,8.21403,1000
25988,0.00105451,1.05451,1000
25989,0.003288091,3.288091,1000
25990,0.015862015,15.862015,1000
25991,0.001143952,1.143952,1000
25992,0.000757897,0.757897,1000
25993,0.000775249,0.775249,1000
25994,0.00309692,3.09692,1000
25995,0.003468337,3.468337,1000
25996,0.002777449,2.777449,1000
25997,0.000427695,0.427695,1000
25998,0.000668852,0.668852,1000
25999,0.00125375,1.25375,1000
26000,0.00159543,1.59543,1000
26001,0.000275886,0.275886,1000
26002,0.000785649,0.785649,1000
26003,0.001483479,1.483479,1000
26004,0.00364034,3.64034,1000
26005,0.003381021,3.381021,1000
26006,0.000598992,0.598992,1000
26007,0.010207031,10.207031,1000
26008,0.008082938,8.082938,1000
26009,0.00026613,0.26613,1000
26010,0.001327504,1.327504,1000
26011,0.00087599,0.87599,1000
26012,0.000648717,0.648717,1000
26013,0.001618692,1.618692,1000
26014,0.001505839,1.505839,1000
26015,0.001157211,1.157211,1000
26016,0.000546673,0.546673,1000
26017,0.001221235,1.221235,1000
26018,0.006331334,6.331334,1000
26019,0.001519731,1.519731,1000
26020,0.001048826,1.048826,1000
26021,0.003486095,3.486095,1000
26022,0.000717573,0.717573,1000
26023,0.000809532,0.809532,1000
26024,0.007589395,7.589395,1000
26025,0.001520493,1.520493,1000
26026,0.010343334,10.343334,1000
26027,0.000825969,0.825969,1000
26028,0.018465557,18.465557,1000
26029,0.000637692,0.637692,1000
26030,0.000936081,0.936081,1000
26031,0.003319534,3.319534,1000
26032,0.001746026,1.746026,1000
26033,0.00159543,1.59543,1000
26034,0.000627433,0.627433,1000
26035,0.000394815,0.394815,1000
26036,0.001010701,1.010701,1000
26037,0.000561567,0.561567,1000
26038,0.000880196,0.880196,1000
26039,0.001090379,1.090379,1000
26040,0.000482522,0.482522,1000
26041,0.00046753,0.46753,1000
26042,0.000697363,0.697363,1000
26043,0.002930115,2.930115,1000
26044,0.023104615,23.104615,1000
26045,0.00032657,0.32657,1000
26046,0.00676999,6.76999,1000
26047,0.024538331,24.538331,1000
26048,0.000912695,0.912695,1000
26049,0.000793577,0.793577,1000
26050,0.001097456,1.097456,1000
26051,0.000899528,0.899528,1000
26052,0.000825966,0.825966,1000
26053,0.000967784,0.967784,1000
26054,0.000611425,0.611425,1000
26055,0.000993186,0.993186,1000
26056,0.000753569,0.753569,1000
26057,0.140875605,140.875605,1000
26058,0.001218698,1.218698,1000
26059,0.028934586,28.934586,1000
26060,0.000359558,0.359558,1000
26061,0.000698926,0.698926,1000
26062,0.002499576,2.499576,1000
26063,0.000932898,0.932898,1000
26064,0.029595198,29.595198,1000
26065,0.001031114,1.031114,1000
26066,0.000825966,0.825966,1000
26067,0.000276881,0.276881,1000
26068,0.001020125,1.020125,1000
26069,0.001062502,1.062502,1000
26070,0.001149588,1.149588,1000
26071,0.001012286,1.012286,1000
26072,0.003912852,3.912852,1000
26073,0.000701309,0.701309,1000
26074,0.00074691,0.74691,1000
26075,0.038206536,38.206536,1000
26076,0.000853688,0.853688,1000
26077,0.001000939,1.000939,1000
26078,0.000728361,0.728361,1000
26079,0.001292756,1.292756,1000
26080,0.006866955,6.866955,1000
26081,0.000934708,0.934708,1000
26082,0.020700833,20.700833,1000
26083,0.000887833,0.887833,1000
26084,0.000722957,0.722957,1000
26085,0.595286263,595.286263,1000
26086,0.001156642,1.156642,1000
26087,0.007986675,7.986675,1000
26088,0.001042957,1.042957,1000
26089,0.002943102,2.943102,1000
26091,0.000634761,0.634761,1000
26092,0.001190355,1.190355,1000
26093,0.001412853,1.412853,1000
26094,0.003506553,3.506553,1000
26095,0.001136125,1.136125,1000
26096,0.000937243,0.937243,1000
26097,0.000480909,0.480909,1000
26098,0.000561266,0.561266,1000
26099,0.000681952,0.681952,1000
26100,0.001505839,1.505839,1000
26101,0.000452606,0.452606,1000
26102,0.009522532,9.522532,1000
26103,0.001897343,1.897343,1000
26104,0.00075594,0.75594,1000
26105,0.000875833,0.875833,1000
26106,0.000790835,0.790835,1000
26107,0.001220797,1.220797,1000
26108,0.001039189,1.039189,1000
26109,0.000790141,0.790141,1000
26110,0.001217419,1.217419,1000
26111,0.004127426,4.127426,1000
26112,0.001615831,1.615831,1000
26113,0.000442706,0.442706,1000
26114,0.000646956,0.646956,1000
26115,0.0007467,0.7467,1000
26116,0.000544785,0.544785,1000
26117,0.004148385,4.148385,1000
26118,0.018694984,18.694984,1000
26119,0.014959009,14.959009,1000
26120,0.000988762,0.988762,1000
26121,0.000776293,0.776293,1000
26122,0.001757582,1.757582,1000
26123,0.001611247,1.611247,1000
26124,0.002347788,2.347788,1000
26125,0.00069691,0.69691,1000
26126,0.004615364,4.615364,1000
26127,0.000769391,0.769391,1000
26128,0.003457501,3.457501,1000
26129,0.001099294,1.099294,1000
26130,0.001040196,1.040196,1000
26131,0.001772088,1.772088,1000
26132,0.006112748,6.112748,1000
26133,0.000844366,0.844366,1000
26134,0.000825966,0.825966,1000
26135,0.001453121,1.453121,1000
26136,0.000938342,0.938342,1000
26137,0.000694915,0.694915,1000
26138,0.001369893,1.369893,1000
26139,0.001749287,1.749287,1000
26140,0.000713401,0.713401,1000
26141,0.000990519,0.990519,1000
26142,0.000695757,0.695757,1000
26143,0.001223033,1.223033,1000
26144,0.003409793,3.409793,1000
26145,0.000772579,0.772579,1000
26146,0.002961249,2.961249,1000
26147,0.001134919,1.134919,1000
26148,0.002794847,2.794847,1000
26149,0.000748626,0.748626,1000
26150,0.003007953,3.007953,1000
26151,0.001415785,1.415785,1000
26152,0.000904012,0.904012,1000
26153,0.763356223,763.356223,1000
26154,0.000998114,0.998114,1000
26155,0.002972734,2.972734,1000
26156,0.027315987,27.315987,1000
26157,0.000707332,0.707332,1000
26158,0.012164403,12.164403,1000
26159,0.002748466,2.748466,1000
26160,0.0010062,1.0062,1000
26161,0.000620905,0.620905,1000
26162,0.001027029,1.027029,1000
26163,0.062235588,62.235588,1000
26164,0.000343863,0.343863,1000
26165,0.001071105,1.071105,1000
26166,0.001034744,1.034744,1000
26167,0.000823388,0.823388,1000
26168,0.001189438,1.189438,1000
26169,0.000893932,0.893932,1000
26170,0.005317829,5.317829,1000
26171,0.001244754,1.244754,1000
26172,0.016699426,16.699426,1000
26173,0.001011936,1.011936,1000
26174,0.194572106,194.572106,1000
26175,0.000386763,0.386763,1000
26176,0.000761848,0.761848,1000
26177,0.000730229,0.730229,1000
26178,0.002483536,2.483536,1000
26179,0.000377606,0.377606,1000
26180,0.000977364,0.977364,1000
26181,0.008027371,8.027371,1000
26182,0.001303793,1.303793,1000
26183,0.149305386,149.305386,1000
26184,0.001168188,1.168188,1000
26185,0.000938678,0.938678,1000
26186,0.000845938,0.845938,1000
26187,0.000549485,0.549485,1000
26188,0.009793888,9.793888,1000
26189,0.00591808,5.91808,1000
26190,0.000825855,0.825855,1000
26191,0.000783777,0.783777,1000
26192,0.000756225,0.756225,1000
26193,0.46423524,464.23524,1000
26194,0.000573566,0.573566,1000
26195,0.000771323,0.771323,1000
26196,0.001305222,1.305222,1000
26197,0.001081154,1.081154,1000
26198,0.000718825,0.718825,1000
26199,0.003538254,3.538254,1000
26200,0.016335709,16.335709,1000
26201,0.000621648,0.621648,1000
26202,0.000589052,0.589052,1000
26203,0.002690054,2.690054,1000
26204,0.000813123,0.813123,1000
26205,0.00075697,0.75697,1000
26206,0.008429295,8.429295,1000
26207,0.001182893,1.182893,1000
26208,0.000825966,0.825966,1000
26209,0.001520187,1.520187,1000
26210,0.010808231,10.808231,1000
26211,0.003182563,3.182563,1000
26212,0.001480195,1.480195,1000
26213,0.000857846,0.857846,1000
26214,0.001558176,1.558176,1000
26215,0.009007365,9.007365,1000
26216,0.00055587,0.55587,1000
26217,0.020808298,20.808298,1000
26218,0.002829108,2.829108,1000
26219,0.010572646,10.572646,1000
26220,0.000822982,0.822982,1000
26221,0.00085012,0.85012,1000
26222,0.000576594,0.576594,1000
26223,0.000765797,0.765797,1000
26224,0.001055984,1.055984,1000
26225,0.001312558,1.312558,1000
26226,0.006568118,6.568118,1000
26227,0.001162903,1.162903,1000
26228,0.001152443,1.152443,1000
26229,0.004439733,4.439733,1000
26230,0.004418228,4.418228,1000
26231,0.000642902,0.642902,1000
26232,0.000414849,0.414849,1000
26233,0.000802981,0.802981,1000
26234,0.001042288,1.042288,1000
26235,0.000693521,0.693521,1000
26236,0.002800294,2.800294,1000
26237,0.003030318,3.030318,1000
26238,0.0029327,2.9327,1000
26239,0.001134381,1.134381,1000
26240,0.000719517,0.719517,1000
26241,0.000770495,0.770495,1000
26242,0.000831118,0.831118,1000
26243,0.001011936,1.011936,1000
26244,0.001621183,1.621183,1000
26245,0.001011936,1.011936,1000
26246,0.001087592,1.087592,1000
26247,0.000658376,0.658376,1000
26248,0.004035736,4.035736,1000
26249,0.000578463,0.578463,1000
26250,0.00082084,0.82084,1000
26251,0.001540655,1.540655,1000
26252,0.000812823,0.812823,1000
26253,0.000612142,0.612142,1000
26254,0.001613775,1.613775,1000
26255,0.595283003,595.283003,1000
26256,0.011524123,11.524123,1000
26257,0.000916276,0.916276,1000
26258,0.000657281,0.657281,1000
26259,0.00240049,2.40049,1000
26260,0.001238491,1.238491,1000
26261,0.001959093,1.959093,1000
26262,0.000603612,0.603612,1000
26263,0.056486283,56.486283,1000
26264,0.001044721,1.044721,1000
26265,0.005449031,5.449031,1000
26266,0.003078309,3.078309,1000
26267,0.001042288,1.042288,1000
26268,0.000588849,0.588849,1000
26269,0.007193695,7.193695,1000
26270,0.000620657,0.620657,1000
26271,0.002371418,2.371418,1000
26272,0.022541728,22.541728,1000
26273,0.000797316,0.797316,1000
26274,0.00112596,1.12596,1000
26275,0.000789621,0.789621,1000
26276,0.000719534,0.719534,1000
26277,0.001108175,1.108175,1000
26278,0.000674724,0.674724,1000
26279,0.002981329,2.981329,1000
26280,0.001143068,1.143068,1000
26281,0.000581802,0.581802,1000
26282,0.001100144,1.100144,1000
26283,0.001043007,1.043007,1000
26284,0.000914814,0.914814,1000
26285,0.002155191,2.155191,1000
26286,0.000325127,0.325127,1000
26287,0.001141795,1.141795,1000
26288,0.00277117,2.77117,1000
26289,0.00261431,2.61431,1000
26290,0.000633292,0.633292,1000
26291,0.000580287,0.580287,1000
26292,0.000889846,0.889846,1000
26293,0.00103168,1.03168,1000
26294,0.0027472,2.7472,1000
26295,0.000794883,0.794883,1000
26296,0.000783777,0.783777,1000
26297,0.006175333,6.175333,1000
26298,0.00117412,1.17412,1000
26299,0.026739462,26.739462,1000
26300,0.002884054,2.884054,1000
26301,0.001099811,1.099811,1000
26302,0.00132263,1.32263,1000
26303,0.000703717,0.703717,1000
26304,0.001914827,1.914827,1000
26305,0.004810787,4.810787,1000
26306,0.000935513,0.935513,1000
26307,0.006630962,6.630962,1000
26308,0.000324753,0.324753,1000
26309,0.000668692,0.668692,1000
26310,0.047686626,47.686626,1000
26311,0.000878349,0.878349,1000
26312,0.001505839,1.505839,1000
26313,0.001551992,1.551992,1000
26314,0.002842883,2.842883,1000
26315,0.000795875,0.795875,1000
26316,0.005997158,5.997158,1000
26317,0.000904703,0.904703,1000
26318,0.000728143,0.728143,1000
26319,0.000711553,0.711553,1000
26320,0.330631171,330.631171,1000
26321,0.000790958,0.790958,1000
26322,0.04131745,41.31745,1000
26323,0.056415353,56.415353,1000
26324,0.075354135,75.354135,1000
26325,0.178575829,178.575829,1000
26326,0.325468464,325.468464,1000
26327,0.326581553,326.581553,1000
26328,0.17884197,178.84197,1000
26329,0.000993186,0.993186,1000
26330,0.000927143,0.927143,1000
26331,0.000901427,0.901427,1000
26332,0.001018077,1.018077,1000
26333,0.000692611,0.692611,1000
26334,0.000669793,0.669793,1000
26335,0.001014219,1.014219,1000
26336,0.022303519,22.303519,1000
26337,0.000762732,0.762732,1000
26338,0.000682834,0.682834,1000
26339,0.001898334,1.898334,1000
26340,0.000737191,0.737191,1000
26341,0.001146131,1.146131,1000
26342,0.00090193,0.90193,1000
26343,0.015093104,15.093104,1000
26344,0.001108214,1.108214,1000
26345,0.001339365,1.339365,1000
26346,0.000993186,0.993186,1000
26347,0.001113493,1.113493,1000
26348,0.000899704,0.899704,1000
26349,0.019294592,19.294592,1000
26350,0.016215171,16.215171,1000
26351,0.005151509,5.151509,1000
26352,0.001022307,1.022307,1000
26353,0.000825966,0.825966,1000
26354,0.004133,4.133,1000
26355,0.000884105,0.884105,1000
26356,0.000592467,0.592467,1000
26357,0.001171504,1.171504,1000
26358,0.001146129,1.146129,1000
26359,0.00078413,0.78413,1000
26360,0.00123555,1.23555,1000
26361,0.001081154,1.081154,1000
26362,0.000798789,0.798789,1000
26363,0.001505839,1.505839,1000
26364,0.005975907,5.975907,1000
26365,0.001152485,1.152485,1000
26366,0.003178106,3.178106,1000
26367,0.00977528,9.77528,1000
26368,0.002543541,2.543541,1000
26369,0.000891236,0.891236,1000
26370,0.007909781,7.909781,1000
26371,0.00137604,1.37604,1000
26372,0.00070728,0.70728,1000
26373,0.001275266,1.275266,1000
26374,0.001402239,1.402239,1000
26375,0.000927801,0.927801,1000
26376,0.000937371,0.937371,1000
26377,0.000770215,0.770215,1000
26378,0.00141239,1.41239,1000
26379,0.000926893,0.926893,1000
26380,0.000844839,0.844839,1000
26381,0.007151996,7.151996,1000
26382,0.000869982,0.869982,1000
26383,0.001034275,1.034275,1000
26384,0.001221487,1.221487,1000
26385,0.001794629,1.794629,1000
26386,0.002121226,2.121226,1000
26387,0.000733085,0.733085,1000
26388,0.001940954,1.940954,1000
26389,0.001096381,1.096381,1000
26390,0.000765797,0.765797,1000
26391,0.001176933,1.176933,1000
26392,0.001323321,1.323321,1000
26393,0.00400975,4.00975,1000
26394,0.000912449,0.912449,1000
26395,0.000836699,0.836699,1000
26396,0.000627065,0.627065,1000
26397,0.000630897,0.630897,1000
26398,0.001545753,1.545753,1000
26399,0.001187935,1.187935,1000
26400,0.001015484,1.015484,1000
26401,0.004907013,4.907013,1000
26402,0.000539537,0.539537,1000
26403,0.000751263,0.751263,1000
26404,0.000727599,0.727599,1000
26405,0.000699445,0.699445,1000
26406,0.002970352,2.970352,1000
26407,0.019308679,19.308679,1000
26408,0.004856223,4.856223,1000
26409,0.000843581,0.843581,1000
26410,0.006412263,6.412263,1000
26411,0.000836015,0.836015,1000
26412,0.000995021,0.995021,1000
26413,0.007926003,7.926003,1000
26414,0.000611715,0.611715,1000
26415,0.003239213,3.239213,1000
26416,0.008849681,8.849681,1000
26417,0.000783777,0.783777,1000
26418,0.000780416,0.780416,1000
26419,0.000866795,0.866795,1000
26420,0.000594958,0.594958,1000
26421,0.000677524,0.677524,1000
26422,0.003303548,3.303548,1000
26423,0.00183325,1.83325,1000
26424,0.00081312,0.81312,1000
26425,0.00051494,0.51494,1000
26426,0.000937243,0.937243,1000
26427,0.000894638,0.894638,1000
26428,0.00109848,1.09848,1000
26429,0.00081312,0.81312,1000
26430,0.005460048,5.460048,1000
26431,0.000693715,0.693715,1000
26432,0.003815045,3.815045,1000
26433,0.000509772,0.509772,1000
26434,0.001197391,1.197391,1000
26435,0.017242959,17.242959,1000
26436,0.000953672,0.953672,1000
26437,0.001301251,1.301251,1000
26438,0.003639287,3.639287,1000
26439,0.000825966,0.825966,1000
26440,0.003273339,3.273339,1000
26441,0.001065763,1.065763,1000
26442,0.000588806,0.588806,1000
26443,0.001316435,1.316435,1000
26444,0.000458977,0.458977,1000
26445,0.001628952,1.628952,1000
26446,0.000971198,0.971198,1000
26447,0.003122532,3.122532,1000
26448,0.02601563,26.01563,1000
26449,0.005750479,5.750479,1000
26450,0.000479299,0.479299,1000
26451,0.000946914,0.946914,1000
26452,0.00124154,1.24154,1000
26453,0.000590443,0.590443,1000
26454,0.262387188,262.387188,1000
26455,0.001323369,1.323369,1000
26456,0.000706109,0.706109,1000
26457,0.001014135,1.014135,1000
26458,0.016212023,16.212023,1000
26459,0.001006227,1.006227,1000
26460,0.000964089,0.964089,1000
26461,0.000834175,0.834175,1000
26462,0.075402246,75.402246,1000
26463,0.001222739,1.222739,1000
26464,0.00067895,0.67895,1000
26465,0.002864718,2.864718,1000
26466,0.001005002,1.005002,1000
26467,0.000510139,0.510139,1000
26468,0.000795512,0.795512,1000
26469,0.001070445,1.070445,1000
26470,0.000884168,0.884168,1000
26471,0.002916082,2.916082,1000
26472,0.01928432,19.28432,1000
26473,0.000701979,0.701979,1000
26474,0.000751618,0.751618,1000
26475,0.001034763,1.034763,1000
26476,0.00079703,0.79703,1000
26477,0.000935513,0.935513,1000
26478,0.000797844,0.797844,1000
26479,0.000801526,0.801526,1000
26480,0.000532478,0.532478,1000
26481,0.00074444,0.74444,1000
26482,0.000807935,0.807935,1000
26483,0.000949768,0.949768,1000
26484,0.003108295,3.108295,1000
26485,0.000977131,0.977131,1000
26486,0.003281803,3.281803,1000
26487,0.008799881,8.799881,1000
26488,0.000991166,0.991166,1000
26489,0.001141219,1.141219,1000
26490,0.040963709,40.963709,1000
26491,0.006926202,6.926202,1000
26492,0.000677538,0.677538,1000
26493,0.001042288,1.042288,1000
26494,0.001037209,1.037209,1000
26495,0.001129708,1.129708,1000
26496,0.001232053,1.232053,1000
26497,0.001158904,1.158904,1000
26498,0.000946698,0.946698,1000
26499,0.015858978,15.858978,1000
26500,0.002372104,2.372104,1000
26501,0.000860411,0.860411,1000
26502,0.001159012,1.159012,1000
26503,0.001075508,1.075508,1000
26504,0.00083445,0.83445,1000
26505,0.011792448,11.792448,1000
26506,0.00081312,0.81312,1000
26507,0.001268533,1.268533,1000
26508,0.000960681,0.960681,1000
26509,0.001153642,1.153642,1000
26510,0.001021116,1.021116,1000
26511,0.00359596,3.59596,1000
26512,0.000878071,0.878071,1000
26513,0.001811549,1.811549,1000
26514,0.004747924,4.747924,1000
26515,0.000868375,0.868375,1000
26516,0.015491798,15.491798,1000
26517,0.001028455,1.028455,1000
26518,0.00105043,1.05043,1000
26519,0.029453156,29.453156,1000
26520,0.059465493,59.465493,1000
26521,0.000810191,0.810191,1000
26522,0.001190254,1.190254,1000
26523,0.013333822,13.333822,1000
26524,0.001290858,1.290858,1000
26525,0.018790185,18.790185,1000
26526,0.009191434,9.191434,1000
26527,0.15054369,150.54369,1000
26528,0.000993186,0.993186,1000
26529,0.000999606,0.999606,1000
26530,0.019727686,19.727686,1000
26531,0.000722212,0.722212,1000
26532,0.001211795,1.211795,1000
26533,0.000783777,0.783777,1000
26534,0.000783777,0.783777,1000
26535,0.000602884,0.602884,1000
26536,0.0012146,1.2146,1000
26537,0.000368946,0.368946,1000
26538,0.008648546,8.648546,1000
26539,0.014137582,14.137582,1000
26540,0.000513692,0.513692,1000
26541,0.000276752,0.276752,1000
26542,0.000872794,0.872794,1000
26543,0.001139001,1.139001,1000
26544,0.00129352,1.29352,1000
26545,0.000937293,0.937293,1000
26546,0.000562176,0.562176,1000
26547,0.000940305,0.940305,1000
26548,0.000751341,0.751341,1000
26549,0.002841874,2.841874,1000
26550,0.00102159,1.02159,1000
26551,0.000754319,0.754319,1000
26552,0.001081154,1.081154,1000
26553,0.001205695,1.205695,1000
26554,0.002954935,2.954935,1000
26555,0.000485679,0.485679,1000
26556,0.000993186,0.993186,1000
26557,0.002948147,2.948147,1000
26558,0.002878695,2.878695,1000
26559,0.000783777,0.783777,1000
26560,0.001021828,1.021828,1000
26561,0.000922356,0.922356,1000
26562,0.00114796,1.14796,1000
26563,0.001270867,1.270867,1000
26564,0.0015091,1.5091,1000
26565,0.001159546,1.159546,1000
26566,0.001421318,1.421318,1000
26567,0.056687925,56.687925,1000
26568,0.000751731,0.751731,1000
26569,0.009251984,9.251984,1000
26570,0.004560012,4.560012,1000
26571,0.000826631,0.826631,1000
26572,0.056439845,56.439845,1000
26573,0.000843766,0.843766,1000
26575,0.001220079,1.220079,1000
26576,0.000505668,0.505668,1000
26577,0.005381676,5.381676,1000
26578,0.015676584,15.676584,1000
26579,0.001409695,1.409695,1000
26580,0.000650992,0.650992,1000
26581,0.002456591,2.456591,1000
26582,0.001092752,1.092752,1000
26583,0.00090913,0.90913,1000
26584,0.00147702,1.47702,1000
26585,0.003284429,3.284429,1000
26586,0.194588522,194.588522,1000
26587,0.001856341,1.856341,1000
26588,0.002092383,2.092383,1000
26589,0.000736876,0.736876,1000
26590,0.002612584,2.612584,1000
26591,0.000633251,0.633251,1000
26592,0.371159894,371.159894,1000
26593,0.003741032,3.741032,1000
26594,0.000976535,0.976535,1000
26595,0.003133094,3.133094,1000
26596,0.000697301,0.697301,1000
26597,0.00081312,0.81312,1000
26598,0.001287532,1.287532,1000
26599,0.002081268,2.081268,1000
26600,0.001042957,1.042957,1000
26601,0.000783777,0.783777,1000
26602,0.000788513,0.788513,1000
26603,0.027997536,27.997536,1000
26604,0.000682418,0.682418,1000
26605,0.003149603,3.149603,1000
26606,0.001449437,1.449437,1000
26607,0.001339782,1.339782,1000
26608,0.000783777,0.783777,1000
26609,0.00081312,0.81312,1000
26610,0.001480218,1.480218,1000
26611,0.002860202,2.860202,1000
26612,0.000820895,0.820895,1000
26613,0.001746612,1.746612,1000
26614,0.000720261,0.720261,1000
26615,0.000739695,0.739695,1000
26616,0.007086639,7.086639,1000
26617,0.000779907,0.779907,1000
26618,0.000496714,0.496714,1000
26619,0.00697219,6.97219,1000
26620,0.08057997,80.57997,1000
26621,0.195341247,195.341247,1000
26622,0.004029215,4.029215,1000
26623,0.000947959,0.947959,1000
26624,0.0015091,1.5091,1000
26625,0.056448535,56.448535,1000
26626,0.001049553,1.049553,1000
26627,0.001007001,1.007001,1000
26628,0.000808824,0.808824,1000
26629,0.001612347,1.612347,1000
26630,0.001062379,1.062379,1000
26631,0.000552381,0.552381,1000
26632,0.006280745,6.280745,1000
26633,0.001086112,1.086112,1000
26634,0.00057793,0.57793,1000
26635,0.000792413,0.792413,1000
26636,0.001043374,1.043374,1000
26637,0.001062519,1.062519,1000
26638,0.002551505,2.551505,1000
26639,0.001006743,1.006743,1000
26640,0.00789831,7.89831,1000
26641,0.000686298,0.686298,1000
26642,0.001185985,1.185985,1000
26643,0.001029247,1.029247,1000
26644,0.001071066,1.071066,1000
26645,0.000604156,0.604156,1000
26646,0.001150967,1.150967,1000
26647,0.002175008,2.175008,1000
26648,0.00115367,1.15367,1000
26649,0.000888848,0.888848,1000
26650,0.038413424,38.413424,1000
26651,0.00103168,1.03168,1000
26652,0.001297179,1.297179,1000
26653,0.000832623,0.832623,1000
26654,0.001011861,1.011861,1000
26655,0.001147967,1.147967,1000
26656,0.000399491,0.399491,1000
26657,0.000993186,0.993186,1000
26658,0.001548185,1.548185,1000
26659,0.001187942,1.187942,1000
26660,0.000836884,0.836884,1000
26661,0.001376094,1.376094,1000
26662,0.001530158,1.530158,1000
26663,0.000872774,0.872774,1000
26664,0.000806392,0.806392,1000
26665,0.000919232,0.919232,1000
26666,0.037122765,37.122765,1000
26667,0.000657016,0.657016,1000
26668,0.002626999,2.626999,1000
26669,0.00081312,0.81312,1000
26670,0.000862859,0.862859,1000
26671,0.000687185,0.687185,1000
26672,0.002150704,2.150704,1000
26673,0.001042957,1.042957,1000
26674,0.001016305,1.016305,1000
26675,0.01918773,19.18773,1000
26676,0.001245726,1.245726,1000
26677,0.001042957,1.042957,1000
26678,0.000776829,0.776829,1000
26679,0.000847083,0.847083,1000
26680,0.004194732,4.194732,1000
26681,0.001586714,1.586714,1000
26682,0.000702337,0.702337,1000
26683,0.001382683,1.382683,1000
26684,0.000698482,0.698482,1000
26685,0.001042817,1.042817,1000
26686,0.001551458,1.551458,1000
26687,0.425678707,425.678707,1000
26688,0.000776684,0.776684,1000
26689,0.000727812,0.727812,1000
26690,0.001334149,1.334149,1000
26691,0.008718986,8.718986,1000
26692,0.000719674,0.719674,1000
26693,0.000350043,0.350043,1000
26694,0.001416113,1.416113,1000
26695,0.001681739,1.681739,1000
26696,0.001416113,1.416113,1000
26697,0.001232919,1.232919,1000
26698,0.001148931,1.148931,1000
26699,0.000260372,0.260372,1000
26700,0.001262054,1.262054,1000
26701,0.00051961,0.51961,1000
26702,0.001020245,1.020245,1000
26703,0.000675355,0.675355,1000
26704,0.00058481,0.58481,1000
26705,0.003366166,3.366166,1000
26706,0.001042957,1.042957,1000
26707,0.002130295,2.130295,1000
26708,0.00382549,3.82549,1000
26709,0.00318627,3.18627,1000
26710,0.001495799,1.495799,1000
26711,0.001022912,1.022912,1000
26712,0.000756045,0.756045,1000
26713,0.000992762,0.992762,1000
26714,0.003920262,3.920262,1000
26715,0.026820293,26.820293,1000
26716,0.001141219,1.141219,1000
26717,0.008105111,8.105111,1000
26718,0.000814395,0.814395,1000
26719,0.001134919,1.134919,1000
26720,0.00138256,1.38256,1000
26721,0.000659487,0.659487,1000
26722,0.00103168,1.03168,1000
26723,0.000935513,0.935513,1000
26724,0.00156477,1.56477,1000
26725,0.000637597,0.637597,1000
26726,0.001044517,1.044517,1000
26727,0.00081312,0.81312,1000
26728,0.002895472,2.895472,1000
26729,0.001044721,1.044721,1000
26730,0.001043007,1.043007,1000
26731,0.000653928,0.653928,1000
26732,0.001033527,1.033527,1000
26733,0.002253169,2.253169,1000
26734,0.010027638,10.027638,1000
26735,0.000754269,0.754269,1000
26736,0.00138256,1.38256,1000
26737,0.000704166,0.704166,1000
26738,0.000548845,0.548845,1000
26739,0.001059837,1.059837,1000
26740,0.000987454,0.987454,1000
26742,0.000605072,0.605072,1000
26743,0.000783478,0.783478,1000
26744,0.000956148,0.956148,1000
26745,0.008855011,8.855011,1000
26746,0.000777405,0.777405,1000
26747,0.001221487,1.221487,1000
26748,0.000688215,0.688215,1000
26749,0.246275131,246.275131,1000
26750,0.005133931,5.133931,1000
26751,0.001913041,1.913041,1000
26752,0.001001828,1.001828,1000
26753,0.000973938,0.973938,1000
26754,0.002796065,2.796065,1000
26755,0.035696133,35.696133,1000
26756,0.000770759,0.770759,1000
26757,0.014291594,14.291594,1000
26758,0.097097753,97.097753,1000
26759,0.464421524,464.421524,1000
26760,0.121243457,121.243457,1000
26761,0.000711288,0.711288,1000
26762,0.000803045,0.803045,1000
26763,0.000968791,0.968791,1000
26764,0.000995423,0.995423,1000
26765,0.002883969,2.883969,1000
26766,0.262393709,262.393709,1000
26767,0.000783777,0.783777,1000
26768,0.002777199,2.777199,1000
26769,0.000733265,0.733265,1000
26770,0.001022924,1.022924,1000
26771,0.008444179,8.444179,1000
26772,0.001821889,1.821889,1000
26773,0.00130202,1.30202,1000
26774,0.000748545,0.748545,1000
26775,0.000836633,0.836633,1000
26776,0.001121526,1.121526,1000
26777,0.001052684,1.052684,1000
26778,0.00120968,1.20968,1000
26779,0.000995922,0.995922,1000
26780,0.000783777,0.783777,1000
26781,0.001756117,1.756117,1000
26782,0.06457589,64.57589,1000
26783,0.000911115,0.911115,1000
26784,0.000911045,0.911045,1000
26785,0.000938424,0.938424,1000
26786,0.001042979,1.042979,1000
26787,0.001042957,1.042957,1000
26788,0.000963336,0.963336,1000
26789,0.000644806,0.644806,1000
26790,0.000791045,0.791045,1000
26791,0.009110664,9.110664,1000
26792,0.000479972,0.479972,1000
26793,0.00110735,1.10735,1000
26794,0.000857393,0.857393,1000
26795,0.001071083,1.071083,1000
26796,0.00057939,0.57939,1000
26797,0.001520309,1.520309,1000
26798,0.001016944,1.016944,1000
26799,0.116070379,116.070379,1000
26800,0.00130957,1.30957,1000
26801,0.002872951,2.872951,1000
26802,0.000985172,0.985172,1000
26803,0.001327025,1.327025,1000
26804,0.001141219,1.141219,1000
26805,0.000634933,0.634933,1000
26806,0.000693224,0.693224,1000
26807,0.000685933,0.685933,1000
26808,0.01632433,16.32433,1000
26809,0.000655046,0.655046,1000
26810,0.154705384,154.705384,1000
26811,0.00067369,0.67369,1000
26812,0.009072464,9.072464,1000
26813,0.000882072,0.882072,1000
26814,0.000654528,0.654528,1000
26815,0.000466209,0.466209,1000
26816,0.000585152,0.585152,1000
26817,0.000291769,0.291769,1000
26818,0.0153133,15.3133,1000
26819,0.000911272,0.911272,1000
26820,0.001229076,1.229076,1000
26821,0.000833182,0.833182,1000
26822,0.028904965,28.904965,1000
26823,0.000803378,0.803378,1000
26824,0.015480331,15.480331,1000
26825,0.004474642,4.474642,1000
26826,0.040421142,40.421142,1000
26827,0.001525076,1.525076,1000
26828,0.000997716,0.997716,1000
26829,0.000732768,0.732768,1000
26830,0.000628216,0.628216,1000
26831,0.000671409,0.671409,1000
26832,0.00103168,1.03168,1000
26833,0.000791045,0.791045,1000
26834,0.001044721,1.044721,1000
26835,0.053167358,53.167358,1000
26836,0.004647256,4.647256,1000
26837,0.028581317,28.581317,1000
26838,0.001022885,1.022885,1000
26839,0.000686467,0.686467,1000
26840,0.001120542,1.120542,1000
26841,0.000886378,0.886378,1000
26842,0.000933694,0.933694,1000
26843,0.056192453,56.192453,1000
26844,0.00101004,1.01004,1000
26845,0.001672701,1.672701,1000
26846,0.000620084,0.620084,1000
26847,0.000573939,0.573939,1000
26848,0.000945045,0.945045,1000
26849,0.001425857,1.425857,1000
26850,0.001376162,1.376162,1000
26851,0.004383161,4.383161,1000
26852,0.00130848,1.30848,1000
26853,0.03990761,39.90761,1000
26854,0.001210371,1.210371,1000
26855,0.003304975,3.304975,1000
26856,0.001126291,1.126291,1000
26857,0.000834178,0.834178,1000
26858,0.001087118,1.087118,1000
26859,0.00054757,0.54757,1000
26860,0.002893953,2.893953,1000
26861,0.01349735,13.49735,1000
26862,0.000678688,0.678688,1000
26863,0.001158825,1.158825,1000
26864,0.001609087,1.609087,1000
26865,0.001258946,1.258946,1000
26866,0.001065655,1.065655,1000
26867,0.000794825,0.794825,1000
26868,0.000792406,0.792406,1000
26869,0.001042979,1.042979,1000
26870,0.001011936,1.011936,1000
26871,0.000886236,0.886236,1000
26872,0.000682444,0.682444,1000
26873,0.001487049,1.487049,1000
26874,0.016715726,16.715726,1000
26875,0.001157719,1.157719,1000
26876,0.002207987,2.207987,1000
26877,0.000993186,0.993186,1000
26878,0.001011936,1.011936,1000
26879,0.000813123,0.813123,1000
26880,0.001108243,1.108243,1000
26881,0.000964089,0.964089,1000
26882,0.000818478,0.818478,1000
26883,0.000275985,0.275985,1000
26884,0.000739812,0.739812,1000
26885,0.000995922,0.995922,1000
26886,0.000840843,0.840843,1000
26887,0.001149334,1.149334,1000
26888,0.014127694,14.127694,1000
26889,0.001042957,1.042957,1000
26890,0.001001214,1.001214,1000
26891,0.001746026,1.746026,1000
26892,0.001323026,1.323026,1000
26893,0.000993124,0.993124,1000
26894,0.000659394,0.659394,1000
26895,0.001042957,1.042957,1000
26896,0.001462794,1.462794,1000
26897,0.001033716,1.033716,1000
26898,0.000989809,0.989809,1000
26899,0.010585853,10.585853,1000
26900,0.00101829,1.01829,1000
26901,0.000809402,0.809402,1000
26902,0.000729626,0.729626,1000
26903,0.00059224,0.59224,1000
26904,0.001224407,1.224407,1000
26905,0.001340584,1.340584,1000
26906,0.008507884,8.507884,1000
26907,0.001135627,1.135627,1000
26908,0.000698571,0.698571,1000
26909,0.001149474,1.149474,1000
26910,0.000694712,0.694712,1000
26911,0.001205656,1.205656,1000
26912,0.001884395,1.884395,1000
26913,0.001198234,1.198234,1000
26914,0.003816253,3.816253,1000
26915,0.007011724,7.011724,1000
26916,0.002111232,2.111232,1000
26917,0.000752727,0.752727,1000
26918,0.000469574,0.469574,1000
26919,0.001139883,1.139883,1000
26920,0.001597145,1.597145,1000
26921,0.000865422,0.865422,1000
26922,0.001098609,1.098609,1000
26923,0.00317976,3.17976,1000
26924,0.000636086,0.636086,1000
26925,0.004284033,4.284033,1000
26926,0.000914213,0.914213,1000
26927,0.00103168,1.03168,1000
26928,0.003536212,3.536212,1000
26929,0.000291288,0.291288,1000
26930,0.001188513,1.188513,1000
26931,0.000816839,0.816839,1000
26932,0.001071105,1.071105,1000
26933,0.000916071,0.916071,1000
26934,0.001741479,1.741479,1000
26935,0.000612081,0.612081,1000
26936,0.000743145,0.743145,1000
26937,0.001865274,1.865274,1000
26938,0.000649554,0.649554,1000
26939,0.002874724,2.874724,1000
26940,0.000907841,0.907841,1000
26941,0.000882371,0.882371,1000
26942,0.001097456,1.097456,1000
26943,0.000665685,0.665685,1000
26944,0.050612467,50.612467,1000
26945,0.001062569,1.062569,1000
26946,0.001593884,1.593884,1000
26947,0.001135559,1.135559,1000
26948,0.00103168,1.03168,1000
26949,0.001199352,1.199352,1000
26950,0.001469669,1.469669,1000
26951,0.000783777,0.783777,1000
26952,0.001125394,1.125394,1000
26953,0.000993186,0.993186,1000
26954,0.001073754,1.073754,1000
26955,0.018513477,18.513477,1000
26956,0.001463008,1.463008,1000
26957,0.001141219,1.141219,1000
26958,0.000697502,0.697502,1000
26959,0.001038947,1.038947,1000
26960,0.0013176,1.3176,1000
26961,0.001010701,1.010701,1000
26962,0.000274518,0.274518,1000
26963,0.000618404,0.618404,1000
26964,0.001116018,1.116018,1000
26965,0.005294023,5.294023,1000
26966,0.001055984,1.055984,1000
26967,0.002201891,2.201891,1000
26968,0.027069821,27.069821,1000
26969,0.001076934,1.076934,1000
26970,0.000852004,0.852004,1000
26971,0.057012236,57.012236,1000
26972,0.013936732,13.936732,1000
26973,0.00133568,1.33568,1000
26974,0.000938171,0.938171,1000
26975,0.018826686,18.826686,1000
26976,0.001035019,1.035019,1000
26977,0.00080465,0.80465,1000
26978,0.000341132,0.341132,1000
26979,0.000442954,0.442954,1000
26980,0.001288232,1.288232,1000
26981,0.001230719,1.230719,1000
26982,0.001206559,1.206559,1000
26983,0.000824337,0.824337,1000
26984,0.000818658,0.818658,1000
26985,0.00058394,0.58394,1000
26986,0.000783302,0.783302,1000
26987,0.000948733,0.948733,1000
26988,0.001207282,1.207282,1000
26989,0.040320937,40.320937,1000
26990,0.01174778,11.74778,1000
26991,0.002991714,2.991714,1000
26992,0.001168504,1.168504,1000
26993,0.001491783,1.491783,1000
26994,0.008060829,8.060829,1000
26995,0.000864351,0.864351,1000
26996,0.000603456,0.603456,1000
26997,0.0016194,1.6194,1000
26998,0.000594956,0.594956,1000
26999,0.001438647,1.438647,1000
27000,0.00078378,0.78378,1000
27001,0.001873953,1.873953,1000
27002,0.007003143,7.003143,1000
27003,0.004128018,4.128018,1000
27004,0.000932822,0.932822,1000
27005,0.000887148,0.887148,1000
27006,0.001237056,1.237056,1000
27007,0.000998115,0.998115,1000
27008,0.000848894,0.848894,1000
27009,0.001205656,1.205656,1000
27010,0.001044721,1.044721,1000
27011,0.001127795,1.127795,1000
27012,0.000638082,0.638082,1000
27013,0.000791045,0.791045,1000
27014,0.001141186,1.141186,1000
27015,0.02447788,24.47788,1000
27016,0.001042957,1.042957,1000
27017,0.001153677,1.153677,1000
27018,0.001703656,1.703656,1000
27019,0.001278472,1.278472,1000
27020,0.000937371,0.937371,1000
27021,0.000928908,0.928908,1000
27022,0.000655982,0.655982,1000
27023,0.000748619,0.748619,1000
27024,0.001011936,1.011936,1000
27025,0.000983353,0.983353,1000
27026,0.003386693,3.386693,1000
27027,0.001162259,1.162259,1000
27028,0.000618187,0.618187,1000
27029,0.003209139,3.209139,1000
27030,0.000825966,0.825966,1000
27031,0.000740267,0.740267,1000
27032,0.000807128,0.807128,1000
27033,0.000736118,0.736118,1000
27034,0.001045236,1.045236,1000
27035,0.005389272,5.389272,1000
27036,0.00081312,0.81312,1000
27037,0.064580577,64.580577,1000
27038,0.001208444,1.208444,1000
27039,0.000266848,0.266848,1000
27040,0.002459275,2.459275,1000
27041,0.003441254,3.441254,1000
27042,0.001604408,1.604408,1000
27043,0.000783777,0.783777,1000
27044,0.002008785,2.008785,1000
27045,0.001105601,1.105601,1000
27046,0.000456268,0.456268,1000
27047,0.000390821,0.390821,1000
27048,0.001362326,1.362326,1000
27049,0.000704779,0.704779,1000
27050,0.002962011,2.962011,1000
27051,0.000317761,0.317761,1000
27052,0.000620221,0.620221,1000
27053,0.001153677,1.153677,1000
27054,0.000963555,0.963555,1000
27055,0.001010608,1.010608,1000
27056,0.000673269,0.673269,1000
27057,0.000542843,0.542843,1000
27058,0.00118981,1.18981,1000
27059,0.000659843,0.659843,1000
27060,0.000490834,0.490834,1000
27061,0.00047887,0.47887,1000
27062,0.000634373,0.634373,1000
27063,0.000915924,0.915924,1000
27064,0.00087838,0.87838,1000
27065,0.000762943,0.762943,1000
27066,0.001081154,1.081154,1000
27067,0.000299791,0.299791,1000
27068,0.00299051,2.99051,1000
27069,0.001080177,1.080177,1000
27070,0.000593448,0.593448,1000
27071,0.000572093,0.572093,1000
27072,0.001312558,1.312558,1000
27073,0.000917883,0.917883,1000
27074,0.001544291,1.544291,1000
27075,0.002427198,2.427198,1000
27076,0.000839211,0.839211,1000
27077,0.000476637,0.476637,1000
27078,0.001683905,1.683905,1000
27079,0.001612347,1.612347,1000
27080,0.000375241,0.375241,1000
27081,0.000606573,0.606573,1000
27082,0.003950969,3.950969,1000
27083,0.000645876,0.645876,1000
27084,0.000640284,0.640284,1000
27085,0.000882992,0.882992,1000
27086,0.000825966,0.825966,1000
27087,0.001305885,1.305885,1000
27088,0.000774848,0.774848,1000
27089,0.001170596,1.170596,1000
27090,0.000797405,0.797405,1000
27091,0.015980256,15.980256,1000
27092,0.00138256,1.38256,1000
27093,0.000973239,0.973239,1000
27094,0.000870732,0.870732,1000
27095,0.002944273,2.944273,1000
27096,0.002688735,2.688735,1000
27097,0.000356291,0.356291,1000
27098,0.000289044,0.289044,1000
27099,0.001266219,1.266219,1000
27100,0.002212675,2.212675,1000
27101,0.001505473,1.505473,1000
27102,0.001438882,1.438882,1000
27103,0.00062418,0.62418,1000
27104,0.001071066,1.071066,1000
27105,0.004293599,4.293599,1000
27106,0.000620557,0.620557,1000
27107,0.00074516,0.74516,1000
27108,0.001071865,1.071865,1000
27109,0.000662342,0.662342,1000
27110,0.001044721,1.044721,1000
27111,0.000960681,0.960681,1000
27112,0.000812963,0.812963,1000
27113,0.01393013,13.93013,1000
27114,0.001749287,1.749287,1000
27115,0.000662074,0.662074,1000
27116,0.000524586,0.524586,1000
27117,0.000748585,0.748585,1000
27118,0.003055355,3.055355,1000
27119,0.046499855,46.499855,1000
27120,0.001749287,1.749287,1000
27121,0.000881849,0.881849,1000
27122,0.001017208,1.017208,1000
27123,0.000498207,0.498207,1000
27124,0.000311416,0.311416,1000
27125,0.000774407,0.774407,1000
27126,0.002761616,2.761616,1000
27127,0.003571979,3.571979,1000
27128,0.003307247,3.307247,1000
27129,0.000944124,0.944124,1000
27130,0.000718913,0.718913,1000
27131,0.001071066,1.071066,1000
27132,0.000394322,0.394322,1000
27133,0.015961736,15.961736,1000
27134,0.001158113,1.158113,1000
27135,0.000825966,0.825966,1000
27136,0.0037358,3.7358,1000
27137,0.001352624,1.352624,1000
27138,0.001006901,1.006901,1000
27139,0.000521494,0.521494,1000
27140,0.011563654,11.563654,1000
27141,0.000725877,0.725877,1000
27142,0.001457786,1.457786,1000
27143,0.001162924,1.162924,1000
27144,0.0008938,0.8938,1000
27145,0.001518745,1.518745,1000
27146,0.001825149,1.825149,1000
27147,0.001154653,1.154653,1000
27148,0.001608566,1.608566,1000
27149,0.003053977,3.053977,1000
27150,0.001127099,1.127099,1000
27151,0.001241898,1.241898,1000
27152,0.000461563,0.461563,1000
27153,0.000471675,0.471675,1000
27154,0.000669011,0.669011,1000
27155,0.000609424,0.609424,1000
27156,0.001576514,1.576514,1000
27157,0.000783777,0.783777,1000
27158,0.000982731,0.982731,1000
27159,0.000633774,0.633774,1000
27160,0.016367749,16.367749,1000
27161,0.007482431,7.482431,1000
27162,0.002685159,2.685159,1000
27163,0.000754701,0.754701,1000
27164,0.020713387,20.713387,1000
27165,0.001042288,1.042288,1000
27166,0.000835374,0.835374,1000
27167,0.00141239,1.41239,1000
27168,0.004948703,4.948703,1000
27169,0.005940443,5.940443,1000
27170,0.001011936,1.011936,1000
27171,0.252056074,252.056074,1000
27172,0.001141219,1.141219,1000
27173,0.00103168,1.03168,1000
27174,0.000930822,0.930822,1000
27175,0.001469924,1.469924,1000
27176,0.003709637,3.709637,1000
27177,0.002991137,2.991137,1000
27178,0.000584031,0.584031,1000
27179,0.000431803,0.431803,1000
27180,0.000290203,0.290203,1000
27181,0.001042319,1.042319,1000
27182,0.002588084,2.588084,1000
27183,0.001062569,1.062569,1000
27184,0.00213981,2.13981,1000
27185,0.00100229,1.00229,1000
27186,0.000871491,0.871491,1000
27187,0.001373057,1.373057,1000
27188,0.001155282,1.155282,1000
27189,0.001746026,1.746026,1000
27190,0.001042957,1.042957,1000
27191,0.000630603,0.630603,1000
27192,0.00081021,0.81021,1000
27193,0.001134919,1.134919,1000
27194,0.003120939,3.120939,1000
27195,0.000960809,0.960809,1000
27196,0.003089421,3.089421,1000
27197,0.000993186,0.993186,1000
27198,0.001011936,1.011936,1000
27199,0.001242199,1.242199,1000
27200,0.000409105,0.409105,1000
27201,0.001014435,1.014435,1000
27202,0.000838603,0.838603,1000
27203,0.001483455,1.483455,1000
27204,0.00077681,0.77681,1000
27205,0.000940301,0.940301,1000
27206,0.001218417,1.218417,1000
27207,0.001623588,1.623588,1000
27208,0.002922381,2.922381,1000
27209,0.000609065,0.609065,1000
27210,0.000619977,0.619977,1000
27211,0.000993124,0.993124,1000
27212,0.000580827,0.580827,1000
27214,0.001897863,1.897863,1000
27215,0.012734653,12.734653,1000
27216,0.000873233,0.873233,1000
27217,0.001949069,1.949069,1000
27218,0.00304677,3.04677,1000
27219,0.001010701,1.010701,1000
27220,0.00835474,8.35474,1000
27221,0.004295026,4.295026,1000
27222,0.000657138,0.657138,1000
27223,0.015887295,15.887295,1000
27224,0.001172487,1.172487,1000
27225,0.001015465,1.015465,1000
27226,0.003127665,3.127665,1000
27227,0.0006164,0.6164,1000
27228,0.000634768,0.634768,1000
27229,0.00096952,0.96952,1000
27230,0.002021922,2.021922,1000
27231,0.098487801,98.487801,1000
27232,0.023991696,23.991696,1000
27233,0.000727028,0.727028,1000
27234,0.001609087,1.609087,1000
27235,0.001198492,1.198492,1000
27236,0.001006227,1.006227,1000
27237,0.003434185,3.434185,1000
27238,0.06457915,64.57915,1000
27239,0.001592313,1.592313,1000
27240,0.000904218,0.904218,1000
27241,0.00329165,3.29165,1000
27242,0.002636215,2.636215,1000
27243,0.009334312,9.334312,1000
27244,0.002296799,2.296799,1000
27245,0.00060667,0.60667,1000
27246,0.001104592,1.104592,1000
27247,0.000937717,0.937717,1000
27248,0.001040349,1.040349,1000
27249,0.000672179,0.672179,1000
27250,0.003034413,3.034413,1000
27251,0.002646402,2.646402,1000
27252,0.00160466,1.60466,1000
27253,0.000648995,0.648995,1000
27254,0.014040778,14.040778,1000
27255,0.000708781,0.708781,1000
27256,0.002458902,2.458902,1000
27257,0.028376598,28.376598,1000
27258,0.00058377,0.58377,1000
27259,0.017330568,17.330568,1000
27260,0.032861994,32.861994,1000
27261,0.178283431,178.283431,1000
27262,0.002828355,2.828355,1000
27263,0.008253389,8.253389,1000
27264,0.096763152,96.763152,1000
27265,0.000747289,0.747289,1000
27266,0.000577373,0.577373,1000
27267,0.029490352,29.490352,1000
27268,0.000997911,0.997911,1000
27269,0.000684823,0.684823,1000
27270,0.001438495,1.438495,1000
27271,0.000584532,0.584532,1000
27272,0.000880195,0.880195,1000
27273,0.001594926,1.594926,1000
27274,0.001242727,1.242727,1000
27275,0.001517401,1.517401,1000
27276,0.000552091,0.552091,1000
27277,0.064552953,64.552953,1000
27278,0.003479988,3.479988,1000
27279,0.001380048,1.380048,1000
27280,0.001621724,1.621724,1000
27281,0.008044248,8.044248,1000
27282,0.004423908,4.423908,1000
27283,0.000615174,0.615174,1000
27284,0.003464628,3.464628,1000
27285,0.000677681,0.677681,1000
27286,0.001959656,1.959656,1000
27287,0.000899865,0.899865,1000
27288,0.001821889,1.821889,1000
27289,0.001136006,1.136006,1000
27290,0.00056573,0.56573,1000
27291,0.003127824,3.127824,1000
27292,0.0006618,0.6618,1000
27293,0.021072902,21.072902,1000
27294,0.000934364,0.934364,1000
27295,0.000705038,0.705038,1000
27296,0.000952574,0.952574,1000
27297,0.00052526,0.52526,1000
27298,0.001042979,1.042979,1000
27299,0.000823435,0.823435,1000
27300,0.000874464,0.874464,1000
27301,0.000739936,0.739936,1000
27302,0.000624677,0.624677,1000
27303,0.000781288,0.781288,1000
27304,0.006756019,6.756019,1000
27305,0.001134919,1.134919,1000
27306,0.001011874,1.011874,1000
27307,0.000904182,0.904182,1000
27308,0.001000744,1.000744,1000
27309,0.001625621,1.625621,1000
27310,0.001004724,1.004724,1000
27311,0.001138878,1.138878,1000
27312,0.001199601,1.199601,1000
27313,0.00078378,0.78378,1000
27314,0.003626652,3.626652,1000
27315,0.001010552,1.010552,1000
27316,0.000681231,0.681231,1000
27317,0.001666066,1.666066,1000
27318,0.000862885,0.862885,1000
27319,0.001270422,1.270422,1000
27320,0.001516358,1.516358,1000
27321,0.001266411,1.266411,1000
27322,0.001143068,1.143068,1000
27323,0.00179996,1.79996,1000
27324,0.001335576,1.335576,1000
27325,0.001510527,1.510527,1000
27326,0.0015091,1.5091,1000
27327,0.000381041,0.381041,1000
27328,0.000723913,0.723913,1000
27329,0.000537071,0.537071,1000
27330,0.001338209,1.338209,1000
27331,0.00028802,0.28802,1000
27332,0.001523753,1.523753,1000
27333,0.001456359,1.456359,1000
27334,0.001746026,1.746026,1000
27335,0.000959833,0.959833,1000
27336,0.002734538,2.734538,1000
27337,0.000857487,0.857487,1000
27338,0.000834459,0.834459,1000
27339,0.000748264,0.748264,1000
27340,0.000955656,0.955656,1000
27341,0.001122426,1.122426,1000
27342,0.00174047,1.74047,1000
27343,0.007979906,7.979906,1000
27344,0.001246149,1.246149,1000
27345,0.000805397,0.805397,1000
27346,0.00070873,0.70873,1000
27347,0.002555506,2.555506,1000
27348,0.001484448,1.484448,1000
27349,0.002710617,2.710617,1000
27350,0.001081154,1.081154,1000
27351,0.003005356,3.005356,1000
27352,0.001453099,1.453099,1000
27353,0.000628474,0.628474,1000
27354,0.003864635,3.864635,1000
27355,0.000598417,0.598417,1000
27356,0.001147648,1.147648,1000
27357,0.000664174,0.664174,1000
27358,0.001141186,1.141186,1000
27359,0.001000744,1.000744,1000
27360,0.000836259,0.836259,1000
27361,0.000686465,0.686465,1000
27362,0.012034381,12.034381,1000
27363,0.12146342,121.46342,1000
27364,0.001124571,1.124571,1000
27365,0.000917498,0.917498,1000
27366,0.000785087,0.785087,1000
27367,0.001071133,1.071133,1000
27368,0.006561024,6.561024,1000
27369,0.000717461,0.717461,1000
27370,0.000908835,0.908835,1000
27371,0.001071133,1.071133,1000
27372,0.001002902,1.002902,1000
27374,0.000768402,0.768402,1000
27375,0.007256096,7.256096,1000
27376,0.026860811,26.860811,1000
27377,0.000821926,0.821926,1000
27378,0.001738457,1.738457,1000
27379,0.001523753,1.523753,1000
27380,0.001545354,1.545354,1000
27381,0.000691562,0.691562,1000
27382,0.001378303,1.378303,1000
27383,0.001195544,1.195544,1000
27384,0.001162903,1.162903,1000
27385,0.000350776,0.350776,1000
27386,0.001023428,1.023428,1000
27387,0.000932107,0.932107,1000
27388,0.001402018,1.402018,1000
27389,0.003268742,3.268742,1000
27390,0.001031114,1.031114,1000
27391,0.00117199,1.17199,1000
27392,0.001012829,1.012829,1000
27393,0.001383288,1.383288,1000
27394,0.001012783,1.012783,1000
27395,0.001421881,1.421881,1000
27396,0.001178378,1.178378,1000
27397,0.000667264,0.667264,1000
27398,0.001243305,1.243305,1000
27399,0.001405422,1.405422,1000
27400,0.000977131,0.977131,1000
27401,0.000721,0.721,1000
27402,0.003194506,3.194506,1000
27403,0.000665106,0.665106,1000
27404,0.00124928,1.24928,1000
27405,0.001560029,1.560029,1000
27406,0.001131263,1.131263,1000
27407,0.008050923,8.050923,1000
27408,0.00081312,0.81312,1000
27409,0.008104721,8.104721,1000
27410,0.009207772,9.207772,1000
27411,0.001827714,1.827714,1000
27412,0.000598801,0.598801,1000
27414,0.00209454,2.09454,1000
27415,0.01613058,16.13058,1000
27416,0.000825966,0.825966,1000
27417,0.00112596,1.12596,1000
27418,0.016287458,16.287458,1000
27419,0.001821889,1.821889,1000
27420,0.001544365,1.544365,1000
27421,0.000829929,0.829929,1000
27422,0.15070602,150.70602,1000
27423,0.000800038,0.800038,1000
27424,0.003328657,3.328657,1000
27425,0.001141219,1.141219,1000
27426,0.001094117,1.094117,1000
27427,0.001446717,1.446717,1000
27428,0.000801922,0.801922,1000
27429,0.001043007,1.043007,1000
27430,0.001011874,1.011874,1000
27431,0.001151687,1.151687,1000
27432,0.025616357,25.616357,1000
27433,0.000834077,0.834077,1000
27434,0.001633449,1.633449,1000
27435,0.000959214,0.959214,1000
27436,0.000885948,0.885948,1000
27437,0.000738804,0.738804,1000
27438,0.001002329,1.002329,1000
27439,0.005583766,5.583766,1000
27440,0.007382805,7.382805,1000
27441,0.001505839,1.505839,1000
27442,0.000729889,0.729889,1000
27443,0.001024969,1.024969,1000
27444,0.004275546,4.275546,1000
27445,0.001816933,1.816933,1000
27446,0.001179546,1.179546,1000
27447,0.001602276,1.602276,1000
27448,0.016054823,16.054823,1000
27449,0.00114796,1.14796,1000
27450,0.056880424,56.880424,1000
27451,0.004994632,4.994632,1000
27452,0.000759951,0.759951,1000
27453,0.002544163,2.544163,1000
27454,0.001071105,1.071105,1000
27455,0.001035981,1.035981,1000
27456,0.001141219,1.141219,1000
27457,0.000595473,0.595473,1000
27458,0.001670696,1.670696,1000
27459,0.001157719,1.157719,1000
27460,0.000848506,0.848506,1000
27461,0.001749287,1.749287,1000
27462,0.000986747,0.986747,1000
27463,0.006055603,6.055603,1000
27464,0.000892453,0.892453,1000
27465,0.000558554,0.558554,1000
27466,0.001240563,1.240563,1000
27467,0.001038217,1.038217,1000
27468,0.000240222,0.240222,1000
27469,0.001634065,1.634065,1000
27470,0.001173549,1.173549,1000
27471,0.004334955,4.334955,1000
27472,0.00115367,1.15367,1000
27473,0.027004065,27.004065,1000
27474,0.001175906,1.175906,1000
27475,0.001785124,1.785124,1000
27476,0.001097456,1.097456,1000
27477,0.000783777,0.783777,1000
27478,0.001116326,1.116326,1000
27479,0.000811377,0.811377,1000
27480,0.002884256,2.884256,1000
27481,0.001057519,1.057519,1000
27482,0.202264683,202.264683,1000
27483,0.001113017,1.113017,1000
27484,0.000889056,0.889056,1000
27485,0.000536848,0.536848,1000
27486,0.003859531,3.859531,1000
27487,0.000692129,0.692129,1000
27488,0.00048663,0.48663,1000
27489,0.000628815,0.628815,1000
27490,0.000725752,0.725752,1000
27491,0.001516315,1.516315,1000
27492,0.056687026,56.687026,1000
27493,0.000859975,0.859975,1000
27494,0.00041634,0.41634,1000
27495,0.002025913,2.025913,1000
27496,0.000829401,0.829401,1000
27497,0.003304975,3.304975,1000
27498,0.000773201,0.773201,1000
27499,0.000981468,0.981468,1000
27500,0.00127504,1.27504,1000
27501,0.001772859,1.772859,1000
27502,0.000622484,0.622484,1000
27503,0.00106405,1.06405,1000
27504,0.000322826,0.322826,1000
27505,0.000818475,0.818475,1000
27506,0.001927488,1.927488,1000
27507,0.007896717,7.896717,1000
27508,0.000793059,0.793059,1000
27509,0.001196396,1.196396,1000
27510,0.000755528,0.755528,1000
27511,0.000795666,0.795666,1000
27512,0.001510527,1.510527,1000
27513,0.000554843,0.554843,1000
27514,0.009345139,9.345139,1000
27515,0.002778047,2.778047,1000
27516,0.000896169,0.896169,1000
27517,0.000837352,0.837352,1000
27518,0.001914647,1.914647,1000
27519,0.000759154,0.759154,1000
27520,0.001525944,1.525944,1000
27521,0.000837245,0.837245,1000
27522,0.001044721,1.044721,1000
27523,0.000494579,0.494579,1000
27524,0.000794393,0.794393,1000
27525,0.001138634,1.138634,1000
27526,0.001412853,1.412853,1000
27527,0.000728107,0.728107,1000
27528,0.001457786,1.457786,1000
27529,0.000582024,0.582024,1000
27530,0.006242594,6.242594,1000
27531,0.000993186,0.993186,1000
27532,0.000923288,0.923288,1000
27533,0.000687097,0.687097,1000
27534,0.000803239,0.803239,1000
27535,0.001384881,1.384881,1000
27536,0.001613775,1.613775,1000
27537,0.00342854,3.42854,1000
27538,0.001482309,1.482309,1000
27539,0.000836974,0.836974,1000
27540,0.001011936,1.011936,1000
27541,0.001386973,1.386973,1000
27542,0.001024048,1.024048,1000
27543,0.013394225,13.394225,1000
27544,0.001457786,1.457786,1000
27545,0.001013075,1.013075,1000
27546,0.006280745,6.280745,1000
27547,0.001306471,1.306471,1000
27548,0.001701158,1.701158,1000
27549,0.010852215,10.852215,1000
27550,0.004073626,4.073626,1000
27551,0.000850035,0.850035,1000
27552,0.000790391,0.790391,1000
27553,0.001112236,1.112236,1000
27554,0.002816354,2.816354,1000
27555,0.007798034,7.798034,1000
27556,0.002418038,2.418038,1000
27557,0.001430479,1.430479,1000
27558,0.000686795,0.686795,1000
27559,0.004872825,4.872825,1000
27560,0.010245916,10.245916,1000
27561,0.000879447,0.879447,1000
27562,0.001652483,1.652483,1000
27563,0.000614638,0.614638,1000
27564,0.002357437,2.357437,1000
27565,0.001049744,1.049744,1000
27566,0.000879358,0.879358,1000
27567,0.005608858,5.608858,1000
27568,0.001151,1.151,1000
27569,0.005397014,5.397014,1000
27570,0.004702803,4.702803,1000
27571,0.000923345,0.923345,1000
27572,0.000511698,0.511698,1000
27573,0.001636872,1.636872,1000
27574,0.003036533,3.036533,1000
27575,0.00337572,3.37572,1000
27576,0.000782265,0.782265,1000
27577,0.016082243,16.082243,1000
27578,0.000908899,0.908899,1000
27579,0.001134926,1.134926,1000
27580,0.000993124,0.993124,1000
27581,0.000758761,0.758761,1000
27582,0.000669002,0.669002,1000
27583,0.000583399,0.583399,1000
27584,0.003308466,3.308466,1000
27585,0.006358653,6.358653,1000
27586,0.000983288,0.983288,1000
27587,0.004889437,4.889437,1000
27588,0.001092818,1.092818,1000
27589,0.00104294,1.04294,1000
27590,0.00082772,0.82772,1000
27591,0.000761453,0.761453,1000
27592,0.001519731,1.519731,1000
27593,0.000921966,0.921966,1000
27594,0.001659026,1.659026,1000
27595,0.001629313,1.629313,1000
27596,0.000783777,0.783777,1000
27597,0.008049134,8.049134,1000
27598,0.000778459,0.778459,1000
27599,0.000643818,0.643818,1000
27600,0.518020829,518.020829,1000
27601,0.00081693,0.81693,1000
27602,0.00462444,4.62444,1000
27603,0.008146481,8.146481,1000
27604,0.001217313,1.217313,1000
27605,0.002409958,2.409958,1000
27606,0.002749924,2.749924,1000
27607,0.008362809,8.362809,1000
27608,0.00087863,0.87863,1000
27609,0.005075898,5.075898,1000
27610,0.000672914,0.672914,1000
27611,0.00118329,1.18329,1000
27612,0.001041789,1.041789,1000
27613,0.007908195,7.908195,1000
27614,0.002892614,2.892614,1000
27615,0.00103168,1.03168,1000
27616,0.000914473,0.914473,1000
27617,0.000835406,0.835406,1000
27618,0.000701468,0.701468,1000
27619,0.001315804,1.315804,1000
27620,0.000886094,0.886094,1000
27621,0.00097058,0.97058,1000
27622,0.000667147,0.667147,1000
27623,0.001202967,1.202967,1000
27624,0.000622364,0.622364,1000
27625,0.075272816,75.272816,1000
27626,0.000924355,0.924355,1000
27627,0.007765654,7.765654,1000
27628,0.014031525,14.031525,1000
27629,0.001029247,1.029247,1000
27630,0.000793329,0.793329,1000
27631,0.001031957,1.031957,1000
27632,0.000734018,0.734018,1000
27633,0.000844605,0.844605,1000
27634,0.013074861,13.074861,1000
27635,0.001173112,1.173112,1000
27636,0.001419303,1.419303,1000
27637,0.000861421,0.861421,1000
27638,0.00081312,0.81312,1000
27639,0.014656355,14.656355,1000
27640,0.001520309,1.520309,1000
27641,0.000665541,0.665541,1000
27642,0.001612347,1.612347,1000
27643,0.002746881,2.746881,1000
27644,0.000993186,0.993186,1000
27645,0.001609087,1.609087,1000
27646,0.000660289,0.660289,1000
27647,0.001006227,1.006227,1000
27648,0.000570809,0.570809,1000
27649,0.000922113,0.922113,1000
27650,0.000941897,0.941897,1000
27651,0.00296175,2.96175,1000
27652,0.003057022,3.057022,1000
27653,0.008173326,8.173326,1000
27654,0.00104294,1.04294,1000
27655,0.001186739,1.186739,1000
27656,0.000479704,0.479704,1000
27657,0.003096039,3.096039,1000
27658,0.000378201,0.378201,1000
27659,0.000449577,0.449577,1000
27660,0.001539132,1.539132,1000
27661,0.000686671,0.686671,1000
27662,0.001121565,1.121565,1000
27663,0.000971036,0.971036,1000
27664,0.000634351,0.634351,1000
27665,0.000945561,0.945561,1000
27666,0.000757621,0.757621,1000
27667,0.000887083,0.887083,1000
27668,0.000882174,0.882174,1000
27669,0.000993186,0.993186,1000
27670,0.00264893,2.64893,1000
27671,0.001144711,1.144711,1000
27672,0.001595339,1.595339,1000
27673,0.013876667,13.876667,1000
27674,0.001478066,1.478066,1000
27675,0.002289949,2.289949,1000
27676,0.008501245,8.501245,1000
27677,0.001593884,1.593884,1000
27678,0.000751715,0.751715,1000
27679,0.001470078,1.470078,1000
27680,0.003540852,3.540852,1000
27681,0.46443914,464.43914,1000
27682,0.003434004,3.434004,1000
27683,0.000906007,0.906007,1000
27684,0.005843457,5.843457,1000
27685,0.000795451,0.795451,1000
27686,0.000993186,0.993186,1000
27687,0.0018714,1.8714,1000
27688,0.001520388,1.520388,1000
27689,0.001505839,1.505839,1000
27690,0.009806919,9.806919,1000
27691,0.002610059,2.610059,1000
27692,0.001143068,1.143068,1000
27693,0.001237815,1.237815,1000
27694,0.001338903,1.338903,1000
27695,0.000531054,0.531054,1000
27696,0.000362509,0.362509,1000
27697,0.000668431,0.668431,1000
27698,0.001042319,1.042319,1000
27699,0.00152736,1.52736,1000
27700,0.004917564,4.917564,1000
27701,0.001643507,1.643507,1000
27702,0.001075656,1.075656,1000
27703,0.688052059,688.052059,1000
27704,0.000784946,0.784946,1000
27705,0.000608411,0.608411,1000
27706,0.001070943,1.070943,1000
27707,0.000900109,0.900109,1000
27708,0.001388059,1.388059,1000
27709,0.000687591,0.687591,1000
27710,0.000962906,0.962906,1000
27711,0.001104592,1.104592,1000
27712,0.026681124,26.681124,1000
27713,0.002036318,2.036318,1000
27714,0.026937074,26.937074,1000
27715,0.001604228,1.604228,1000
27716,0.001101404,1.101404,1000
27717,0.000765738,0.765738,1000
27718,0.002759884,2.759884,1000
27719,0.037533341,37.533341,1000
27720,0.001010779,1.010779,1000
27721,0.001242727,1.242727,1000
27722,0.001566715,1.566715,1000
27723,0.000993186,0.993186,1000
27724,0.001078827,1.078827,1000
27725,0.001322564,1.322564,1000
27726,0.00109536,1.09536,1000
27727,0.001142425,1.142425,1000
27728,0.008489353,8.489353,1000
27729,0.001042979,1.042979,1000
27730,0.001525181,1.525181,1000
27731,0.004121838,4.121838,1000
27732,0.01646083,16.46083,1000
27733,0.000825564,0.825564,1000
27734,0.075217493,75.217493,1000
27735,0.000971411,0.971411,1000
27736,0.001591387,1.591387,1000
27737,0.001622287,1.622287,1000
27738,0.001071083,1.071083,1000
27739,0.000699926,0.699926,1000
27740,0.001116018,1.116018,1000
27741,0.000999017,0.999017,1000
27742,0.000948554,0.948554,1000
27743,0.325382111,325.382111,1000
27744,0.001284713,1.284713,1000
27745,0.001134919,1.134919,1000
27746,0.000923071,0.923071,1000
27747,0.00285322,2.85322,1000
27748,0.000606292,0.606292,1000
27749,0.001254185,1.254185,1000
27750,0.001204252,1.204252,1000
27751,0.00088911,0.88911,1000
27752,0.00079677,0.79677,1000
27753,0.000307678,0.307678,1000
27754,0.001085474,1.085474,1000
27755,0.005513836,5.513836,1000
27756,0.000362836,0.362836,1000
27757,0.003187889,3.187889,1000
27758,0.00023499,0.23499,1000
27759,0.001153677,1.153677,1000
27760,0.000439812,0.439812,1000
27761,0.001321031,1.321031,1000
27762,0.008015736,8.015736,1000
27763,0.000645467,0.645467,1000
27764,0.000813617,0.813617,1000
27765,0.000712467,0.712467,1000
27766,0.001190079,1.190079,1000
27767,0.001419436,1.419436,1000
27768,0.002919801,2.919801,1000
27769,0.000905024,0.905024,1000
27770,0.000403821,0.403821,1000
27771,0.000901069,0.901069,1000
27772,0.000411918,0.411918,1000
27773,0.015956348,15.956348,1000
27774,0.000751598,0.751598,1000
27775,0.000576057,0.576057,1000
27776,0.001994567,1.994567,1000
27777,0.000782847,0.782847,1000
27778,0.011884981,11.884981,1000
27779,0.001153212,1.153212,1000
27780,0.001122552,1.122552,1000
27781,0.000751717,0.751717,1000
27782,0.002505275,2.505275,1000
27783,0.00772791,7.72791,1000
27784,0.001727817,1.727817,1000
27785,0.000289906,0.289906,1000
27786,0.001987163,1.987163,1000
27787,0.000837858,0.837858,1000
27788,0.016964352,16.964352,1000
27789,0.000581687,0.581687,1000
27790,0.000861396,0.861396,1000
27791,0.097664841,97.664841,1000
27792,0.000941839,0.941839,1000
27793,0.001044721,1.044721,1000
27794,0.001097456,1.097456,1000
27795,0.001356123,1.356123,1000
27796,0.002278154,2.278154,1000
27798,0.595287691,595.287691,1000
27799,0.000878349,0.878349,1000
27800,0.005114988,5.114988,1000
27801,0.001099904,1.099904,1000
27802,0.000717103,0.717103,1000
27803,0.001042979,1.042979,1000
27804,0.013213368,13.213368,1000
27805,0.004916962,4.916962,1000
27806,0.000964089,0.964089,1000
27807,0.00103168,1.03168,1000
27808,0.001460438,1.460438,1000
27809,0.026870067,26.870067,1000
27810,0.008142818,8.142818,1000
27811,0.000805602,0.805602,1000
27812,0.00080951,0.80951,1000
27813,0.000940667,0.940667,1000
27814,0.000949159,0.949159,1000
27815,0.001282309,1.282309,1000
27816,0.001679104,1.679104,1000
27817,0.003061808,3.061808,1000
27818,0.001346205,1.346205,1000
27819,0.000808925,0.808925,1000
27820,0.01062825,10.62825,1000
27821,0.000701789,0.701789,1000
27822,0.000376872,0.376872,1000
27823,0.001809026,1.809026,1000
27824,0.000951439,0.951439,1000
27825,0.000641166,0.641166,1000
27826,0.000812017,0.812017,1000
27827,0.000478939,0.478939,1000
27828,0.001034166,1.034166,1000
27829,0.002835403,2.835403,1000
27830,0.016217303,16.217303,1000
27831,0.001376094,1.376094,1000
27832,0.000289202,0.289202,1000
27833,0.00082619,0.82619,1000
27834,0.000791418,0.791418,1000
27835,0.005849817,5.849817,1000
27836,0.003348974,3.348974,1000
27837,0.000800733,0.800733,1000
27838,0.001603291,1.603291,1000
27839,0.000841223,0.841223,1000
27840,0.000896434,0.896434,1000
27841,0.000953672,0.953672,1000
27842,0.194588522,194.588522,1000
27843,0.034782446,34.782446,1000
27844,0.085358064,85.358064,1000
27845,0.004833672,4.833672,1000
27846,0.000876583,0.876583,1000
27847,0.015424623,15.424623,1000
27848,0.001606238,1.606238,1000
27849,0.015850329,15.850329,1000
27850,0.005206121,5.206121,1000
27851,0.003142447,3.142447,1000
27852,0.001041789,1.041789,1000
27853,0.016845928,16.845928,1000
27854,0.00058065,0.58065,1000
27855,0.000712403,0.712403,1000
27856,0.000832612,0.832612,1000
27857,0.000650682,0.650682,1000
27858,0.02680381,26.80381,1000
27859,0.06457589,64.57589,1000
27860,0.000640818,0.640818,1000
27861,0.000674642,0.674642,1000
27862,0.000656105,0.656105,1000
27863,0.028744586,28.744586,1000
27864,0.000576993,0.576993,1000
27865,0.000573227,0.573227,1000
27866,0.000524381,0.524381,1000
27867,0.000960681,0.960681,1000
27868,0.001565463,1.565463,1000
27869,0.000834536,0.834536,1000
27870,0.001501406,1.501406,1000
27871,0.001071083,1.071083,1000
27872,0.00138256,1.38256,1000
27873,0.002853212,2.853212,1000
27874,0.001062519,1.062519,1000
27875,0.016697629,16.697629,1000
27876,0.001883368,1.883368,1000
27877,0.001246149,1.246149,1000
27878,0.002749206,2.749206,1000
27879,0.000960681,0.960681,1000
27880,0.000898177,0.898177,1000
27881,0.00087518,0.87518,1000
27882,0.001349175,1.349175,1000
27883,0.000888224,0.888224,1000
27884,0.000654507,0.654507,1000
27885,0.001331713,1.331713,1000
27886,0.008638321,8.638321,1000
27887,0.21166667,211.66667,1000
27888,0.000719797,0.719797,1000
27889,0.000800886,0.800886,1000
27890,0.001014435,1.014435,1000
27891,0.000785275,0.785275,1000
27892,0.00098097,0.98097,1000
27893,0.000721949,0.721949,1000
27894,0.001385415,1.385415,1000
27895,0.018674824,18.674824,1000
27896,0.001315539,1.315539,1000
27897,0.040278474,40.278474,1000
27898,0.001505839,1.505839,1000
27899,0.000945779,0.945779,1000
27900,0.001057117,1.057117,1000
27901,0.000951785,0.951785,1000
27902,0.001011936,1.011936,1000
27903,0.003176,3.176,1000
27904,0.000795323,0.795323,1000
27905,0.000627962,0.627962,1000
27906,0.001315631,1.315631,1000
27907,0.000910952,0.910952,1000
27908,0.000865819,0.865819,1000
27909,0.003523211,3.523211,1000
27910,0.000570517,0.570517,1000
27911,0.040184083,40.184083,1000
27912,0.001134919,1.134919,1000
27913,0.010947034,10.947034,1000
27914,0.001364337,1.364337,1000
27915,0.001973586,1.973586,1000
27916,0.299881685,299.881685,1000
27917,0.007783541,7.783541,1000
27918,0.004295221,4.295221,1000
27919,0.002395493,2.395493,1000
27920,0.019282987,19.282987,1000
27921,0.000441111,0.441111,1000
27922,0.002807379,2.807379,1000
27923,0.000948554,0.948554,1000
27924,0.000993186,0.993186,1000
27925,0.000691206,0.691206,1000
27926,0.00103168,1.03168,1000
27927,0.001038238,1.038238,1000
27928,0.000412003,0.412003,1000
27929,0.001173088,1.173088,1000
27930,0.00104294,1.04294,1000
27931,0.003755434,3.755434,1000
27932,0.000291666,0.291666,1000
27933,0.000783339,0.783339,1000
27934,0.000857223,0.857223,1000
27935,0.000845123,0.845123,1000
27936,0.001115288,1.115288,1000
27937,0.000563475,0.563475,1000
27938,0.001036963,1.036963,1000
27939,0.001123703,1.123703,1000
27940,0.000807703,0.807703,1000
27941,0.005697303,5.697303,1000
27942,0.012105948,12.105948,1000
27943,0.000895243,0.895243,1000
27944,0.000820889,0.820889,1000
27945,0.000814768,0.814768,1000
27946,0.000783777,0.783777,1000
27947,0.00062244,0.62244,1000
27948,0.000798789,0.798789,1000
27949,0.00148364,1.48364,1000
27950,0.000756842,0.756842,1000
27951,0.003507204,3.507204,1000
27952,0.008805494,8.805494,1000
27953,0.008622891,8.622891,1000
27954,0.000704512,0.704512,1000
27955,0.000571299,0.571299,1000
27956,0.056833031,56.833031,1000
27957,0.000874017,0.874017,1000
27958,0.001772589,1.772589,1000
27959,0.004819051,4.819051,1000
27960,0.001648122,1.648122,1000
27961,0.001609087,1.609087,1000
27962,0.000477807,0.477807,1000
27963,0.001767329,1.767329,1000
27964,0.06457589,64.57589,1000
27965,0.001142425,1.142425,1000
27966,0.000847303,0.847303,1000
27967,0.000993186,0.993186,1000
27968,0.000928701,0.928701,1000
27969,0.00120067,1.20067,1000
27970,0.000358235,0.358235,1000
27971,0.001042957,1.042957,1000
27972,0.000698038,0.698038,1000
27973,0.020165013,20.165013,1000
27974,0.000541219,0.541219,1000
27975,0.001128951,1.128951,1000
27976,0.000648966,0.648966,1000
27977,0.000603815,0.603815,1000
27978,0.06457915,64.57915,1000
27979,0.000845094,0.845094,1000
27980,0.001100271,1.100271,1000
27981,0.000878918,0.878918,1000
27982,0.000741704,0.741704,1000
27983,0.000727689,0.727689,1000
27984,0.000929377,0.929377,1000
27985,0.00155939,1.55939,1000
27986,0.004101684,4.101684,1000
27987,0.000455249,0.455249,1000
27988,0.001334149,1.334149,1000
27989,0.000611947,0.611947,1000
27990,0.003286261,3.286261,1000
27991,0.000696836,0.696836,1000
27992,0.001139001,1.139001,1000
27993,0.008210933,8.210933,1000
27994,0.000562712,0.562712,1000
27995,0.001350644,1.350644,1000
27996,0.001141219,1.141219,1000
27997,0.001252508,1.252508,1000
27998,0.00092079,0.92079,1000
27999,0.00061413,0.61413,1000
28000,0.026610631,26.610631,1000
28001,0.001097456,1.097456,1000
28002,0.002825442,2.825442,1000
28003,0.000639281,0.639281,1000
28004,0.001520187,1.520187,1000
28005,0.001116622,1.116622,1000
28006,0.001315566,1.315566,1000
28007,0.00285348,2.85348,1000
28008,0.001505839,1.505839,1000
28009,0.002942082,2.942082,1000
28010,0.001272076,1.272076,1000
28011,0.001745694,1.745694,1000
28012,0.000839177,0.839177,1000
28013,0.015220473,15.220473,1000
28014,0.001305886,1.305886,1000
28015,0.001356076,1.356076,1000
28016,0.06457589,64.57589,1000
28017,0.000617296,0.617296,1000
28018,0.000866809,0.866809,1000
28019,0.000993186,0.993186,1000
28020,0.00097162,0.97162,1000
28021,0.001006227,1.006227,1000
28022,0.000802969,0.802969,1000
28023,0.000839783,0.839783,1000
28024,0.001109718,1.109718,1000
28025,0.010392473,10.392473,1000
28026,0.022926378,22.926378,1000
28027,0.000788176,0.788176,1000
28028,0.003999605,3.999605,1000
28029,0.01286726,12.86726,1000
28030,0.071132811,71.132811,1000
28031,0.1472086,147.2086,1000
28032,0.001382301,1.382301,1000
28033,0.001061881,1.061881,1000
28034,0.000829265,0.829265,1000
28035,0.00095639,0.95639,1000
28036,0.000635307,0.635307,1000
28037,0.000692223,0.692223,1000
28038,0.00356116,3.56116,1000
28039,0.002719521,2.719521,1000
28040,0.056226918,56.226918,1000
28041,0.005492487,5.492487,1000
28042,0.001025903,1.025903,1000
28043,0.004717973,4.717973,1000
28044,0.000560259,0.560259,1000
28045,0.001243259,1.243259,1000
28046,0.000911884,0.911884,1000
28047,0.000718275,0.718275,1000
28048,0.010937156,10.937156,1000
28049,0.001209787,1.209787,1000
28050,0.000657551,0.657551,1000
28051,0.001062379,1.062379,1000
28052,0.00058589,0.58589,1000
28053,0.000848506,0.848506,1000
28054,0.000937243,0.937243,1000
28055,0.00032411,0.32411,1000
28056,0.064580577,64.580577,1000
28057,0.001134926,1.134926,1000
28058,0.000716922,0.716922,1000
28059,0.000545065,0.545065,1000
28060,0.040005176,40.005176,1000
28061,0.000584337,0.584337,1000
28062,0.000480344,0.480344,1000
28063,0.000753323,0.753323,1000
28064,0.00112596,1.12596,1000
28065,0.00084888,0.84888,1000
28066,0.001457581,1.457581,1000
28067,0.000417494,0.417494,1000
28068,0.000778459,0.778459,1000
28069,0.000954993,0.954993,1000
28070,0.000928616,0.928616,1000
28071,0.000352123,0.352123,1000
28072,0.002192789,2.192789,1000
28073,0.007257912,7.257912,1000
28074,0.003267987,3.267987,1000
28075,0.001203573,1.203573,1000
28076,0.001006165,1.006165,1000
28077,0.000792709,0.792709,1000
28078,0.096822245,96.822245,1000
28079,0.003747772,3.747772,1000
28080,0.00089757,0.89757,1000
28081,0.466145779,466.145779,1000
28082,0.056651912,56.651912,1000
28083,0.025587906,25.587906,1000
28084,0.028437349,28.437349,1000
28085,0.000993186,0.993186,1000
28086,0.001044721,1.044721,1000
28087,0.001012561,1.012561,1000
28088,0.002785349,2.785349,1000
28089,0.016871107,16.871107,1000
28090,0.001071083,1.071083,1000
28091,0.000976813,0.976813,1000
28092,0.019291596,19.291596,1000
28093,0.000391502,0.391502,1000
28094,0.001240686,1.240686,1000
28095,0.001309217,1.309217,1000
28096,0.595283003,595.283003,1000
28097,0.00157043,1.57043,1000
28098,0.001603065,1.603065,1000
28099,0.003076587,3.076587,1000
28100,0.001311517,1.311517,1000
28101,0.003731216,3.731216,1000
28102,0.002433202,2.433202,1000
28103,0.000880087,0.880087,1000
28104,0.056236032,56.236032,1000
28105,0.00051991,0.51991,1000
28106,0.000960681,0.960681,1000
28108,0.007187866,7.187866,1000
28109,0.001098759,1.098759,1000
28110,0.000827495,0.827495,1000
28111,0.001690886,1.690886,1000
28112,0.284605247,284.605247,1000
28113,0.000359988,0.359988,1000
28114,0.002182819,2.182819,1000
28115,0.075376588,75.376588,1000
28116,0.000336909,0.336909,1000
28117,0.001324896,1.324896,1000
28118,0.00296558,2.96558,1000
28119,0.000957335,0.957335,1000
28120,0.000817034,0.817034,1000
28121,0.000660284,0.660284,1000
28122,0.000238612,0.238612,1000
28123,0.000813097,0.813097,1000
28124,0.000783777,0.783777,1000
28125,0.000583928,0.583928,1000
28126,0.00078378,0.78378,1000
28127,0.001033818,1.033818,1000
28128,0.002998989,2.998989,1000
28129,0.000937243,0.937243,1000
28130,0.001062519,1.062519,1000
28131,0.0007305,0.7305,1000
28132,0.001037322,1.037322,1000
28133,0.000883084,0.883084,1000
28134,0.004039412,4.039412,1000
28135,0.008869584,8.869584,1000
28136,0.00105076,1.05076,1000
28137,0.040245049,40.245049,1000
28138,0.000950616,0.950616,1000
28139,0.001151,1.151,1000
28140,0.000993124,0.993124,1000
28141,0.002173231,2.173231,1000
28142,0.001035302,1.035302,1000
28143,0.001176143,1.176143,1000
28144,0.016140438,16.140438,1000
28145,0.001114699,1.114699,1000
28146,0.000397281,0.397281,1000
28147,0.000317592,0.317592,1000
28148,0.006281385,6.281385,1000
28149,0.006559053,6.559053,1000
28150,0.002367328,2.367328,1000
28151,0.064439988,64.439988,1000
28152,0.000937371,0.937371,1000
28153,0.000794696,0.794696,1000
28154,0.001412853,1.412853,1000
28155,0.001373268,1.373268,1000
28156,0.000797617,0.797617,1000
28157,0.000736845,0.736845,1000
28158,0.001580734,1.580734,1000
28159,0.003462106,3.462106,1000
28160,0.001436516,1.436516,1000
28161,0.000821983,0.821983,1000
28162,0.002209599,2.209599,1000
28163,0.000815653,0.815653,1000
28164,0.000474608,0.474608,1000
28165,0.004450726,4.450726,1000
28166,0.003660523,3.660523,1000
28167,0.000756203,0.756203,1000
28168,0.001044721,1.044721,1000
28169,0.009739324,9.739324,1000
28170,0.001667461,1.667461,1000
28171,0.018120825,18.120825,1000
28172,0.00109226,1.09226,1000
28173,0.001825149,1.825149,1000
28174,0.001044721,1.044721,1000
28175,0.00103168,1.03168,1000
28176,0.001309157,1.309157,1000
28177,0.000802605,0.802605,1000
28178,0.001090441,1.090441,1000
28179,0.178578735,178.578735,1000
28180,0.000898649,0.898649,1000
28181,0.001006227,1.006227,1000
28182,0.001014983,1.014983,1000
28183,0.000896359,0.896359,1000
28184,0.000877754,0.877754,1000
28185,0.000871694,0.871694,1000
28186,0.001366186,1.366186,1000
28187,0.000948554,0.948554,1000
28188,0.000730761,0.730761,1000
28189,0.001042159,1.042159,1000
28190,0.018587035,18.587035,1000
28191,0.001145436,1.145436,1000
28192,0.000442227,0.442227,1000
28193,0.001545753,1.545753,1000
28194,0.000744527,0.744527,1000
28195,0.0015091,1.5091,1000
28196,0.004090499,4.090499,1000
28197,0.00816907,8.16907,1000
28198,0.001164174,1.164174,1000
28199,0.00103168,1.03168,1000
28200,0.000400888,0.400888,1000
28201,0.001957655,1.957655,1000
28202,0.001107044,1.107044,1000
28203,0.001071105,1.071105,1000
28204,0.002960633,2.960633,1000
28205,0.003086591,3.086591,1000
28206,0.001062569,1.062569,1000
28207,0.000620551,0.620551,1000
28208,0.001132155,1.132155,1000
28209,0.000783777,0.783777,1000
28210,0.001073427,1.073427,1000
28211,0.003163068,3.163068,1000
28212,0.001000921,1.000921,1000
28213,0.000864401,0.864401,1000
28214,0.010421197,10.421197,1000
28215,0.001011874,1.011874,1000
28216,0.001703656,1.703656,1000
28217,0.001200491,1.200491,1000
28218,0.000777185,0.777185,1000
28219,0.001670348,1.670348,1000
28220,0.001196998,1.196998,1000
28221,0.000757759,0.757759,1000
28222,0.000993186,0.993186,1000
28223,0.001024138,1.024138,1000
28224,0.017177106,17.177106,1000
28225,0.000677702,0.677702,1000
28226,0.004804594,4.804594,1000
28227,0.003345972,3.345972,1000
28228,0.000813123,0.813123,1000
28229,0.020452204,20.452204,1000
28230,0.001457808,1.457808,1000
28231,0.001505043,1.505043,1000
28232,0.001654277,1.654277,1000
28233,0.000834175,0.834175,1000
28234,0.001044721,1.044721,1000
28235,0.000633898,0.633898,1000
28236,0.008500434,8.500434,1000
28237,0.000981565,0.981565,1000
28238,0.000813123,0.813123,1000
28239,0.001006227,1.006227,1000
28240,0.000783845,0.783845,1000
28241,0.004610448,4.610448,1000
28242,0.001071133,1.071133,1000
28243,0.001174572,1.174572,1000
28244,0.000850391,0.850391,1000
28245,0.00092175,0.92175,1000
28246,0.000882945,0.882945,1000
28247,0.001746026,1.746026,1000
28248,0.000969716,0.969716,1000
28249,0.031766237,31.766237,1000
28250,0.000869365,0.869365,1000
28251,0.001071105,1.071105,1000
28252,0.001062671,1.062671,1000
28253,0.02926264,29.26264,1000
28254,0.000321173,0.321173,1000
28255,0.00306959,3.06959,1000
28256,0.002652617,2.652617,1000
28257,0.018483441,18.483441,1000
28258,0.00028549,0.28549,1000
28259,0.000641166,0.641166,1000
28260,0.001505839,1.505839,1000
28261,0.001913692,1.913692,1000
28262,0.001097456,1.097456,1000
28263,0.001306559,1.306559,1000
28264,0.000623792,0.623792,1000
28265,0.00089325,0.89325,1000
28266,0.001191676,1.191676,1000
28267,0.000870464,0.870464,1000
28268,0.291576906,291.576906,1000
28269,0.000986847,0.986847,1000
28270,0.000937184,0.937184,1000
28271,0.000905896,0.905896,1000
28272,0.001269135,1.269135,1000
28273,0.010868418,10.868418,1000
28274,0.002103527,2.103527,1000
28275,0.001043007,1.043007,1000
28276,0.000912456,0.912456,1000
28277,0.06457589,64.57589,1000
28278,0.001612347,1.612347,1000
28279,0.000774221,0.774221,1000
28280,0.00089139,0.89139,1000
28281,0.001326305,1.326305,1000
28282,0.000966542,0.966542,1000
28283,0.000548642,0.548642,1000
28284,0.000911918,0.911918,1000
28285,0.001601399,1.601399,1000
28286,0.040763806,40.763806,1000
28287,0.001337891,1.337891,1000
28288,0.001339733,1.339733,1000
28289,0.001684074,1.684074,1000
28290,0.016076077,16.076077,1000
28291,0.007984058,7.984058,1000
28292,0.007341662,7.341662,1000
28293,0.002510325,2.510325,1000
28294,0.000541,0.541,1000
28295,0.000414291,0.414291,1000
28296,0.004057512,4.057512,1000
28297,0.003083249,3.083249,1000
28298,0.001411295,1.411295,1000
28299,0.001042817,1.042817,1000
28300,0.001662774,1.662774,1000
28301,0.01103332,11.03332,1000
28302,0.001656604,1.656604,1000
28303,0.001042979,1.042979,1000
28304,0.000853695,0.853695,1000
28305,0.000700159,0.700159,1000
28306,0.000855915,0.855915,1000
28307,0.000812963,0.812963,1000
28308,0.001066106,1.066106,1000
28309,0.001214955,1.214955,1000
28310,0.00147879,1.47879,1000
28311,0.000781225,0.781225,1000
28312,0.00065258,0.65258,1000
28313,0.000777043,0.777043,1000
28314,0.00088691,0.88691,1000
28315,0.001011936,1.011936,1000
28316,0.001071105,1.071105,1000
28317,0.000834143,0.834143,1000
28318,0.005224557,5.224557,1000
28319,0.056319155,56.319155,1000
28320,0.001368093,1.368093,1000
28321,0.001071673,1.071673,1000
28322,0.000636571,0.636571,1000
28323,0.000422463,0.422463,1000
28324,0.000835592,0.835592,1000
28325,0.002515187,2.515187,1000
28326,0.00093959,0.93959,1000
28327,0.003176361,3.176361,1000
28328,0.001359537,1.359537,1000
28329,0.001029247,1.029247,1000
28330,0.001296634,1.296634,1000
28331,0.000662012,0.662012,1000
28332,0.000773443,0.773443,1000
28333,0.000825966,0.825966,1000
28334,0.00097526,0.97526,1000
28335,0.003068774,3.068774,1000
28336,0.000912955,0.912955,1000
28337,0.000642295,0.642295,1000
28338,0.001201932,1.201932,1000
28339,0.000797259,0.797259,1000
28340,0.000621919,0.621919,1000
28341,0.000825966,0.825966,1000
28342,0.000812741,0.812741,1000
28343,0.00232487,2.32487,1000
28344,0.001170494,1.170494,1000
28345,0.000977445,0.977445,1000
28346,0.001006227,1.006227,1000
28347,0.000776051,0.776051,1000
28348,0.026665271,26.665271,1000
28349,0.000826535,0.826535,1000
28350,0.000728361,0.728361,1000
28351,0.156744054,156.744054,1000
28352,0.000621052,0.621052,1000
28353,0.00117837,1.17837,1000
28354,0.001006227,1.006227,1000
28355,0.001337188,1.337188,1000
28356,0.000775314,0.775314,1000
28357,0.016683578,16.683578,1000
28358,0.000598857,0.598857,1000
28359,0.012946741,12.946741,1000
28360,0.001071207,1.071207,1000
28361,0.00139118,1.39118,1000
28362,0.002700787,2.700787,1000
28363,0.002696941,2.696941,1000
28364,0.000929662,0.929662,1000
28365,0.026832979,26.832979,1000
28366,0.001067403,1.067403,1000
28367,0.00269416,2.69416,1000
28368,0.004223445,4.223445,1000
28369,0.000923202,0.923202,1000
28370,0.000617715,0.617715,1000
28371,0.000714369,0.714369,1000
28372,0.001603291,1.603291,1000
28373,0.014945,14.945,1000
28374,0.09743059,97.43059,1000
28375,0.000554771,0.554771,1000
28376,0.001195554,1.195554,1000
28377,0.000637308,0.637308,1000
28378,0.000799667,0.799667,1000
28379,0.001104592,1.104592,1000
28380,0.001159782,1.159782,1000
28381,0.000890814,0.890814,1000
28382,0.0009015,0.9015,1000
28383,0.00440248,4.40248,1000
28384,0.001317245,1.317245,1000
28385,0.001039424,1.039424,1000
28386,0.00085555,0.85555,1000
28387,0.000991317,0.991317,1000
28388,0.001058013,1.058013,1000
28389,0.000858691,0.858691,1000
28390,0.000878219,0.878219,1000
28391,0.00086411,0.86411,1000
28392,0.000830285,0.830285,1000
28393,0.004497082,4.497082,1000
28394,0.000656265,0.656265,1000
28395,0.001330889,1.330889,1000
28396,0.00036848,0.36848,1000
28397,0.000319017,0.319017,1000
28398,0.005258944,5.258944,1000
28399,0.001091954,1.091954,1000
28400,0.00123555,1.23555,1000
28401,0.001006227,1.006227,1000
28402,0.001050209,1.050209,1000
28403,0.000616867,0.616867,1000
28404,0.005568571,5.568571,1000
28405,0.000866613,0.866613,1000
28406,0.015872315,15.872315,1000
28407,0.001510527,1.510527,1000
28408,0.000758507,0.758507,1000
28409,0.210907165,210.907165,1000
28410,0.000462233,0.462233,1000
28411,0.045867411,45.867411,1000
28412,0.001268865,1.268865,1000
28413,0.004075987,4.075987,1000
28414,0.000817753,0.817753,1000
28415,0.000806863,0.806863,1000
28416,0.000609116,0.609116,1000
28417,0.001011936,1.011936,1000
28418,0.00114829,1.14829,1000
28419,0.001378908,1.378908,1000
28420,0.001051872,1.051872,1000
28421,0.001510527,1.510527,1000
28422,0.001011936,1.011936,1000
28423,0.000769932,0.769932,1000
28424,0.001520309,1.520309,1000
28425,0.001385374,1.385374,1000
28426,0.001104683,1.104683,1000
28427,0.000933802,0.933802,1000
28428,0.000630676,0.630676,1000
28429,0.001390634,1.390634,1000
28430,0.001632301,1.632301,1000
28431,0.001671026,1.671026,1000
28432,0.000613549,0.613549,1000
28433,0.000764244,0.764244,1000
28434,0.000719189,0.719189,1000
28435,0.001031114,1.031114,1000
28436,0.001024048,1.024048,1000
28437,0.000715643,0.715643,1000
28438,0.000986196,0.986196,1000
28439,0.000724649,0.724649,1000
28440,0.001041554,1.041554,1000
28441,0.001408846,1.408846,1000
28442,0.000862105,0.862105,1000
28443,0.000927963,0.927963,1000
28444,0.004523708,4.523708,1000
28445,0.002408214,2.408214,1000
28446,0.000505691,0.505691,1000
28447,0.014805333,14.805333,1000
28448,0.001338317,1.338317,1000
28449,0.010284537,10.284537,1000
28450,0.00355078,3.55078,1000
28451,0.000825966,0.825966,1000
28452,0.001249753,1.249753,1000
28453,0.001383045,1.383045,1000
28454,0.000324954,0.324954,1000
28455,0.001042979,1.042979,1000
28456,0.00127003,1.27003,1000
28457,0.000686666,0.686666,1000
28458,0.001525181,1.525181,1000
28459,0.148287887,148.287887,1000
28460,0.000823245,0.823245,1000
28461,0.001305222,1.305222,1000
28462,0.000560413,0.560413,1000
28463,0.000877442,0.877442,1000
28464,0.001520309,1.520309,1000
28465,0.000630431,0.630431,1000
28466,0.00055168,0.55168,1000
28467,0.001006227,1.006227,1000
28468,0.011875223,11.875223,1000
28469,0.000605145,0.605145,1000
28470,0.001042979,1.042979,1000
28471,0.001251665,1.251665,1000
28472,0.001206332,1.206332,1000
28473,0.000730541,0.730541,1000
28474,0.004685747,4.685747,1000
28475,0.000626334,0.626334,1000
28476,0.001158999,1.158999,1000
28478,0.005882344,5.882344,1000
28479,0.000619968,0.619968,1000
28480,0.001042817,1.042817,1000
28481,0.000632643,0.632643,1000
28482,0.002803845,2.803845,1000
28483,0.002901406,2.901406,1000
28484,0.001183517,1.183517,1000
28485,0.004940658,4.940658,1000
28486,0.001109753,1.109753,1000
28487,0.002801613,2.801613,1000
28488,0.000623169,0.623169,1000
28489,0.001624953,1.624953,1000
28490,0.000459118,0.459118,1000
28491,0.001085234,1.085234,1000
28492,0.00067531,0.67531,1000
28493,0.001506747,1.506747,1000
28494,0.001002981,1.002981,1000
28495,0.000905704,0.905704,1000
28496,0.000758811,0.758811,1000
28497,0.001222332,1.222332,1000
28498,0.002819279,2.819279,1000
28499,0.002630164,2.630164,1000
28500,0.001042288,1.042288,1000
28501,0.000928143,0.928143,1000
28502,0.000643874,0.643874,1000
28503,0.001478229,1.478229,1000
28504,0.000995922,0.995922,1000
28505,0.001323426,1.323426,1000
28506,0.001006227,1.006227,1000
28507,0.000955615,0.955615,1000
28508,0.001931092,1.931092,1000
28509,0.002127342,2.127342,1000
28510,0.00062258,0.62258,1000
28511,0.001510527,1.510527,1000
28512,0.001552939,1.552939,1000
28513,0.000813757,0.813757,1000
28514,0.025249048,25.249048,1000
28515,0.001452258,1.452258,1000
28516,0.000421669,0.421669,1000
28517,0.000925455,0.925455,1000
28518,0.000809819,0.809819,1000
28519,0.001044066,1.044066,1000
28520,0.001392147,1.392147,1000
28521,0.001317245,1.317245,1000
28522,0.000487879,0.487879,1000
28523,0.000964089,0.964089,1000
28524,0.000993186,0.993186,1000
28525,0.000772561,0.772561,1000
28526,0.000379425,0.379425,1000
28527,0.001311936,1.311936,1000
28528,0.000792093,0.792093,1000
28529,0.001108175,1.108175,1000
28530,0.000798807,0.798807,1000
28531,0.001316763,1.316763,1000
28532,0.003333635,3.333635,1000
28533,0.000858373,0.858373,1000
28534,0.021787508,21.787508,1000
28535,0.000840102,0.840102,1000
28536,0.001414554,1.414554,1000
28537,0.00149109,1.49109,1000
28538,0.000586615,0.586615,1000
28539,0.001373057,1.373057,1000
28540,0.000951247,0.951247,1000
28541,0.031604999,31.604999,1000
28542,0.000455864,0.455864,1000
28543,0.001142904,1.142904,1000
28544,0.00137604,1.37604,1000
28545,0.008129717,8.129717,1000
28546,0.001141146,1.141146,1000
28547,0.019696019,19.696019,1000
28548,0.000937445,0.937445,1000
28549,0.002783142,2.783142,1000
28550,0.001157918,1.157918,1000
28551,0.000684066,0.684066,1000
28552,0.00084896,0.84896,1000
28553,0.000925427,0.925427,1000
28554,0.000887263,0.887263,1000
28555,0.001212513,1.212513,1000
28556,0.028039667,28.039667,1000
28557,0.000401935,0.401935,1000
28558,0.006721822,6.721822,1000
28559,0.001321535,1.321535,1000
28560,0.001825149,1.825149,1000
28561,0.000577468,0.577468,1000
28562,0.001505839,1.505839,1000
28563,0.001555514,1.555514,1000
28564,0.000948737,0.948737,1000
28565,0.005075959,5.075959,1000
28566,0.00081102,0.81102,1000
28567,0.000630979,0.630979,1000
28568,0.000648632,0.648632,1000
28569,0.000818134,0.818134,1000
28570,0.00115358,1.15358,1000
28571,0.004532438,4.532438,1000
28572,0.001195004,1.195004,1000
28573,0.006181474,6.181474,1000
28574,0.000825966,0.825966,1000
28575,0.000767017,0.767017,1000
28576,0.020741497,20.741497,1000
28577,0.001014983,1.014983,1000
28578,0.000926543,0.926543,1000
28579,0.000820665,0.820665,1000
28580,0.000938273,0.938273,1000
28581,0.000623126,0.623126,1000
28582,0.00061064,0.61064,1000
28583,0.003378868,3.378868,1000
28584,0.325446284,325.446284,1000
28585,0.00103168,1.03168,1000
28587,0.001318449,1.318449,1000
28588,0.000858413,0.858413,1000
28589,0.000795063,0.795063,1000
28590,0.007627645,7.627645,1000
28591,0.00156996,1.56996,1000
28592,0.008237294,8.237294,1000
28593,0.001090424,1.090424,1000
28594,0.001121735,1.121735,1000
28595,0.001090424,1.090424,1000
28596,0.000755839,0.755839,1000
28597,0.001209746,1.209746,1000
28598,0.003709637,3.709637,1000
28599,0.000833075,0.833075,1000
28600,0.000783777,0.783777,1000
28601,0.00077831,0.77831,1000
28602,0.004372774,4.372774,1000
28603,0.000403994,0.403994,1000
28604,0.000632776,0.632776,1000
28605,0.098049842,98.049842,1000
28606,0.178581407,178.581407,1000
28607,0.008110279,8.110279,1000
28608,0.004236816,4.236816,1000
28609,0.002942267,2.942267,1000
28610,0.001274772,1.274772,1000
28611,0.000911357,0.911357,1000
28612,0.000987802,0.987802,1000
28613,0.000808982,0.808982,1000
28614,0.001520309,1.520309,1000
28615,0.002971613,2.971613,1000
28616,0.000290868,0.290868,1000
28617,0.001081154,1.081154,1000
28618,0.001075103,1.075103,1000
28619,0.002262095,2.262095,1000
28620,0.00074668,0.74668,1000
28621,0.001198754,1.198754,1000
28622,0.001188151,1.188151,1000
28623,0.000966657,0.966657,1000
28624,0.001062519,1.062519,1000
28625,0.001042817,1.042817,1000
28626,0.001756271,1.756271,1000
28627,0.001212189,1.212189,1000
28628,0.595286263,595.286263,1000
28629,0.001554702,1.554702,1000
28630,0.001480195,1.480195,1000
28631,0.001851612,1.851612,1000
28632,0.001042288,1.042288,1000
28633,0.001140977,1.140977,1000
28634,0.000752523,0.752523,1000
28635,0.007966825,7.966825,1000
28636,0.001275779,1.275779,1000
28637,0.000664322,0.664322,1000
28638,0.000829444,0.829444,1000
28639,0.003050229,3.050229,1000
28640,0.000735295,0.735295,1000
28641,0.000929983,0.929983,1000
28642,0.013247385,13.247385,1000
28643,0.001264126,1.264126,1000
28644,0.001315421,1.315421,1000
28645,0.020732231,20.732231,1000
28646,0.002579226,2.579226,1000
28647,0.001784169,1.784169,1000
28648,0.00155807,1.55807,1000
28649,0.00233976,2.33976,1000
28650,0.001218698,1.218698,1000
28651,0.000843199,0.843199,1000
28652,0.000790679,0.790679,1000
28653,0.00158078,1.58078,1000
28654,0.008109907,8.109907,1000
28655,0.000803118,0.803118,1000
28656,0.000782595,0.782595,1000
28657,0.000945784,0.945784,1000
28658,0.000811631,0.811631,1000
28659,0.019437495,19.437495,1000
28660,0.001046821,1.046821,1000
28661,0.00103168,1.03168,1000
28662,0.00296018,2.96018,1000
28663,0.001042957,1.042957,1000
28664,0.00676999,6.76999,1000
28665,0.001204615,1.204615,1000
28666,0.000867761,0.867761,1000
28667,0.001402239,1.402239,1000
28668,0.000817766,0.817766,1000
28669,0.000633664,0.633664,1000
28670,0.000594727,0.594727,1000
28671,0.001062519,1.062519,1000
28672,0.00098284,0.98284,1000
28673,0.00102778,1.02778,1000
28674,0.000826121,0.826121,1000
28675,0.00092055,0.92055,1000
28676,0.000770267,0.770267,1000
28677,0.001732138,1.732138,1000
28678,0.001097456,1.097456,1000
28679,0.001000923,1.000923,1000
28680,0.00081312,0.81312,1000
28681,0.001069915,1.069915,1000
28682,0.002052067,2.052067,1000
28683,0.009402271,9.402271,1000
28684,0.001331581,1.331581,1000
28685,0.000382904,0.382904,1000
28686,0.001071083,1.071083,1000
28687,0.001255565,1.255565,1000
28688,0.000758292,0.758292,1000
28689,0.00079155,0.79155,1000
28690,0.001503972,1.503972,1000
28691,0.000933168,0.933168,1000
28692,0.001057,1.057,1000
28693,0.000628684,0.628684,1000
28694,0.000661006,0.661006,1000
28695,0.004747272,4.747272,1000
28696,0.001019569,1.019569,1000
28697,0.00079241,0.79241,1000
28699,0.00080363,0.80363,1000
28700,0.000870231,0.870231,1000
28701,0.001597442,1.597442,1000
28702,0.000717461,0.717461,1000
28703,0.001134919,1.134919,1000
28704,0.000514313,0.514313,1000
28705,0.0013029,1.3029,1000
28706,0.000756845,0.756845,1000
28707,0.001340132,1.340132,1000
28708,0.00194825,1.94825,1000
28709,0.001113233,1.113233,1000
28710,0.000821737,0.821737,1000
28711,0.000677761,0.677761,1000
28712,0.000782566,0.782566,1000
28713,0.001309063,1.309063,1000
28714,0.002049019,2.049019,1000
28715,0.000776314,0.776314,1000
28716,0.001323599,1.323599,1000
28717,0.000521799,0.521799,1000
28718,0.000813272,0.813272,1000
28719,0.000830713,0.830713,1000
28720,0.000899862,0.899862,1000
28721,0.001147967,1.147967,1000
28722,0.000811124,0.811124,1000
28723,0.000808199,0.808199,1000
28724,0.000666653,0.666653,1000
28725,0.001037288,1.037288,1000
28726,0.000715231,0.715231,1000
28727,0.000591433,0.591433,1000
28728,0.001144711,1.144711,1000
28729,0.000618921,0.618921,1000
28730,0.000910993,0.910993,1000
28731,0.001429148,1.429148,1000
28732,0.000858999,0.858999,1000
28733,0.000825418,0.825418,1000
28734,0.000891118,0.891118,1000
28735,0.000770947,0.770947,1000
28736,0.000642825,0.642825,1000
28737,0.00084734,0.84734,1000
28738,0.000889269,0.889269,1000
28739,0.000988118,0.988118,1000
28740,0.000752998,0.752998,1000
28741,0.000874402,0.874402,1000
28742,0.000829814,0.829814,1000
28743,0.001913041,1.913041,1000
28744,0.000813345,0.813345,1000
28745,0.000601396,0.601396,1000
28746,0.001042288,1.042288,1000
28747,0.001062519,1.062519,1000
28748,0.001385415,1.385415,1000
28749,0.001150036,1.150036,1000
28750,0.001050472,1.050472,1000
28751,0.0008211,0.8211,1000
28752,0.000825966,0.825966,1000
28753,0.000855331,0.855331,1000
28754,0.001277112,1.277112,1000
28755,0.00116422,1.16422,1000
28756,0.000420883,0.420883,1000
28757,0.001014983,1.014983,1000
28758,0.000923568,0.923568,1000
28759,0.001116755,1.116755,1000
28760,0.001585913,1.585913,1000
28761,0.000592965,0.592965,1000
28762,0.000712731,0.712731,1000
28763,0.000987696,0.987696,1000
28764,0.001071083,1.071083,1000
28765,0.01533755,15.33755,1000
28766,0.00089218,0.89218,1000
28767,0.000996582,0.996582,1000
28768,0.000673245,0.673245,1000
28769,0.001284044,1.284044,1000
28770,0.00067444,0.67444,1000
28771,0.000482447,0.482447,1000
28772,0.001483455,1.483455,1000
28773,0.000993124,0.993124,1000
28774,0.000696674,0.696674,1000
28775,0.019955292,19.955292,1000
28776,0.005568581,5.568581,1000
28777,0.00067115,0.67115,1000
28778,0.000960622,0.960622,1000
28779,0.001054807,1.054807,1000
28780,0.001062519,1.062519,1000
28781,0.001382519,1.382519,1000
28782,0.00746378,7.46378,1000
28783,0.001205656,1.205656,1000
28784,0.000700993,0.700993,1000
28785,0.000458958,0.458958,1000
28786,0.000954733,0.954733,1000
28787,0.006679266,6.679266,1000
28788,0.00101072,1.01072,1000
28789,0.000735352,0.735352,1000
28790,0.000953545,0.953545,1000
28791,0.001352938,1.352938,1000
28792,0.001023921,1.023921,1000
28793,0.00115149,1.15149,1000
28794,0.001997523,1.997523,1000
28795,0.001223823,1.223823,1000
28796,0.002073676,2.073676,1000
28797,0.002082462,2.082462,1000
28798,0.000819287,0.819287,1000
28799,0.000780725,0.780725,1000
28800,0.001390991,1.390991,1000
28801,0.0015091,1.5091,1000
28802,0.000841896,0.841896,1000
28803,0.001915526,1.915526,1000
28804,0.001385374,1.385374,1000
28805,0.064580577,64.580577,1000
28806,0.000860984,0.860984,1000
28807,0.001641308,1.641308,1000
28808,0.000319025,0.319025,1000
28809,0.001084252,1.084252,1000
28810,0.001104485,1.104485,1000
28811,0.001147967,1.147967,1000
28812,0.000953112,0.953112,1000
28813,0.000370016,0.370016,1000
28814,0.003721566,3.721566,1000
28815,0.001347779,1.347779,1000
28816,0.586244342,586.244342,1000
28817,0.00043667,0.43667,1000
28818,0.001385415,1.385415,1000
28819,0.194588522,194.588522,1000
28820,0.02571044,25.71044,1000
28821,0.00103168,1.03168,1000
28822,0.00291963,2.91963,1000
28823,0.003478537,3.478537,1000
28824,0.000801467,0.801467,1000
28825,0.000968191,0.968191,1000
28826,0.00178529,1.78529,1000
28827,0.001062569,1.062569,1000
28828,0.002777287,2.777287,1000
28829,0.001042979,1.042979,1000
28830,0.001138727,1.138727,1000
28831,0.000761668,0.761668,1000
28832,0.003183806,3.183806,1000
28833,0.000781718,0.781718,1000
28834,0.000911857,0.911857,1000
28835,0.001402326,1.402326,1000
28836,0.001044721,1.044721,1000
28837,0.003238597,3.238597,1000
28838,0.001525312,1.525312,1000
28839,0.00084333,0.84333,1000
28840,0.001187942,1.187942,1000
28841,0.0006712,0.6712,1000
28842,0.005862977,5.862977,1000
28843,0.002366675,2.366675,1000
28844,0.000880245,0.880245,1000
28845,0.00160466,1.60466,1000
28846,0.000624053,0.624053,1000
28847,0.000409183,0.409183,1000
28848,0.000783558,0.783558,1000
28849,0.001483479,1.483479,1000
28850,0.000884221,0.884221,1000
28851,0.00064137,0.64137,1000
28852,0.055283567,55.283567,1000
28853,0.001062502,1.062502,1000
28854,0.001276222,1.276222,1000
28855,0.00057918,0.57918,1000
28856,0.000916986,0.916986,1000
28857,0.000756648,0.756648,1000
28858,0.000993186,0.993186,1000
28859,0.00294391,2.94391,1000
28860,0.002889166,2.889166,1000
28861,0.011544339,11.544339,1000
28862,0.001520309,1.520309,1000
28863,0.00072352,0.72352,1000
28864,0.000615981,0.615981,1000
28865,0.000688815,0.688815,1000
28866,0.002057912,2.057912,1000
28867,0.001557979,1.557979,1000
28868,0.004486039,4.486039,1000
28869,0.000856033,0.856033,1000
28870,0.002431777,2.431777,1000
28871,0.000984902,0.984902,1000
28872,0.034414731,34.414731,1000
28873,0.001085618,1.085618,1000
28874,0.001466453,1.466453,1000
28875,0.000832831,0.832831,1000
28876,0.001604209,1.604209,1000
28877,0.001351744,1.351744,1000
28878,0.001116606,1.116606,1000
28879,0.001006227,1.006227,1000
28880,0.001010701,1.010701,1000
28881,0.001038236,1.038236,1000
28882,0.000705068,0.705068,1000
28883,0.000928756,0.928756,1000
28884,0.000578255,0.578255,1000
28885,0.066664152,66.664152,1000
28886,0.002908173,2.908173,1000
28887,0.000865879,0.865879,1000
28888,0.000783699,0.783699,1000
28889,0.001044721,1.044721,1000
28890,0.000585728,0.585728,1000
28891,0.000644625,0.644625,1000
28892,0.00115778,1.15778,1000
28893,0.000564614,0.564614,1000
28894,0.019337748,19.337748,1000
28895,0.000774383,0.774383,1000
28896,0.000910675,0.910675,1000
28897,0.001034277,1.034277,1000
28898,0.00072602,0.72602,1000
28899,0.000890519,0.890519,1000
28900,0.00184464,1.84464,1000
28901,0.001042957,1.042957,1000
28902,0.016468452,16.468452,1000
28903,0.000989089,0.989089,1000
28904,0.001217381,1.217381,1000
28905,0.001062541,1.062541,1000
28906,0.001070445,1.070445,1000
28907,0.000878349,0.878349,1000
28908,0.004006489,4.006489,1000
28909,0.000920538,0.920538,1000
28910,0.008355912,8.355912,1000
28911,0.003317962,3.317962,1000
28912,0.007224026,7.224026,1000
28913,0.001838198,1.838198,1000
28914,0.001021119,1.021119,1000
28915,0.001006227,1.006227,1000
28916,0.058299175,58.299175,1000
28917,0.001351925,1.351925,1000
28918,0.008180047,8.180047,1000
28919,0.001062502,1.062502,1000
28920,0.000632985,0.632985,1000
28921,0.325488299,325.488299,1000
28922,0.000768637,0.768637,1000
28923,0.001607752,1.607752,1000
28924,0.001488279,1.488279,1000
28925,0.004466252,4.466252,1000
28926,0.001453099,1.453099,1000
28927,0.002081973,2.081973,1000
28928,0.001312558,1.312558,1000
28929,0.056311159,56.311159,1000
28930,0.001349665,1.349665,1000
28931,0.00088787,0.88787,1000
28932,0.000942202,0.942202,1000
28933,0.000622931,0.622931,1000
28934,0.002458656,2.458656,1000
28935,0.004192169,4.192169,1000
28936,0.002855437,2.855437,1000
28937,0.000872497,0.872497,1000
28938,0.004840237,4.840237,1000
28939,0.001042957,1.042957,1000
28940,0.000935513,0.935513,1000
28941,0.001042979,1.042979,1000
28942,0.001356644,1.356644,1000
28943,0.007074635,7.074635,1000
28944,0.001182893,1.182893,1000
28945,0.000578484,0.578484,1000
28946,0.001436572,1.436572,1000
28947,0.001117436,1.117436,1000
28948,0.001062519,1.062519,1000
28949,0.010730419,10.730419,1000
28950,0.001234899,1.234899,1000
28951,0.00138222,1.38222,1000
28952,0.000638596,0.638596,1000
28953,0.001237815,1.237815,1000
28954,0.000993124,0.993124,1000
28955,0.009138018,9.138018,1000
28956,0.001136593,1.136593,1000
28957,0.001700536,1.700536,1000
28958,0.001218698,1.218698,1000
28959,0.001012033,1.012033,1000
28960,0.000689951,0.689951,1000
28961,0.001153677,1.153677,1000
28962,0.000836231,0.836231,1000
28963,0.001613775,1.613775,1000
28964,0.178202612,178.202612,1000
28965,0.006029499,6.029499,1000
28966,0.001001816,1.001816,1000
28967,0.00080002,0.80002,1000
28968,0.009138018,9.138018,1000
28969,0.000817731,0.817731,1000
28970,0.000866613,0.866613,1000
28971,0.000739812,0.739812,1000
28972,0.00284783,2.84783,1000
28973,0.001027484,1.027484,1000
28974,0.000893292,0.893292,1000
28975,0.001713355,1.713355,1000
28976,0.021149874,21.149874,1000
28977,0.001219568,1.219568,1000
28978,0.006663279,6.663279,1000
28979,0.001409474,1.409474,1000
28980,0.006026391,6.026391,1000
28981,0.018948076,18.948076,1000
28982,0.042236817,42.236817,1000
28983,0.001636872,1.636872,1000
28984,0.001633611,1.633611,1000
28985,0.0015091,1.5091,1000
28986,0.001281766,1.281766,1000
28987,0.001029956,1.029956,1000
28988,0.001097456,1.097456,1000
28989,0.011410865,11.410865,1000
28990,0.002153316,2.153316,1000
28991,0.000931615,0.931615,1000
28992,0.00318109,3.18109,1000
28993,0.000665173,0.665173,1000
28994,0.000774441,0.774441,1000
28995,0.000841614,0.841614,1000
28996,0.000397366,0.397366,1000
28997,0.001179871,1.179871,1000
28998,0.000812147,0.812147,1000
28999,0.009398458,9.398458,1000
29000,0.000754004,0.754004,1000
29001,0.000794136,0.794136,1000
29002,0.001149588,1.149588,1000
29003,0.000454679,0.454679,1000
29004,0.00276624,2.76624,1000
29005,0.00104294,1.04294,1000
29006,0.002092223,2.092223,1000
29007,0.004309957,4.309957,1000
29008,0.000826075,0.826075,1000
29009,0.001224298,1.224298,1000
29010,0.000723446,0.723446,1000
29011,0.001520662,1.520662,1000
29012,0.000879095,0.879095,1000
29013,0.000594224,0.594224,1000
29014,0.00110562,1.10562,1000
29015,0.000630621,0.630621,1000
29016,0.017062483,17.062483,1000
29017,0.000785548,0.785548,1000
29018,0.001258003,1.258003,1000
29019,0.000997865,0.997865,1000
29020,0.000995621,0.995621,1000
29021,0.000390205,0.390205,1000
29022,0.00078378,0.78378,1000
29023,0.001081154,1.081154,1000
29024,0.088368778,88.368778,1000
29025,0.00056562,0.56562,1000
29026,0.000720114,0.720114,1000
29027,0.001139001,1.139001,1000
29028,0.005990213,5.990213,1000
29029,0.000461628,0.461628,1000
29030,0.00070427,0.70427,1000
29031,0.001042957,1.042957,1000
29032,0.040296654,40.296654,1000
29033,0.001081154,1.081154,1000
29034,0.00250656,2.50656,1000
29035,0.001011936,1.011936,1000
29036,0.00050916,0.50916,1000
29037,0.000800218,0.800218,1000
29038,0.001107728,1.107728,1000
29039,0.001935033,1.935033,1000
29040,0.001706927,1.706927,1000
29041,0.001023425,1.023425,1000
29043,0.000862423,0.862423,1000
29044,0.003028067,3.028067,1000
29045,0.003678852,3.678852,1000
29046,0.000783777,0.783777,1000
29047,0.001288878,1.288878,1000
29048,0.001130954,1.130954,1000
29049,0.000338594,0.338594,1000
29050,0.06457915,64.57915,1000
29051,0.00123329,1.23329,1000
29052,0.011422898,11.422898,1000
29053,0.001089781,1.089781,1000
29054,0.001071083,1.071083,1000
29055,0.00088381,0.88381,1000
29056,0.018488289,18.488289,1000
29057,0.002870693,2.870693,1000
29058,0.001194237,1.194237,1000
29059,0.000878351,0.878351,1000
29060,0.000954173,0.954173,1000
29061,0.001293661,1.293661,1000
29062,0.000659349,0.659349,1000
29063,0.001043803,1.043803,1000
29064,0.000936688,0.936688,1000
29065,0.000780803,0.780803,1000
29066,0.004612938,4.612938,1000
29067,0.000805051,0.805051,1000
29068,0.002264295,2.264295,1000
29069,0.000759194,0.759194,1000
29070,0.001102105,1.102105,1000
29071,0.001608681,1.608681,1000
29072,0.000953545,0.953545,1000
29073,0.000993186,0.993186,1000
29074,0.001446869,1.446869,1000
29075,0.000868157,0.868157,1000
29076,0.007433401,7.433401,1000
29077,0.0009867,0.9867,1000
29078,0.000830308,0.830308,1000
29079,0.000696841,0.696841,1000
29080,0.001029247,1.029247,1000
29081,0.00105043,1.05043,1000
29082,0.000837146,0.837146,1000
29083,0.00838066,8.38066,1000
29084,0.000474827,0.474827,1000
29085,0.016615961,16.615961,1000
29086,0.001134919,1.134919,1000
29087,0.001004383,1.004383,1000
29088,0.001877587,1.877587,1000
29089,0.001648185,1.648185,1000
29090,0.001044721,1.044721,1000
29091,0.000619186,0.619186,1000
29092,0.000893129,0.893129,1000
29093,0.001153677,1.153677,1000
29094,0.000761378,0.761378,1000
29095,0.000709232,0.709232,1000
29096,0.000878358,0.878358,1000
29097,0.001449421,1.449421,1000
29098,0.000772302,0.772302,1000
29099,0.000876306,0.876306,1000
29100,0.000650897,0.650897,1000
29101,0.001556617,1.556617,1000
29102,0.000850004,0.850004,1000
29103,0.000969481,0.969481,1000
29104,0.000602491,0.602491,1000
29105,0.001545753,1.545753,1000
29106,0.000729526,0.729526,1000
29107,0.001541974,1.541974,1000
29108,0.001687753,1.687753,1000
29109,0.000722496,0.722496,1000
29110,0.000731887,0.731887,1000
29111,0.001593884,1.593884,1000
29112,0.000777876,0.777876,1000
29113,0.001634065,1.634065,1000
29114,0.001155124,1.155124,1000
29115,0.001062569,1.062569,1000
29116,0.00112596,1.12596,1000
29117,0.000760712,0.760712,1000
29118,0.000649732,0.649732,1000
29119,0.009799569,9.799569,1000
29120,0.001324896,1.324896,1000
29121,0.000706673,0.706673,1000
29122,0.001443103,1.443103,1000
29123,0.001858951,1.858951,1000
29124,0.008025962,8.025962,1000
29125,0.000919593,0.919593,1000
29126,0.00359732,3.59732,1000
29127,0.001040251,1.040251,1000
29128,0.001900635,1.900635,1000
29129,0.001513667,1.513667,1000
29130,0.001152443,1.152443,1000
29131,0.002138516,2.138516,1000
29132,0.001158836,1.158836,1000
29133,0.00272224,2.72224,1000
29134,0.000988925,0.988925,1000
29135,0.001121216,1.121216,1000
29136,0.000740361,0.740361,1000
29137,0.00071306,0.71306,1000
29138,0.002700787,2.700787,1000
29139,0.000791241,0.791241,1000
29140,0.001019764,1.019764,1000
29141,0.00105015,1.05015,1000
29142,0.00145832,1.45832,1000
29143,0.001167489,1.167489,1000
29144,0.19459321,194.59321,1000
29145,0.000633851,0.633851,1000
29146,0.885248374,885.248374,1000
29147,0.001623754,1.623754,1000
29148,0.00047881,0.47881,1000
29149,0.001700378,1.700378,1000
29150,0.000932664,0.932664,1000
29151,0.000734518,0.734518,1000
29152,0.016460973,16.460973,1000
29153,0.000885886,0.885886,1000
29154,0.003007915,3.007915,1000
29155,0.000521851,0.521851,1000
29156,0.000753543,0.753543,1000
29157,0.001290692,1.290692,1000
29158,0.000825966,0.825966,1000
29159,0.002744273,2.744273,1000
29160,0.000988925,0.988925,1000
29161,0.000988925,0.988925,1000
29162,0.00060201,0.60201,1000
29163,0.000823298,0.823298,1000
29164,0.008109018,8.109018,1000
29165,0.000903933,0.903933,1000
29166,0.000949371,0.949371,1000
29167,0.000496122,0.496122,1000
29168,0.002841902,2.841902,1000
29169,0.000999257,0.999257,1000
29170,0.000703796,0.703796,1000
29171,0.001042957,1.042957,1000
29172,0.009745131,9.745131,1000
29173,0.000981935,0.981935,1000
29174,0.002003606,2.003606,1000
29175,0.002064873,2.064873,1000
29176,0.00299343,2.99343,1000
29177,0.002683783,2.683783,1000
29178,0.001054734,1.054734,1000
29179,0.000832612,0.832612,1000
29180,0.001845065,1.845065,1000
29181,0.003015343,3.015343,1000
29182,0.000763244,0.763244,1000
29183,0.000783777,0.783777,1000
29184,0.000776548,0.776548,1000
29185,0.001330889,1.330889,1000
29186,0.00069308,0.69308,1000
29187,0.001441638,1.441638,1000
29188,0.00162086,1.62086,1000
29189,0.001125294,1.125294,1000
29190,0.00028088,0.28088,1000
29191,0.000703273,0.703273,1000
29192,0.000352931,0.352931,1000
29193,0.001442152,1.442152,1000
29194,0.000691463,0.691463,1000
29195,0.000788148,0.788148,1000
29196,0.000857393,0.857393,1000
29197,0.000549019,0.549019,1000
29198,0.001236829,1.236829,1000
29199,0.000772382,0.772382,1000
29200,0.0006633,0.6633,1000
29201,0.001190686,1.190686,1000
29202,0.000769403,0.769403,1000
29203,0.007982454,7.982454,1000
29204,0.007277863,7.277863,1000
29205,0.003297903,3.297903,1000
29206,0.015905869,15.905869,1000
29207,0.003139299,3.139299,1000
29208,0.000751557,0.751557,1000
29209,0.000753415,0.753415,1000
29210,0.00097224,0.97224,1000
29211,0.007936815,7.936815,1000
29212,0.001367015,1.367015,1000
29213,0.002982085,2.982085,1000
29214,0.000707662,0.707662,1000
29215,0.000783777,0.783777,1000
29216,0.001062167,1.062167,1000
29217,0.001178837,1.178837,1000
29218,0.004916004,4.916004,1000
29219,0.002970522,2.970522,1000
29220,0.00132985,1.32985,1000
29221,0.00098092,0.98092,1000
29222,0.05629699,56.29699,1000
29223,0.00125593,1.25593,1000
29224,0.001124756,1.124756,1000
29225,0.000811877,0.811877,1000
29226,0.000645697,0.645697,1000
29227,0.000815736,0.815736,1000
29228,0.001046372,1.046372,1000
29229,0.009865597,9.865597,1000
29230,0.001542492,1.542492,1000
29231,0.001234523,1.234523,1000
29232,0.001512946,1.512946,1000
29233,0.178500583,178.500583,1000
29234,0.001059653,1.059653,1000
29235,0.000813083,0.813083,1000
29236,0.003203772,3.203772,1000
29237,0.00137604,1.37604,1000
29238,0.000989403,0.989403,1000
29239,0.000746027,0.746027,1000
29240,0.000715328,0.715328,1000
29241,0.001104592,1.104592,1000
29242,0.001168939,1.168939,1000
29243,0.000423354,0.423354,1000
29244,0.000922749,0.922749,1000
29245,0.00128674,1.28674,1000
29246,0.000869052,0.869052,1000
29247,0.001848487,1.848487,1000
29248,0.021933365,21.933365,1000
29249,0.001664043,1.664043,1000
29250,0.001011936,1.011936,1000
29251,0.001011936,1.011936,1000
29252,0.00272616,2.72616,1000
29253,0.002288453,2.288453,1000
29254,0.001622287,1.622287,1000
29255,0.001368063,1.368063,1000
29256,0.001457786,1.457786,1000
29257,0.001828348,1.828348,1000
29258,0.001278189,1.278189,1000
29259,0.010562559,10.562559,1000
29260,0.001071083,1.071083,1000
29261,0.003215602,3.215602,1000
29262,0.001010071,1.010071,1000
29263,0.001179788,1.179788,1000
29264,0.005950017,5.950017,1000
29265,0.00078685,0.78685,1000
29266,0.001593884,1.593884,1000
29267,0.000645707,0.645707,1000
29268,0.003300287,3.300287,1000
29269,0.01381271,13.81271,1000
29270,0.00059373,0.59373,1000
29271,0.001595007,1.595007,1000
29272,0.001560292,1.560292,1000
29273,0.004876808,4.876808,1000
29274,0.000892246,0.892246,1000
29275,0.000867362,0.867362,1000
29276,0.001451011,1.451011,1000
29277,0.000854986,0.854986,1000
29278,0.001549829,1.549829,1000
29279,0.001159882,1.159882,1000
29280,0.003224764,3.224764,1000
29281,0.001071105,1.071105,1000
29282,0.000776397,0.776397,1000
29283,0.000982517,0.982517,1000
29284,0.002256655,2.256655,1000
29285,0.000825178,0.825178,1000
29286,0.001079468,1.079468,1000
29287,0.000974394,0.974394,1000
29288,0.001215998,1.215998,1000
29289,0.001057402,1.057402,1000
29290,0.000991236,0.991236,1000
29291,0.000729377,0.729377,1000
29292,0.001352067,1.352067,1000
29293,0.006482354,6.482354,1000
29294,0.001155547,1.155547,1000
29295,0.001600968,1.600968,1000
29296,0.007407209,7.407209,1000
29297,0.001457786,1.457786,1000
29298,0.000832699,0.832699,1000
29299,0.006605509,6.605509,1000
29300,0.040286067,40.286067,1000
29301,0.000858691,0.858691,1000
29302,0.077228781,77.228781,1000
29303,0.000526455,0.526455,1000
29304,0.000799978,0.799978,1000
29305,0.002015224,2.015224,1000
29306,0.001077238,1.077238,1000
29307,0.001005636,1.005636,1000
29308,0.000838582,0.838582,1000
29309,0.010921871,10.921871,1000
29310,0.130018199,130.018199,1000
29311,0.001520388,1.520388,1000
29312,0.000267123,0.267123,1000
29313,0.008061012,8.061012,1000
29314,0.00042552,0.42552,1000
29315,0.001071133,1.071133,1000
29316,0.017523906,17.523906,1000
29317,0.001635309,1.635309,1000
29318,0.000695095,0.695095,1000
29319,0.001024048,1.024048,1000
29320,0.000689853,0.689853,1000
29321,0.000797028,0.797028,1000
29322,0.000908234,0.908234,1000
29323,0.000276128,0.276128,1000
29324,0.00103168,1.03168,1000
29325,0.026802454,26.802454,1000
29326,0.001006227,1.006227,1000
29327,0.001191149,1.191149,1000
29328,0.000848506,0.848506,1000
29329,0.000652859,0.652859,1000
29330,0.000275658,0.275658,1000
29331,0.001155952,1.155952,1000
29332,0.000783777,0.783777,1000
29333,0.001662155,1.662155,1000
29334,0.000747338,0.747338,1000
29335,0.001035948,1.035948,1000
29336,0.000775943,0.775943,1000
29337,0.000885695,0.885695,1000
29338,0.001484882,1.484882,1000
29339,0.001062519,1.062519,1000
29340,0.001208675,1.208675,1000
29341,0.00103168,1.03168,1000
29342,0.001237346,1.237346,1000
29343,0.00605871,6.05871,1000
29344,0.000924355,0.924355,1000
29345,0.00163547,1.63547,1000
29346,0.008903677,8.903677,1000
29347,0.004616424,4.616424,1000
29348,0.013111673,13.111673,1000
29349,0.000914068,0.914068,1000
29350,0.000880718,0.880718,1000
29351,0.001014983,1.014983,1000
29352,0.000819706,0.819706,1000
29353,0.000994179,0.994179,1000
29354,0.000900492,0.900492,1000
29355,0.000998054,0.998054,1000
29356,0.001609087,1.609087,1000
29357,0.000882371,0.882371,1000
29358,0.00114796,1.14796,1000
29359,0.000983879,0.983879,1000
29360,0.00085035,0.85035,1000
29361,0.001062379,1.062379,1000
29362,0.000392011,0.392011,1000
29363,0.000905388,0.905388,1000
29364,0.002670156,2.670156,1000
29365,0.001525076,1.525076,1000
29366,0.00105043,1.05043,1000
29367,0.000849015,0.849015,1000
29368,0.000728251,0.728251,1000
29369,0.000837747,0.837747,1000
29370,0.001150787,1.150787,1000
29371,0.001134926,1.134926,1000
29372,0.000974634,0.974634,1000
29373,0.000783583,0.783583,1000
29374,0.000762943,0.762943,1000
29375,0.211210226,211.210226,1000
29376,0.001302485,1.302485,1000
29377,0.000496456,0.496456,1000
29378,0.000846602,0.846602,1000
29379,0.000389139,0.389139,1000
29380,0.003345399,3.345399,1000
29381,0.015929289,15.929289,1000
29382,0.121500011,121.500011,1000
29383,0.000866259,0.866259,1000
29384,0.001057243,1.057243,1000
29385,0.000982522,0.982522,1000
29386,0.00114722,1.14722,1000
29387,0.001505839,1.505839,1000
29388,0.001071105,1.071105,1000
29389,0.001505839,1.505839,1000
29390,0.001190563,1.190563,1000
29391,0.000964089,0.964089,1000
29392,0.000325239,0.325239,1000
29393,0.001336872,1.336872,1000
29394,0.003823859,3.823859,1000
29395,0.001275246,1.275246,1000
29396,0.001042288,1.042288,1000
29397,0.003379687,3.379687,1000
29398,0.000965944,0.965944,1000
29399,0.000854389,0.854389,1000
29400,0.001237242,1.237242,1000
29401,0.001919561,1.919561,1000
29402,0.001143375,1.143375,1000
29403,0.001520493,1.520493,1000
29404,0.001520625,1.520625,1000
29405,0.001028646,1.028646,1000
29406,0.000685968,0.685968,1000
29407,0.001090318,1.090318,1000
29408,0.002718346,2.718346,1000
29409,0.011587287,11.587287,1000
29410,0.00599242,5.99242,1000
29411,0.002196618,2.196618,1000
29412,0.595286263,595.286263,1000
29413,0.001919561,1.919561,1000
29414,0.027538936,27.538936,1000
29415,0.002450583,2.450583,1000
29416,0.001134926,1.134926,1000
29417,0.575790955,575.790955,1000
29418,0.000676353,0.676353,1000
29419,0.003694297,3.694297,1000
29420,0.000832716,0.832716,1000
29421,0.000965633,0.965633,1000
29422,0.001887208,1.887208,1000
29423,0.001010701,1.010701,1000
29424,0.000851314,0.851314,1000
29425,0.003753175,3.753175,1000
29426,0.000965633,0.965633,1000
29427,0.00106201,1.06201,1000
29428,0.00093627,0.93627,1000
29429,0.000964089,0.964089,1000
29430,0.000791342,0.791342,1000
29431,0.001082116,1.082116,1000
29432,0.000868682,0.868682,1000
29433,0.001053149,1.053149,1000
29434,0.010611842,10.611842,1000
29435,0.00062025,0.62025,1000
29436,0.000993186,0.993186,1000
29437,0.001570947,1.570947,1000
29438,0.001509573,1.509573,1000
29439,0.001006227,1.006227,1000
29440,0.00067653,0.67653,1000
29441,0.000855065,0.855065,1000
29442,0.000953485,0.953485,1000
29443,0.0018662,1.8662,1000
29444,0.020093452,20.093452,1000
29445,0.007899621,7.899621,1000
29446,0.000963923,0.963923,1000
29447,0.01701165,17.01165,1000
29448,0.595287691,595.287691,1000
29449,0.000737189,0.737189,1000
29450,0.001175147,1.175147,1000
29451,0.00085756,0.85756,1000
29452,0.000839064,0.839064,1000
29453,0.003706191,3.706191,1000
29454,0.003335522,3.335522,1000
29455,0.026647246,26.647246,1000
29456,0.00072039,0.72039,1000
29457,0.000956262,0.956262,1000
29458,0.000798549,0.798549,1000
29459,0.000853479,0.853479,1000
29460,0.001011936,1.011936,1000
29461,0.009253517,9.253517,1000
29462,0.000906799,0.906799,1000
29463,0.000872226,0.872226,1000
29464,0.001366454,1.366454,1000
29465,0.000800732,0.800732,1000
29466,0.0006915,0.6915,1000
29467,0.000993124,0.993124,1000
29468,0.00064497,0.64497,1000
29469,0.001042957,1.042957,1000
29470,0.009116888,9.116888,1000
29471,0.000473036,0.473036,1000
29472,0.000607279,0.607279,1000
29473,0.000664006,0.664006,1000
29474,0.001612347,1.612347,1000
29475,0.000937311,0.937311,1000
29476,0.008971588,8.971588,1000
29477,0.001206595,1.206595,1000
29478,0.001000921,1.000921,1000
29479,0.001320475,1.320475,1000
29480,0.005513804,5.513804,1000
29481,0.000802542,0.802542,1000
29482,0.001656285,1.656285,1000
29483,0.000321824,0.321824,1000
29484,0.001041789,1.041789,1000
29485,0.000937243,0.937243,1000
29486,0.001892384,1.892384,1000
29487,0.000924141,0.924141,1000
29488,0.041002465,41.002465,1000
29489,0.003899786,3.899786,1000
29490,0.008166994,8.166994,1000
29491,0.00142383,1.42383,1000
29492,0.000668881,0.668881,1000
29493,0.001399749,1.399749,1000
29494,0.028376072,28.376072,1000
29495,0.000887444,0.887444,1000
29496,0.004608413,4.608413,1000
29497,0.001027194,1.027194,1000
29498,0.000937243,0.937243,1000
29499,0.000863715,0.863715,1000
29500,0.00114761,1.14761,1000
29501,0.000515464,0.515464,1000
29502,0.000712406,0.712406,1000
29503,0.001167729,1.167729,1000
29504,0.000994882,0.994882,1000
29505,0.00074521,0.74521,1000
29506,0.007036235,7.036235,1000
29507,0.00220774,2.20774,1000
29508,0.000947518,0.947518,1000
29509,0.001206464,1.206464,1000
29510,0.000783777,0.783777,1000
29511,0.000993818,0.993818,1000
29512,0.003758426,3.758426,1000
29513,0.001044721,1.044721,1000
29514,0.075331792,75.331792,1000
29515,0.000822686,0.822686,1000
29516,0.210978938,210.978938,1000
29517,0.005255011,5.255011,1000
29518,0.001119846,1.119846,1000
29519,0.003063836,3.063836,1000
29520,0.003015205,3.015205,1000
29521,0.001077038,1.077038,1000
29522,0.000723396,0.723396,1000
29523,0.005789498,5.789498,1000
29524,0.001141219,1.141219,1000
29525,0.000911045,0.911045,1000
29526,0.00478391,4.78391,1000
29527,0.027023865,27.023865,1000
29528,0.000783777,0.783777,1000
29529,0.001104592,1.104592,1000
29530,0.003252892,3.252892,1000
29531,0.000944475,0.944475,1000
29532,0.000788081,0.788081,1000
29533,0.000878084,0.878084,1000
29534,0.000783777,0.783777,1000
29535,0.00101989,1.01989,1000
29536,0.001248381,1.248381,1000
29537,0.000724495,0.724495,1000
29538,0.001493331,1.493331,1000
29539,0.000963771,0.963771,1000
29540,0.178220764,178.220764,1000
29541,0.000902462,0.902462,1000
29542,0.000912598,0.912598,1000
29543,0.000965246,0.965246,1000
29544,0.001042957,1.042957,1000
29545,0.001071133,1.071133,1000
29546,0.000988469,0.988469,1000
29547,0.000800291,0.800291,1000
29548,0.000890369,0.890369,1000
29549,0.06457589,64.57589,1000
29550,0.000666941,0.666941,1000
29551,0.001505839,1.505839,1000
29552,0.001097456,1.097456,1000
29553,0.001046256,1.046256,1000
29554,0.001376162,1.376162,1000
29555,0.000507959,0.507959,1000
29556,0.001147967,1.147967,1000
29557,0.002916299,2.916299,1000
29558,0.000990922,0.990922,1000
29559,0.00758026,7.58026,1000
29560,0.001335504,1.335504,1000
29561,0.00138101,1.38101,1000
29562,0.000775947,0.775947,1000
29563,0.004435729,4.435729,1000
29564,0.000615929,0.615929,1000
29565,0.000362461,0.362461,1000
29566,0.001510527,1.510527,1000
29567,0.001122278,1.122278,1000
29568,0.000937371,0.937371,1000
29569,0.001042979,1.042979,1000
29570,0.00110326,1.10326,1000
29571,0.00819161,8.19161,1000
29572,0.001211952,1.211952,1000
29573,0.000993186,0.993186,1000
29574,0.000907395,0.907395,1000
29575,0.000963771,0.963771,1000
29576,0.001130179,1.130179,1000
29577,0.000926543,0.926543,1000
29578,0.000712693,0.712693,1000
29579,0.001002902,1.002902,1000
29580,0.000565747,0.565747,1000
29581,0.000728116,0.728116,1000
29582,0.005587896,5.587896,1000
29583,0.070350605,70.350605,1000
29584,0.283925079,283.925079,1000
29585,0.001202164,1.202164,1000
29586,0.00104294,1.04294,1000
29587,0.075651797,75.651797,1000
29588,0.121162975,121.162975,1000
29589,0.001151,1.151,1000
29590,0.001155023,1.155023,1000
29591,0.000857393,0.857393,1000
29592,0.002492247,2.492247,1000
29593,0.000884281,0.884281,1000
29594,0.06457915,64.57915,1000
29595,0.004297739,4.297739,1000
29596,0.211060955,211.060955,1000
29597,0.001993954,1.993954,1000
29598,0.075353098,75.353098,1000
29599,0.056441319,56.441319,1000
29600,0.000823207,0.823207,1000
29601,0.026681305,26.681305,1000
29602,0.149435986,149.435986,1000
29603,0.001061881,1.061881,1000
29604,0.040245549,40.245549,1000
29605,0.027420901,27.420901,1000
29606,0.075096481,75.096481,1000
29607,0.026959162,26.959162,1000
29608,0.000622588,0.622588,1000
29609,0.000572386,0.572386,1000
29610,0.002791927,2.791927,1000
29611,0.056233503,56.233503,1000
29612,0.001293027,1.293027,1000
29613,0.000743079,0.743079,1000
29614,0.001553378,1.553378,1000
29615,0.000791792,0.791792,1000
29616,0.001601399,1.601399,1000
29617,0.003905803,3.905803,1000
29618,0.002999055,2.999055,1000
29619,0.002133826,2.133826,1000
29620,0.024666899,24.666899,1000
29621,0.000648765,0.648765,1000
29622,0.000925041,0.925041,1000
29623,0.003704552,3.704552,1000
29624,0.003972274,3.972274,1000
29625,0.000897099,0.897099,1000
29626,0.097938111,97.938111,1000
29627,0.002025199,2.025199,1000
29628,0.009695158,9.695158,1000
29629,0.003161043,3.161043,1000
29630,0.000731241,0.731241,1000
29631,0.002538376,2.538376,1000
29632,0.001218698,1.218698,1000
29633,0.002113949,2.113949,1000
29634,0.000724798,0.724798,1000
29635,0.000785554,0.785554,1000
29636,0.016898606,16.898606,1000
29637,0.008135469,8.135469,1000
29638,0.039954341,39.954341,1000
29639,0.008319062,8.319062,1000
29640,0.015896305,15.896305,1000
29641,0.040041726,40.041726,1000
29642,0.026683266,26.683266,1000
29643,0.000959617,0.959617,1000
29644,0.04046138,40.46138,1000
29645,0.000790247,0.790247,1000
29646,0.075392971,75.392971,1000
29647,0.026775975,26.775975,1000
29648,0.056270324,56.270324,1000
29649,0.040272778,40.272778,1000
29650,0.015882357,15.882357,1000
29651,0.075529512,75.529512,1000
29652,0.000890818,0.890818,1000
29653,0.000330485,0.330485,1000
29654,0.001066967,1.066967,1000
29655,0.001042817,1.042817,1000
29656,0.000948554,0.948554,1000
29657,0.009914085,9.914085,1000
29658,0.000378594,0.378594,1000
29659,0.000645702,0.645702,1000
29660,0.000722211,0.722211,1000
29661,0.007562242,7.562242,1000
29662,0.002936558,2.936558,1000
29663,0.000937371,0.937371,1000
29664,0.000918017,0.918017,1000
29665,0.000731498,0.731498,1000
29666,0.000649079,0.649079,1000
29667,0.008113323,8.113323,1000
29668,0.000993186,0.993186,1000
29669,0.000979319,0.979319,1000
29670,0.040283042,40.283042,1000
29671,0.000396126,0.396126,1000
29672,0.001044721,1.044721,1000
29673,0.008183557,8.183557,1000
29674,0.006860302,6.860302,1000
29675,0.000923802,0.923802,1000
29676,0.000653728,0.653728,1000
29677,0.02831056,28.31056,1000
29678,0.00123555,1.23555,1000
29679,0.006983711,6.983711,1000
29680,0.000739523,0.739523,1000
29681,0.000884201,0.884201,1000
29682,0.000719318,0.719318,1000
29683,0.001302088,1.302088,1000
29684,0.000812963,0.812963,1000
29685,0.000760407,0.760407,1000
29686,0.001515547,1.515547,1000
29687,0.056422989,56.422989,1000
29688,0.001042957,1.042957,1000
29689,0.000889811,0.889811,1000
29690,0.000950022,0.950022,1000
29691,0.000824329,0.824329,1000
29692,0.005158323,5.158323,1000
29693,0.025834058,25.834058,1000
29694,0.00113116,1.13116,1000
29695,0.016340593,16.340593,1000
29696,0.000897058,0.897058,1000
29697,0.001062379,1.062379,1000
29698,0.000840807,0.840807,1000
29699,0.000687498,0.687498,1000
29700,0.018931105,18.931105,1000
29701,0.000598269,0.598269,1000
29702,0.00090997,0.90997,1000
29703,0.049196292,49.196292,1000
29704,0.000787257,0.787257,1000
29705,0.000915452,0.915452,1000
29706,0.001423939,1.423939,1000
29707,0.013611929,13.611929,1000
29708,0.00103168,1.03168,1000
29709,0.000374064,0.374064,1000
29710,0.001026865,1.026865,1000
29711,0.001150319,1.150319,1000
29712,0.008285072,8.285072,1000
29713,0.001171504,1.171504,1000
29714,0.008641104,8.641104,1000
29715,0.001062502,1.062502,1000
29716,0.003421275,3.421275,1000
29717,0.000575393,0.575393,1000
29718,0.001182985,1.182985,1000
29720,0.001442835,1.442835,1000
29721,0.008208071,8.208071,1000
29722,0.006596938,6.596938,1000
29723,0.01608439,16.08439,1000
29724,0.008960438,8.960438,1000
29725,0.001063125,1.063125,1000
29726,0.00115367,1.15367,1000
29727,0.002791254,2.791254,1000
29728,0.142030664,142.030664,1000
29729,0.000509287,0.509287,1000
29730,0.00056741,0.56741,1000
29731,0.001510527,1.510527,1000
29732,0.001173435,1.173435,1000
29733,0.00306334,3.06334,1000
29734,0.000906799,0.906799,1000
29735,0.000958602,0.958602,1000
29736,0.001256984,1.256984,1000
29737,0.000741178,0.741178,1000
29738,0.000617489,0.617489,1000
29739,0.001232437,1.232437,1000
29740,0.00111042,1.11042,1000
29741,0.000765083,0.765083,1000
29742,0.000813896,0.813896,1000
29743,0.002851809,2.851809,1000
29744,0.00051274,0.51274,1000
29745,0.001029247,1.029247,1000
29746,0.000551658,0.551658,1000
29747,0.000818475,0.818475,1000
29748,0.001081154,1.081154,1000
29749,0.000846181,0.846181,1000
29750,0.000948554,0.948554,1000
29751,0.000642788,0.642788,1000
29752,0.00077595,0.77595,1000
29753,0.000957725,0.957725,1000
29754,0.000825966,0.825966,1000
29755,0.000340325,0.340325,1000
29756,0.008826427,8.826427,1000
29757,0.000790084,0.790084,1000
29758,0.000825966,0.825966,1000
29759,0.00115367,1.15367,1000
29760,0.001152443,1.152443,1000
29761,0.000890726,0.890726,1000
29762,0.000816593,0.816593,1000
29763,0.001015581,1.015581,1000
29764,0.000925764,0.925764,1000
29765,0.000606182,0.606182,1000
29766,0.00073009,0.73009,1000
29767,0.000469059,0.469059,1000
29768,0.000574291,0.574291,1000
29769,0.001623754,1.623754,1000
29770,0.000576053,0.576053,1000
29771,0.000672127,0.672127,1000
29772,0.001141219,1.141219,1000
29773,0.000870534,0.870534,1000
29774,0.000741108,0.741108,1000
29775,0.003085651,3.085651,1000
29776,0.000700978,0.700978,1000
29777,0.000886534,0.886534,1000
29778,0.000791674,0.791674,1000
29779,0.000459746,0.459746,1000
29780,0.003188643,3.188643,1000
29781,0.000585696,0.585696,1000
29782,0.002924311,2.924311,1000
29783,0.0158988,15.8988,1000
29784,0.000925768,0.925768,1000
29785,0.001071083,1.071083,1000
29786,0.000845265,0.845265,1000
29787,0.001456359,1.456359,1000
29788,0.000938337,0.938337,1000
29789,0.000913202,0.913202,1000
29790,0.000813123,0.813123,1000
29791,0.00110918,1.10918,1000
29792,0.000598251,0.598251,1000
29793,0.001068842,1.068842,1000
29794,0.000313152,0.313152,1000
29795,0.000411985,0.411985,1000
29796,0.002845342,2.845342,1000
29797,0.001244675,1.244675,1000
29798,0.000860604,0.860604,1000
29799,0.001470831,1.470831,1000
29800,0.001094462,1.094462,1000
29801,0.000889012,0.889012,1000
29802,0.017303329,17.303329,1000
29803,0.000906667,0.906667,1000
29804,0.015966451,15.966451,1000
29805,0.000468109,0.468109,1000
29806,0.000712727,0.712727,1000
29807,0.000823273,0.823273,1000
29808,0.007983685,7.983685,1000
29809,0.0005298,0.5298,1000
29810,0.000686094,0.686094,1000
29811,0.001576697,1.576697,1000
29812,0.00068181,0.68181,1000
29813,0.000652387,0.652387,1000
29814,0.000977131,0.977131,1000
29815,0.00034881,0.34881,1000
29816,0.008290386,8.290386,1000
29817,0.001609087,1.609087,1000
29818,0.016093952,16.093952,1000
29819,0.000471101,0.471101,1000
29820,0.001086424,1.086424,1000
29821,0.001011936,1.011936,1000
29822,0.001397387,1.397387,1000
29823,0.001371757,1.371757,1000
29824,0.000844706,0.844706,1000
29825,0.003129621,3.129621,1000
29826,0.010561086,10.561086,1000
29827,0.000978395,0.978395,1000
29828,0.000909341,0.909341,1000
29829,0.002755151,2.755151,1000
29830,0.000818454,0.818454,1000
29831,0.000280283,0.280283,1000
29832,0.003030415,3.030415,1000
29833,0.001288851,1.288851,1000
29834,0.001335724,1.335724,1000
29835,0.001483479,1.483479,1000
29836,0.000545887,0.545887,1000
29837,0.001593884,1.593884,1000
29838,0.001213519,1.213519,1000
29839,0.008242001,8.242001,1000
29840,0.015952084,15.952084,1000
29841,0.000903615,0.903615,1000
29842,0.001360973,1.360973,1000
29843,0.000587272,0.587272,1000
29844,0.000547396,0.547396,1000
29845,0.155828158,155.828158,1000
29846,0.00078368,0.78368,1000
29847,0.000971914,0.971914,1000
29848,0.001330285,1.330285,1000
29849,0.000241575,0.241575,1000
29850,0.003068045,3.068045,1000
29851,0.001331237,1.331237,1000
29852,0.001044721,1.044721,1000
29853,0.00081312,0.81312,1000
29854,0.000886175,0.886175,1000
29855,0.003049958,3.049958,1000
29856,0.000900266,0.900266,1000
29857,0.001355698,1.355698,1000
29858,0.001289992,1.289992,1000
29859,0.00042627,0.42627,1000
29860,0.000638833,0.638833,1000
29861,0.000871469,0.871469,1000
29862,0.000677087,0.677087,1000
29863,0.014414779,14.414779,1000
29864,0.013869153,13.869153,1000
29865,0.001003802,1.003802,1000
29866,0.000674543,0.674543,1000
29867,0.001031994,1.031994,1000
29868,0.001002939,1.002939,1000
29869,0.006360491,6.360491,1000
29870,0.064580577,64.580577,1000
29871,0.022159223,22.159223,1000
29872,0.00524976,5.24976,1000
29873,0.00051762,0.51762,1000
29874,0.015632378,15.632378,1000
29875,0.000567275,0.567275,1000
29876,0.001355012,1.355012,1000
29877,0.007011008,7.011008,1000
29878,0.000995736,0.995736,1000
29879,0.001152272,1.152272,1000
29880,0.002763132,2.763132,1000
29881,0.001250206,1.250206,1000
29882,0.005392615,5.392615,1000
29883,0.001073547,1.073547,1000
29884,0.003228674,3.228674,1000
29885,0.06457915,64.57915,1000
29886,0.001328085,1.328085,1000
29887,0.003301211,3.301211,1000
29888,0.00063919,0.63919,1000
29889,0.001171093,1.171093,1000
29890,0.001158802,1.158802,1000
29891,0.001128554,1.128554,1000
29892,0.008799881,8.799881,1000
29893,0.00125679,1.25679,1000
29894,0.000756694,0.756694,1000
29895,0.001888358,1.888358,1000
29896,0.000650308,0.650308,1000
29897,0.000708425,0.708425,1000
29898,0.000612343,0.612343,1000
29899,0.000855173,0.855173,1000
29900,0.000773467,0.773467,1000
29901,0.001201539,1.201539,1000
29902,0.001749287,1.749287,1000
29903,0.064580577,64.580577,1000
29904,0.000955863,0.955863,1000
29905,0.000571663,0.571663,1000
29906,0.001173275,1.173275,1000
29907,0.000381954,0.381954,1000
29908,0.000910493,0.910493,1000
29909,0.001290059,1.290059,1000
29910,0.000376957,0.376957,1000
29911,0.000742873,0.742873,1000
29912,0.001011936,1.011936,1000
29913,0.000829799,0.829799,1000
29914,0.012957983,12.957983,1000
29915,0.000588505,0.588505,1000
29916,0.000587771,0.587771,1000
29917,0.008638266,8.638266,1000
29918,0.010426663,10.426663,1000
29919,0.000575249,0.575249,1000
29920,0.000845094,0.845094,1000
29921,0.00098063,0.98063,1000
29922,0.001011936,1.011936,1000
29923,0.000772031,0.772031,1000
29924,0.001382576,1.382576,1000
29925,0.000404175,0.404175,1000
29926,0.001184191,1.184191,1000
29927,0.000527761,0.527761,1000
29928,0.001456359,1.456359,1000
29929,0.001018783,1.018783,1000
29930,0.002967768,2.967768,1000
29931,0.003784393,3.784393,1000
29932,0.001864479,1.864479,1000
29933,0.008045726,8.045726,1000
29934,0.008438358,8.438358,1000
29935,0.002160049,2.160049,1000
29936,0.002010817,2.010817,1000
29937,0.00065046,0.65046,1000
29938,0.000311998,0.311998,1000
29939,0.000813406,0.813406,1000
29940,0.000623819,0.623819,1000
29941,0.000911297,0.911297,1000
29942,0.007902997,7.902997,1000
29943,0.000633249,0.633249,1000
29944,0.001108173,1.108173,1000
29945,0.000834175,0.834175,1000
29946,0.00444332,4.44332,1000
29947,0.000753713,0.753713,1000
29948,0.000333439,0.333439,1000
29949,0.000525717,0.525717,1000
29950,0.001309363,1.309363,1000
29951,0.011447679,11.447679,1000
29952,0.001312823,1.312823,1000
29953,0.010788265,10.788265,1000
29954,0.001330889,1.330889,1000
29955,0.000662255,0.662255,1000
29956,0.00149771,1.49771,1000
29957,0.008045625,8.045625,1000
29958,0.000743527,0.743527,1000
29959,0.001102205,1.102205,1000
29960,0.001495111,1.495111,1000
29961,0.000615137,0.615137,1000
29962,0.00105043,1.05043,1000
29963,0.002574021,2.574021,1000
29964,0.000993186,0.993186,1000
29965,0.000904289,0.904289,1000
29966,0.001451724,1.451724,1000
29967,0.000798163,0.798163,1000
29968,0.00049232,0.49232,1000
29969,0.011362656,11.362656,1000
29970,0.001297371,1.297371,1000
29971,0.001179871,1.179871,1000
29972,0.001062519,1.062519,1000
29973,0.000458997,0.458997,1000
29974,0.000858359,0.858359,1000
29975,0.001823648,1.823648,1000
29976,0.000804962,0.804962,1000
29977,0.000739786,0.739786,1000
29978,0.000936925,0.936925,1000
29979,0.000878576,0.878576,1000
29980,0.00035286,0.35286,1000
29981,0.000334284,0.334284,1000
29982,0.000495474,0.495474,1000
29983,0.001445367,1.445367,1000
29984,0.002811261,2.811261,1000
29985,0.001078709,1.078709,1000
29986,0.012560167,12.560167,1000
29987,0.001062502,1.062502,1000
29988,0.00086759,0.86759,1000
29989,0.000806781,0.806781,1000
29990,0.001163697,1.163697,1000
29991,0.000812104,0.812104,1000
29992,0.000810724,0.810724,1000
29993,0.000795935,0.795935,1000
29994,0.001636872,1.636872,1000
29995,0.014873048,14.873048,1000
29996,0.06457915,64.57915,1000
29997,0.000824348,0.824348,1000
29998,0.00068544,0.68544,1000
29999,0.00051718,0.51718,1000
30000,0.001362886,1.362886,1000
30001,0.00144739,1.44739,1000
30002,0.003174314,3.174314,1000
30003,0.001019353,1.019353,1000
30004,0.004700732,4.700732,1000
30005,0.005776891,5.776891,1000
30006,0.003221502,3.221502,1000
30007,0.001435779,1.435779,1000
30008,0.000681645,0.681645,1000
30009,0.001335576,1.335576,1000
30010,0.000978424,0.978424,1000
30011,0.018137966,18.137966,1000
30012,0.000825966,0.825966,1000
30014,0.001190254,1.190254,1000
30015,0.000756269,0.756269,1000
30016,0.000940285,0.940285,1000
30017,0.000704471,0.704471,1000
30018,0.025588087,25.588087,1000
30019,0.000790247,0.790247,1000
30020,0.001523885,1.523885,1000
30021,0.001521631,1.521631,1000
30022,0.000783777,0.783777,1000
30023,0.000946922,0.946922,1000
30024,0.008251996,8.251996,1000
30025,0.000773922,0.773922,1000
30026,0.00232797,2.32797,1000
30027,0.00084179,0.84179,1000
30028,0.000600838,0.600838,1000
30029,0.001050346,1.050346,1000
30030,0.000513942,0.513942,1000
30031,0.000606964,0.606964,1000
30032,0.001360995,1.360995,1000
30033,0.026682669,26.682669,1000
30034,0.000815636,0.815636,1000
30035,0.000857397,0.857397,1000
30036,0.001384701,1.384701,1000
30037,0.000935515,0.935515,1000
30038,0.00126022,1.26022,1000
30039,0.001042979,1.042979,1000
30040,0.005181082,5.181082,1000
30041,0.002063223,2.063223,1000
30042,0.000955993,0.955993,1000
30043,0.000546083,0.546083,1000
30044,0.000642191,0.642191,1000
30045,0.001629378,1.629378,1000
30046,0.000788318,0.788318,1000
30047,0.001348385,1.348385,1000
30048,0.016422509,16.422509,1000
30049,0.052925374,52.925374,1000
30050,0.001011874,1.011874,1000
30051,0.001062569,1.062569,1000
30052,0.001158166,1.158166,1000
30053,0.000762421,0.762421,1000
30054,0.000583329,0.583329,1000
30055,0.001089988,1.089988,1000
30056,0.000870589,0.870589,1000
30057,0.000960663,0.960663,1000
30058,0.001151102,1.151102,1000
30059,0.001180221,1.180221,1000
30060,0.00233933,2.33933,1000
30061,0.000862105,0.862105,1000
30062,0.00154718,1.54718,1000
30063,0.000729071,0.729071,1000
30064,0.00092596,0.92596,1000
30065,0.000878361,0.878361,1000
30066,0.000727268,0.727268,1000
30067,0.000892301,0.892301,1000
30068,0.001199128,1.199128,1000
30069,0.000707243,0.707243,1000
30070,0.001971541,1.971541,1000
30071,0.004809008,4.809008,1000
30072,0.00310609,3.10609,1000
30073,0.000739465,0.739465,1000
30074,0.000851286,0.851286,1000
30075,0.015977647,15.977647,1000
30076,0.000550746,0.550746,1000
30077,0.015927509,15.927509,1000
30078,0.006229992,6.229992,1000
30079,0.008521815,8.521815,1000
30080,0.001166413,1.166413,1000
30081,0.003563755,3.563755,1000
30082,0.000703725,0.703725,1000
30083,0.000783777,0.783777,1000
30084,0.001008715,1.008715,1000
30085,0.000927134,0.927134,1000
30086,0.0008547,0.8547,1000
30087,0.04192803,41.92803,1000
30088,0.124621021,124.621021,1000
30089,0.245791207,245.791207,1000
30090,0.001044721,1.044721,1000
30091,0.000800682,0.800682,1000
30092,0.000711556,0.711556,1000
30093,0.001327675,1.327675,1000
30094,0.002928925,2.928925,1000
30095,0.000954951,0.954951,1000
30096,0.000673412,0.673412,1000
30097,0.000849046,0.849046,1000
30098,0.001980215,1.980215,1000
30099,0.000636992,0.636992,1000
30100,0.001044721,1.044721,1000
30101,0.000863491,0.863491,1000
30102,0.000803351,0.803351,1000
30103,0.001220797,1.220797,1000
30104,0.00078378,0.78378,1000
30105,0.014437626,14.437626,1000
30106,0.003896088,3.896088,1000
30107,0.003339159,3.339159,1000
30108,0.001098609,1.098609,1000
30109,0.001460339,1.460339,1000
30110,0.000895101,0.895101,1000
30111,0.002554138,2.554138,1000
30112,0.001008423,1.008423,1000
30113,0.003811663,3.811663,1000
30114,0.001073821,1.073821,1000
30115,0.001100515,1.100515,1000
30116,0.001462794,1.462794,1000
30117,0.000753486,0.753486,1000
30118,0.122446959,122.446959,1000
30119,0.001524997,1.524997,1000
30120,0.001655756,1.655756,1000
30121,0.001257428,1.257428,1000
30122,0.004723616,4.723616,1000
30123,0.000861946,0.861946,1000
30124,0.000245832,0.245832,1000
30125,0.00088844,0.88844,1000
30126,0.00071816,0.71816,1000
30127,0.00070815,0.70815,1000
30128,0.000813123,0.813123,1000
30129,0.001312558,1.312558,1000
30130,0.000558099,0.558099,1000
30131,0.000868532,0.868532,1000
30132,0.000850349,0.850349,1000
30133,0.000840931,0.840931,1000
30134,0.001510526,1.510526,1000
30135,0.034638274,34.638274,1000
30136,0.001052539,1.052539,1000
30137,0.000656937,0.656937,1000
30138,0.008266983,8.266983,1000
30139,0.002223732,2.223732,1000
30140,0.000399929,0.399929,1000
30141,0.001520625,1.520625,1000
30142,0.000993232,0.993232,1000
30143,0.00086577,0.86577,1000
30144,0.0010325,1.0325,1000
30145,0.002698277,2.698277,1000
30146,0.000501941,0.501941,1000
30147,0.00114796,1.14796,1000
30148,0.001749287,1.749287,1000
30149,0.000799295,0.799295,1000
30150,0.000620944,0.620944,1000
30151,0.008444724,8.444724,1000
30152,0.003230971,3.230971,1000
30153,0.001011936,1.011936,1000
30154,0.00071342,0.71342,1000
30155,0.00081312,0.81312,1000
30156,0.003902782,3.902782,1000
30157,0.000838955,0.838955,1000
30158,0.003061711,3.061711,1000
30159,0.008259852,8.259852,1000
30160,0.001461237,1.461237,1000
30161,0.000754548,0.754548,1000
30162,0.00473369,4.73369,1000
30163,0.003168263,3.168263,1000
30164,0.001075852,1.075852,1000
30165,0.00058179,0.58179,1000
30166,0.000330216,0.330216,1000
30167,0.001113847,1.113847,1000
30168,0.001724534,1.724534,1000
30169,0.001178376,1.178376,1000
30170,0.001035348,1.035348,1000
30171,0.062212644,62.212644,1000
30172,0.009954577,9.954577,1000
30173,0.000725313,0.725313,1000
30174,0.000905814,0.905814,1000
30175,0.000297376,0.297376,1000
30176,0.001042957,1.042957,1000
30177,0.003015645,3.015645,1000
30178,0.000924355,0.924355,1000
30179,0.001818293,1.818293,1000
30180,0.000783777,0.783777,1000
30181,0.001056982,1.056982,1000
30182,0.001042979,1.042979,1000
30183,0.001008794,1.008794,1000
30184,0.000937243,0.937243,1000
30185,0.00104294,1.04294,1000
30186,0.00104294,1.04294,1000
30187,0.000988865,0.988865,1000
30188,0.000767917,0.767917,1000
30189,0.001014435,1.014435,1000
30190,0.001505839,1.505839,1000
30191,0.001057645,1.057645,1000
30192,0.015535124,15.535124,1000
30193,0.000307287,0.307287,1000
30194,0.026865293,26.865293,1000
30195,0.003217981,3.217981,1000
30196,0.001071083,1.071083,1000
30197,0.000783689,0.783689,1000
30198,0.002176834,2.176834,1000
30199,0.00080465,0.80465,1000
30200,0.003113954,3.113954,1000
30201,0.002502075,2.502075,1000
30202,0.001190355,1.190355,1000
30203,0.012673277,12.673277,1000
30204,0.001505839,1.505839,1000
30205,0.013519032,13.519032,1000
30206,0.000847594,0.847594,1000
30207,0.026742791,26.742791,1000
30208,0.010991656,10.991656,1000
30209,0.000808824,0.808824,1000
30210,0.000896154,0.896154,1000
30211,0.001310399,1.310399,1000
30212,0.000575623,0.575623,1000
30213,0.001034649,1.034649,1000
30214,0.00105043,1.05043,1000
30215,0.000936238,0.936238,1000
30216,0.000762686,0.762686,1000
30217,0.018255448,18.255448,1000
30218,0.00154718,1.54718,1000
30219,0.000955037,0.955037,1000
30220,0.001237815,1.237815,1000
30221,0.004671384,4.671384,1000
30222,0.001854459,1.854459,1000
30223,0.001620848,1.620848,1000
30224,0.001113601,1.113601,1000
30225,0.001003197,1.003197,1000
30226,0.00091181,0.91181,1000
30227,0.00146153,1.46153,1000
30228,0.005277553,5.277553,1000
30229,0.002773157,2.773157,1000
30230,0.016940338,16.940338,1000
30231,0.000507861,0.507861,1000
30232,0.001569765,1.569765,1000
30233,0.001378964,1.378964,1000
30234,0.002731264,2.731264,1000
30235,0.000620722,0.620722,1000
30236,0.001011936,1.011936,1000
30237,0.000725269,0.725269,1000
30238,0.008490154,8.490154,1000
30239,0.000572056,0.572056,1000
30240,0.001330889,1.330889,1000
30241,0.000964089,0.964089,1000
30242,0.007075254,7.075254,1000
30243,0.000763085,0.763085,1000
30244,0.000996953,0.996953,1000
30245,0.000634171,0.634171,1000
30246,0.001042957,1.042957,1000
30247,0.000734014,0.734014,1000
30248,0.000803211,0.803211,1000
30249,0.001689084,1.689084,1000
30250,0.001071637,1.071637,1000
30251,0.003113554,3.113554,1000
30252,0.002958348,2.958348,1000
30253,0.001048193,1.048193,1000
30254,0.003740186,3.740186,1000
30255,0.00085143,0.85143,1000
30256,0.001613775,1.613775,1000
30257,0.00114796,1.14796,1000
30258,0.001527131,1.527131,1000
30259,0.001669919,1.669919,1000
30260,0.001523648,1.523648,1000
30261,0.000416559,0.416559,1000
30262,0.00081312,0.81312,1000
30263,0.001025215,1.025215,1000
30264,0.005534575,5.534575,1000
30265,0.00061226,0.61226,1000
30266,0.000742738,0.742738,1000
30267,0.002514052,2.514052,1000
30268,0.0051455,5.1455,1000
30269,0.000566439,0.566439,1000
30270,0.001051698,1.051698,1000
30271,0.025409773,25.409773,1000
30272,0.000357154,0.357154,1000
30273,0.000717929,0.717929,1000
30275,0.000815233,0.815233,1000
30276,0.002992274,2.992274,1000
30277,0.001011814,1.011814,1000
30278,0.000836489,0.836489,1000
30279,0.001465472,1.465472,1000
30280,0.000946426,0.946426,1000
30281,0.001571979,1.571979,1000
30282,0.000632689,0.632689,1000
30283,0.001281653,1.281653,1000
30284,0.000630225,0.630225,1000
30285,0.000857209,0.857209,1000
30286,0.000887655,0.887655,1000
30287,0.000551901,0.551901,1000
30288,0.00079772,0.79772,1000
30289,0.003121265,3.121265,1000
30290,0.003439855,3.439855,1000
30291,0.001006165,1.006165,1000
30292,0.151835829,151.835829,1000
30293,0.018393024,18.393024,1000
30294,0.005266952,5.266952,1000
30295,0.000825966,0.825966,1000
30296,0.000825966,0.825966,1000
30297,0.005261675,5.261675,1000
30298,0.000824307,0.824307,1000
30299,0.001191234,1.191234,1000
30300,0.001114904,1.114904,1000
30301,0.000786204,0.786204,1000
30302,0.001160571,1.160571,1000
30303,0.000907748,0.907748,1000
30304,0.000803806,0.803806,1000
30305,0.001056619,1.056619,1000
30306,0.007159233,7.159233,1000
30307,0.000871289,0.871289,1000
30308,0.000774137,0.774137,1000
30309,0.001636217,1.636217,1000
30310,0.000838794,0.838794,1000
30311,0.000735007,0.735007,1000
30312,0.000831023,0.831023,1000
30313,0.000319899,0.319899,1000
30314,0.001821889,1.821889,1000
30315,0.001208461,1.208461,1000
30316,0.001155282,1.155282,1000
30317,0.000845622,0.845622,1000
30318,0.003273876,3.273876,1000
30319,0.001609087,1.609087,1000
30320,0.000822764,0.822764,1000
30321,0.001221487,1.221487,1000
30322,0.001042862,1.042862,1000
30323,0.595286263,595.286263,1000
30324,0.008255881,8.255881,1000
30325,0.001453121,1.453121,1000
30326,0.000578266,0.578266,1000
30327,0.001071083,1.071083,1000
30328,0.000689695,0.689695,1000
30329,0.000754332,0.754332,1000
30330,0.000833141,0.833141,1000
30331,0.013856818,13.856818,1000
30332,0.019293501,19.293501,1000
30333,0.000869465,0.869465,1000
30334,0.022385473,22.385473,1000
30335,0.001229988,1.229988,1000
30336,0.001168815,1.168815,1000
30337,0.000425679,0.425679,1000
30338,0.000718269,0.718269,1000
30339,0.000355718,0.355718,1000
30340,0.000732589,0.732589,1000
30341,0.000724596,0.724596,1000
30342,0.000765921,0.765921,1000
30343,0.003407037,3.407037,1000
30344,0.000841502,0.841502,1000
30345,0.001337686,1.337686,1000
30346,0.001231102,1.231102,1000
30347,0.001229078,1.229078,1000
30348,0.000627731,0.627731,1000
30349,0.00085297,0.85297,1000
30350,0.000604488,0.604488,1000
30351,0.001112649,1.112649,1000
30352,0.001334072,1.334072,1000
30353,0.001544332,1.544332,1000
30354,0.001106249,1.106249,1000
30355,0.026929304,26.929304,1000
30356,0.000833245,0.833245,1000
30357,0.00142146,1.42146,1000
30358,0.000825699,0.825699,1000
30359,0.000872845,0.872845,1000
30360,0.000841979,0.841979,1000
30361,0.000909526,0.909526,1000
30362,0.000718003,0.718003,1000
30363,0.001029901,1.029901,1000
30364,0.002700787,2.700787,1000
30365,0.008156077,8.156077,1000
30366,0.106297657,106.297657,1000
30367,0.00203575,2.03575,1000
30368,0.115590716,115.590716,1000
30369,0.000637407,0.637407,1000
30370,0.00267767,2.67767,1000
30371,0.000739368,0.739368,1000
30372,0.001170116,1.170116,1000
30373,0.000743515,0.743515,1000
30374,0.001666488,1.666488,1000
30375,0.000955344,0.955344,1000
30376,0.00160466,1.60466,1000
30377,0.06457915,64.57915,1000
30378,0.00254659,2.54659,1000
30379,0.001956499,1.956499,1000
30380,0.000825966,0.825966,1000
30381,0.001108243,1.108243,1000
30382,0.001606325,1.606325,1000
30383,0.000809217,0.809217,1000
30384,0.001326305,1.326305,1000
30385,0.000651883,0.651883,1000
30386,0.000834854,0.834854,1000
30387,0.003145919,3.145919,1000
30388,0.001078003,1.078003,1000
30389,0.003634519,3.634519,1000
30390,0.000695491,0.695491,1000
30391,0.000943007,0.943007,1000
30393,0.001719915,1.719915,1000
30394,0.000932875,0.932875,1000
30395,0.001150389,1.150389,1000
30396,0.000698345,0.698345,1000
30397,0.001171829,1.171829,1000
30398,0.000930567,0.930567,1000
30399,0.000825966,0.825966,1000
30400,0.000938989,0.938989,1000
30401,0.002970434,2.970434,1000
30402,0.001340301,1.340301,1000
30403,0.001015622,1.015622,1000
30404,0.000918876,0.918876,1000
30405,0.000845094,0.845094,1000
30406,0.000842745,0.842745,1000
30407,0.003575549,3.575549,1000
30408,0.000573164,0.573164,1000
30409,0.000954873,0.954873,1000
30410,0.000825266,0.825266,1000
30411,0.001971193,1.971193,1000
30412,0.000882136,0.882136,1000
30413,0.000783777,0.783777,1000
30414,0.000795732,0.795732,1000
30415,0.001665601,1.665601,1000
30416,0.001046895,1.046895,1000
30417,0.000655963,0.655963,1000
30418,0.000944935,0.944935,1000
30419,0.000865965,0.865965,1000
30420,0.014064519,14.064519,1000
30421,0.001178879,1.178879,1000
30422,0.001184108,1.184108,1000
30423,0.001246158,1.246158,1000
30424,0.000757441,0.757441,1000
30425,0.000785607,0.785607,1000
30426,0.001980875,1.980875,1000
30427,0.000886191,0.886191,1000
30428,0.000483053,0.483053,1000
30429,0.002288191,2.288191,1000
30430,0.00029553,0.29553,1000
30431,0.001306828,1.306828,1000
30432,0.00095282,0.95282,1000
30433,0.002704047,2.704047,1000
30434,0.001609087,1.609087,1000
30435,0.00114796,1.14796,1000
30436,0.001216988,1.216988,1000
30437,0.002973004,2.973004,1000
30438,0.00105043,1.05043,1000
30439,0.00077852,0.77852,1000
30440,0.000807096,0.807096,1000
30441,0.001505839,1.505839,1000
30442,0.002087858,2.087858,1000
30443,0.001059346,1.059346,1000
30444,0.000554013,0.554013,1000
30445,0.000755439,0.755439,1000
30446,0.000933243,0.933243,1000
30447,0.00080689,0.80689,1000
30448,0.008395669,8.395669,1000
30449,0.002290929,2.290929,1000
30450,0.000386276,0.386276,1000
30451,0.001265312,1.265312,1000
30453,0.001042979,1.042979,1000
30454,0.001036182,1.036182,1000
30455,0.000808425,0.808425,1000
30456,0.001011446,1.011446,1000
30457,0.001054353,1.054353,1000
30458,0.002207987,2.207987,1000
30459,0.000825966,0.825966,1000
30460,0.000785974,0.785974,1000
30461,0.001590134,1.590134,1000
30462,0.001449664,1.449664,1000
30463,0.002800014,2.800014,1000
30464,0.006310087,6.310087,1000
30465,0.000925149,0.925149,1000
30466,0.003304975,3.304975,1000
30467,0.000598738,0.598738,1000
30468,0.00051611,0.51611,1000
30469,0.001115288,1.115288,1000
30470,0.000571422,0.571422,1000
30471,0.00169045,1.69045,1000
30472,0.000701867,0.701867,1000
30473,0.002244022,2.244022,1000
30474,0.00125593,1.25593,1000
30475,0.001145166,1.145166,1000
30476,0.000510408,0.510408,1000
30477,0.001042288,1.042288,1000
30478,0.00114796,1.14796,1000
30479,0.000629804,0.629804,1000
30480,0.001188151,1.188151,1000
30481,0.00078148,0.78148,1000
30482,0.00081312,0.81312,1000
30483,0.001042957,1.042957,1000
30484,0.000954263,0.954263,1000
30485,0.004733704,4.733704,1000
30486,0.000990001,0.990001,1000
30487,0.000800633,0.800633,1000
30488,0.001062519,1.062519,1000
30489,0.000584566,0.584566,1000
30490,0.01357239,13.57239,1000
30491,0.001126416,1.126416,1000
30492,0.00123555,1.23555,1000
30493,0.000820821,0.820821,1000
30494,0.000983941,0.983941,1000
30495,0.001082147,1.082147,1000
30496,0.001087742,1.087742,1000
30497,0.008037174,8.037174,1000
30498,0.007725122,7.725122,1000
30499,0.000778031,0.778031,1000
30500,0.000985556,0.985556,1000
30501,0.001071083,1.071083,1000
30502,0.001000989,1.000989,1000
30503,0.000905121,0.905121,1000
30504,0.002716429,2.716429,1000
30505,0.00078971,0.78971,1000
30506,0.002174751,2.174751,1000
30507,0.000554639,0.554639,1000
30508,0.000261416,0.261416,1000
30509,0.000690588,0.690588,1000
30510,0.001348472,1.348472,1000
30511,0.000822972,0.822972,1000
30512,0.001537496,1.537496,1000
30513,0.000559915,0.559915,1000
30514,0.001510527,1.510527,1000
30515,0.064552953,64.552953,1000
30516,0.00043613,0.43613,1000
30517,0.000574277,0.574277,1000
30518,0.000833051,0.833051,1000
30519,0.012602341,12.602341,1000
30520,0.00043325,0.43325,1000
30521,0.000939858,0.939858,1000
30522,0.001081154,1.081154,1000
30523,0.001006227,1.006227,1000
30524,0.06457915,64.57915,1000
30525,0.000901108,0.901108,1000
30526,0.004218909,4.218909,1000
30527,0.000837716,0.837716,1000
30528,0.00090388,0.90388,1000
30529,0.000741773,0.741773,1000
30530,0.000780996,0.780996,1000
30531,0.000601457,0.601457,1000
30532,0.001056688,1.056688,1000
30533,0.000839589,0.839589,1000
30534,0.000813123,0.813123,1000
30535,0.384180156,384.180156,1000
30536,0.002469552,2.469552,1000
30537,0.002661446,2.661446,1000
30538,0.001029247,1.029247,1000
30539,0.000813055,0.813055,1000
30540,0.001088243,1.088243,1000
30541,0.003145146,3.145146,1000
30542,0.000914549,0.914549,1000
30543,0.001018268,1.018268,1000
30544,0.000886271,0.886271,1000
30545,0.001062519,1.062519,1000
30546,0.000752307,0.752307,1000
30547,0.001018268,1.018268,1000
30548,0.000722798,0.722798,1000
30549,0.000533324,0.533324,1000
30550,0.000897045,0.897045,1000
30551,0.001360399,1.360399,1000
30552,0.004376616,4.376616,1000
30553,0.000976439,0.976439,1000
30554,0.000568875,0.568875,1000
30555,0.00176198,1.76198,1000
30556,0.006132564,6.132564,1000
30557,0.000732477,0.732477,1000
30558,0.003085166,3.085166,1000
30559,0.004855084,4.855084,1000
30560,0.005425507,5.425507,1000
30561,0.000629328,0.629328,1000
30562,0.000838071,0.838071,1000
30563,0.000329142,0.329142,1000
30564,0.001505839,1.505839,1000
30565,0.056271135,56.271135,1000
30566,0.001742346,1.742346,1000
30567,0.001070943,1.070943,1000
30568,0.00078908,0.78908,1000
30569,0.001525076,1.525076,1000
30570,0.000757516,0.757516,1000
30571,0.595287691,595.287691,1000
30572,0.00093494,0.93494,1000
30573,0.001629378,1.629378,1000
30574,0.001011936,1.011936,1000
30575,0.000873476,0.873476,1000
30576,0.00149761,1.49761,1000
30577,0.001011936,1.011936,1000
30578,0.0015201,1.5201,1000
30579,0.000943938,0.943938,1000
30580,0.002053759,2.053759,1000
30581,0.000943859,0.943859,1000
30582,0.002570275,2.570275,1000
30583,0.00470708,4.70708,1000
30584,0.005650959,5.650959,1000
30585,0.015973415,15.973415,1000
30586,0.001603974,1.603974,1000
30587,0.000588322,0.588322,1000
30588,0.000631487,0.631487,1000
30589,0.001250769,1.250769,1000
30590,0.000831085,0.831085,1000
30591,0.001231268,1.231268,1000
30592,0.001453099,1.453099,1000
30593,0.000780048,0.780048,1000
30594,0.000899968,0.899968,1000
30595,0.015951526,15.951526,1000
30596,0.014120168,14.120168,1000
30597,0.00316266,3.16266,1000
30598,0.031488144,31.488144,1000
30599,0.000615099,0.615099,1000
30600,0.000402514,0.402514,1000
30601,0.000960736,0.960736,1000
30602,0.00065797,0.65797,1000
30603,0.000687156,0.687156,1000
30604,0.000589408,0.589408,1000
30605,0.016900867,16.900867,1000
30606,0.001042979,1.042979,1000
30607,0.001323992,1.323992,1000
30608,0.000834359,0.834359,1000
30609,0.000595572,0.595572,1000
30610,0.008259154,8.259154,1000
30611,0.00337133,3.37133,1000
30612,0.000825969,0.825969,1000
30613,0.000759222,0.759222,1000
30614,0.000871622,0.871622,1000
30615,0.000825966,0.825966,1000
30616,0.001042288,1.042288,1000
30617,0.001405502,1.405502,1000
30618,0.000972243,0.972243,1000
30619,0.00090351,0.90351,1000
30620,0.013667195,13.667195,1000
30621,0.000813123,0.813123,1000
30622,0.000760849,0.760849,1000
30623,0.001018268,1.018268,1000
30624,0.001437969,1.437969,1000
30625,0.000835668,0.835668,1000
30626,0.003506333,3.506333,1000
30627,0.001062502,1.062502,1000
30628,0.004964447,4.964447,1000
30629,0.001510527,1.510527,1000
30630,0.000811289,0.811289,1000
30632,0.002567315,2.567315,1000
30633,0.036807173,36.807173,1000
30634,0.000297081,0.297081,1000
30635,0.000631024,0.631024,1000
30636,0.000839517,0.839517,1000
30637,0.003802365,3.802365,1000
30638,0.000736727,0.736727,1000
30639,0.000874932,0.874932,1000
30640,0.009106409,9.106409,1000
30641,0.002939003,2.939003,1000
30642,0.002907888,2.907888,1000
30643,0.004003775,4.003775,1000
30644,0.146161515,146.161515,1000
30645,0.001721705,1.721705,1000
30647,0.001303878,1.303878,1000
30648,0.000701048,0.701048,1000
30649,0.027391211,27.391211,1000
30650,0.003822683,3.822683,1000
30651,0.01146206,11.46206,1000
30652,0.010422884,10.422884,1000
30653,0.002777632,2.777632,1000
30654,0.003100331,3.100331,1000
30655,0.008826618,8.826618,1000
30656,0.003201608,3.201608,1000
30657,0.003220455,3.220455,1000
30658,0.013671149,13.671149,1000
30659,0.001597258,1.597258,1000
30660,0.005701625,5.701625,1000
30661,0.000805627,0.805627,1000
30662,0.000825966,0.825966,1000
30663,0.000990922,0.990922,1000
30664,0.000931194,0.931194,1000
30665,0.001204353,1.204353,1000
30666,0.000563708,0.563708,1000
30667,0.009299326,9.299326,1000
30668,0.002006069,2.006069,1000
30669,0.001844595,1.844595,1000
30670,0.000972515,0.972515,1000
30671,0.000945045,0.945045,1000
30672,0.001055202,1.055202,1000
30673,0.06628501,66.28501,1000
30674,0.000844179,0.844179,1000
30675,0.010910171,10.910171,1000
30676,0.000575454,0.575454,1000
30677,0.001263511,1.263511,1000
30678,0.001076416,1.076416,1000
30679,0.002910887,2.910887,1000
30680,0.001142578,1.142578,1000
30681,0.001124376,1.124376,1000
30682,0.000540401,0.540401,1000
30683,0.00081312,0.81312,1000
30684,0.001554702,1.554702,1000
30685,0.000757721,0.757721,1000
30686,0.015891697,15.891697,1000
30687,0.005416317,5.416317,1000
30688,0.000338914,0.338914,1000
30689,0.122003218,122.003218,1000
30690,0.008506357,8.506357,1000
30691,0.000473391,0.473391,1000
30692,0.001466273,1.466273,1000
30693,0.040008914,40.008914,1000
30694,0.001042817,1.042817,1000
30695,0.000935931,0.935931,1000
30696,0.000727828,0.727828,1000
30697,0.001480195,1.480195,1000
30698,0.001400751,1.400751,1000
30699,0.001118948,1.118948,1000
30700,0.001129334,1.129334,1000
30701,0.005498184,5.498184,1000
30702,0.002054785,2.054785,1000
30703,0.001042957,1.042957,1000
30704,0.000853462,0.853462,1000
30705,0.000993186,0.993186,1000
30706,0.000788058,0.788058,1000
30707,0.000721213,0.721213,1000
30708,0.000960681,0.960681,1000
30709,0.001209191,1.209191,1000
30710,0.002954062,2.954062,1000
30711,0.000701704,0.701704,1000
30712,0.000890154,0.890154,1000
30713,0.001091954,1.091954,1000
30714,0.001097456,1.097456,1000
30715,0.000891902,0.891902,1000
30716,0.001608896,1.608896,1000
30717,0.003706376,3.706376,1000
30718,0.001630796,1.630796,1000
30719,0.001363194,1.363194,1000
30720,0.014379375,14.379375,1000
30721,0.001174232,1.174232,1000
30722,0.000825966,0.825966,1000
30723,0.001244685,1.244685,1000
30724,0.001519616,1.519616,1000
30725,0.000866755,0.866755,1000
30726,0.093473199,93.473199,1000
30727,0.001081154,1.081154,1000
30728,0.001284044,1.284044,1000
30729,0.001203371,1.203371,1000
30730,0.001343509,1.343509,1000
30731,0.003176211,3.176211,1000
30732,0.00095846,0.95846,1000
30733,0.001116018,1.116018,1000
30734,0.001476982,1.476982,1000
30735,0.000773325,0.773325,1000
30736,0.000870717,0.870717,1000
30737,0.001160586,1.160586,1000
30738,0.001042957,1.042957,1000
30739,0.00115367,1.15367,1000
30740,0.00086516,0.86516,1000
30741,0.001231268,1.231268,1000
30742,0.001010464,1.010464,1000
30743,0.000699986,0.699986,1000
30744,0.000327286,0.327286,1000
30745,0.001042979,1.042979,1000
30746,0.000606221,0.606221,1000
30747,0.002934876,2.934876,1000
30748,0.0403839,40.3839,1000
30749,0.001641492,1.641492,1000
30750,0.000750005,0.750005,1000
30751,0.001446869,1.446869,1000
30752,0.002673859,2.673859,1000
30753,0.000749693,0.749693,1000
30754,0.000865745,0.865745,1000
30755,0.00159667,1.59667,1000
30756,0.001011936,1.011936,1000
30757,0.016185222,16.185222,1000
30758,0.000392441,0.392441,1000
30759,0.000635858,0.635858,1000
30760,0.001927662,1.927662,1000
30761,0.000753252,0.753252,1000
30762,0.001029247,1.029247,1000
30763,0.000843289,0.843289,1000
30764,0.001042817,1.042817,1000
30765,0.000813123,0.813123,1000
30766,0.000716235,0.716235,1000
30767,0.00176939,1.76939,1000
30768,0.000825966,0.825966,1000
30769,0.001086495,1.086495,1000
30770,0.001062541,1.062541,1000
30771,0.003337231,3.337231,1000
30772,0.00025231,0.25231,1000
30773,0.003592043,3.592043,1000
30774,0.000616781,0.616781,1000
30775,0.000546308,0.546308,1000
30776,0.008390194,8.390194,1000
30777,0.000730718,0.730718,1000
30778,0.000688464,0.688464,1000
30779,0.000676456,0.676456,1000
30780,0.000507981,0.507981,1000
30781,0.00055432,0.55432,1000
30782,0.001089375,1.089375,1000
30783,0.001321031,1.321031,1000
30784,0.000993186,0.993186,1000
30785,0.000807988,0.807988,1000
30786,0.001495202,1.495202,1000
30787,0.001599715,1.599715,1000
30788,0.000575426,0.575426,1000
30789,0.000573056,0.573056,1000
30790,0.000755627,0.755627,1000
30791,0.0031818,3.1818,1000
30792,0.000565231,0.565231,1000
30793,0.009535791,9.535791,1000
30794,0.001044721,1.044721,1000
30795,0.000564476,0.564476,1000
30796,0.001400911,1.400911,1000
30797,0.001108173,1.108173,1000
30798,0.000341067,0.341067,1000
30799,0.000845094,0.845094,1000
30800,0.000860815,0.860815,1000
30801,0.000863981,0.863981,1000
30802,0.001094769,1.094769,1000
30803,0.004028031,4.028031,1000
30804,0.000942289,0.942289,1000
30805,0.00114796,1.14796,1000
30806,0.000761975,0.761975,1000
30807,0.00081312,0.81312,1000
30808,0.000573864,0.573864,1000
30809,0.000930111,0.930111,1000
30810,0.00115367,1.15367,1000
30811,0.000829142,0.829142,1000
30812,0.002536267,2.536267,1000
30813,0.026512776,26.512776,1000
30814,0.000965399,0.965399,1000
30815,0.000940449,0.940449,1000
30816,0.00097283,0.97283,1000
30817,0.00081312,0.81312,1000
30818,0.000694393,0.694393,1000
30819,0.00126838,1.26838,1000
30820,0.001675686,1.675686,1000
30821,0.000977131,0.977131,1000
30823,0.001144266,1.144266,1000
30824,0.00298288,2.98288,1000
30825,0.000463383,0.463383,1000
30826,0.000707043,0.707043,1000
30827,0.001595027,1.595027,1000
30828,0.000942646,0.942646,1000
30829,0.008509654,8.509654,1000
30830,0.000783777,0.783777,1000
30831,0.000806932,0.806932,1000
30832,0.008928978,8.928978,1000
30833,0.001652198,1.652198,1000
30834,0.001558369,1.558369,1000
30835,0.000502765,0.502765,1000
30836,0.000948554,0.948554,1000
30837,0.000608217,0.608217,1000
30838,0.006101053,6.101053,1000
30839,0.000783777,0.783777,1000
30840,0.000825966,0.825966,1000
30841,0.001330058,1.330058,1000
30842,0.000737998,0.737998,1000
30843,0.000737268,0.737268,1000
30844,0.005147316,5.147316,1000
30845,0.001071083,1.071083,1000
30846,0.003377462,3.377462,1000
30847,0.001678931,1.678931,1000
30848,0.000976465,0.976465,1000
30849,0.002772219,2.772219,1000
30850,0.000739636,0.739636,1000
30851,0.000817946,0.817946,1000
30852,0.003082882,3.082882,1000
30853,0.00107994,1.07994,1000
30854,0.003730112,3.730112,1000
30855,0.000905204,0.905204,1000
30856,0.000857968,0.857968,1000
30857,0.000953672,0.953672,1000
30858,0.000776256,0.776256,1000
30859,0.001168745,1.168745,1000
30860,0.000795263,0.795263,1000
30861,0.005995467,5.995467,1000
30862,0.001033214,1.033214,1000
30863,0.011201146,11.201146,1000
30864,0.000550472,0.550472,1000
30865,0.000811282,0.811282,1000
30866,0.001042751,1.042751,1000
30867,0.00081312,0.81312,1000
30868,0.000999358,0.999358,1000
30869,0.001011835,1.011835,1000
30870,0.001517329,1.517329,1000
30871,0.004023836,4.023836,1000
30872,0.000885023,0.885023,1000
30873,0.00137464,1.37464,1000
30874,0.00104294,1.04294,1000
30875,0.001826763,1.826763,1000
30876,0.000783777,0.783777,1000
30877,0.000941848,0.941848,1000
30878,0.000858684,0.858684,1000
30879,0.001872074,1.872074,1000
30880,0.000783777,0.783777,1000
30881,0.000627282,0.627282,1000
30882,0.000977131,0.977131,1000
30883,0.001185734,1.185734,1000
30884,0.007699567,7.699567,1000
30885,0.000701789,0.701789,1000
30886,0.000783777,0.783777,1000
30887,0.000775126,0.775126,1000
30888,0.001637817,1.637817,1000
30889,0.000661036,0.661036,1000
30890,0.000648505,0.648505,1000
30891,0.000758464,0.758464,1000
30892,0.001782427,1.782427,1000
30893,0.001315818,1.315818,1000
30894,0.001327025,1.327025,1000
30895,0.04382843,43.82843,1000
30896,0.000578269,0.578269,1000
30897,0.000466299,0.466299,1000
30898,0.001315818,1.315818,1000
30899,0.000895913,0.895913,1000
30900,0.001218698,1.218698,1000
30901,0.000937243,0.937243,1000
30902,0.000739368,0.739368,1000
30903,0.000832638,0.832638,1000
30904,0.000709211,0.709211,1000
30905,0.000954263,0.954263,1000
30906,0.000554691,0.554691,1000
30907,0.001520309,1.520309,1000
30908,0.000394832,0.394832,1000
30909,0.000914076,0.914076,1000
30910,0.000979329,0.979329,1000
30911,0.000943447,0.943447,1000
30912,0.00097808,0.97808,1000
30913,0.000790181,0.790181,1000
30914,0.000770622,0.770622,1000
30915,0.000783777,0.783777,1000
30916,0.000575098,0.575098,1000
30917,0.002540902,2.540902,1000
30918,0.001007416,1.007416,1000
30919,0.000787772,0.787772,1000
30920,0.00065797,0.65797,1000
30921,0.000783777,0.783777,1000
30922,0.001456359,1.456359,1000
30923,0.001011936,1.011936,1000
30925,0.000995922,0.995922,1000
30926,0.001198745,1.198745,1000
30927,0.000710965,0.710965,1000
30928,0.00098284,0.98284,1000
30929,0.016855246,16.855246,1000
30930,0.000847886,0.847886,1000
30931,0.000865987,0.865987,1000
30932,0.002700787,2.700787,1000
30933,0.004994657,4.994657,1000
30934,0.001584149,1.584149,1000
30935,0.001035779,1.035779,1000
30936,0.000783559,0.783559,1000
30937,0.000854334,0.854334,1000
30938,0.015107368,15.107368,1000
30940,0.001658044,1.658044,1000
30941,0.000376409,0.376409,1000
30942,0.000763627,0.763627,1000
30943,0.001380834,1.380834,1000
30944,0.001011936,1.011936,1000
30945,0.000328153,0.328153,1000
30946,0.00081311,0.81311,1000
30947,0.001861198,1.861198,1000
30948,0.001291275,1.291275,1000
30949,0.00104294,1.04294,1000
30950,0.004427478,4.427478,1000
30951,0.001142904,1.142904,1000
30952,0.00098538,0.98538,1000
30953,0.003406099,3.406099,1000
30954,0.003216264,3.216264,1000
30955,0.001197723,1.197723,1000
30956,0.000866228,0.866228,1000
30957,0.001567112,1.567112,1000
30958,0.001316848,1.316848,1000
30959,0.000779661,0.779661,1000
30960,0.009305154,9.305154,1000
30961,0.000873665,0.873665,1000
30962,0.003019214,3.019214,1000
30963,0.000953672,0.953672,1000
30964,0.005978773,5.978773,1000
30965,0.009866953,9.866953,1000
30966,0.001115116,1.115116,1000
30967,0.001077013,1.077013,1000
30968,0.001669417,1.669417,1000
30969,0.001301379,1.301379,1000
30970,0.000773291,0.773291,1000
30971,0.000894653,0.894653,1000
30972,0.002452972,2.452972,1000
30973,0.001310883,1.310883,1000
30974,0.000784729,0.784729,1000
30975,0.001011936,1.011936,1000
30976,0.000610144,0.610144,1000
30977,0.000631547,0.631547,1000
30978,0.000768075,0.768075,1000
30979,0.001891978,1.891978,1000
30980,0.000753323,0.753323,1000
30981,0.000991976,0.991976,1000
30982,0.000791034,0.791034,1000
30983,0.000266128,0.266128,1000
30984,0.006569312,6.569312,1000
30985,0.00084778,0.84778,1000
30986,0.000962203,0.962203,1000
30987,0.002073105,2.073105,1000
30988,0.000699844,0.699844,1000
30989,0.001042957,1.042957,1000
30990,0.000307067,0.307067,1000
30991,0.000585652,0.585652,1000
30992,0.000891583,0.891583,1000
30993,0.000730041,0.730041,1000
30994,0.000813123,0.813123,1000
30995,0.0009263,0.9263,1000
30996,0.000577283,0.577283,1000
30997,0.00078378,0.78378,1000
30998,0.001327837,1.327837,1000
30999,0.000953672,0.953672,1000
31000,0.000733052,0.733052,1000
31001,0.013673057,13.673057,1000
31002,0.016038881,16.038881,1000
31003,0.000728251,0.728251,1000
31004,0.01057616,10.57616,1000
31005,0.001037328,1.037328,1000
31006,0.003251983,3.251983,1000
31007,0.00148419,1.48419,1000
31008,0.000910821,0.910821,1000
31009,0.000623126,0.623126,1000
31010,0.001045377,1.045377,1000
31011,0.000669167,0.669167,1000
31012,0.000692437,0.692437,1000
31013,0.000997701,0.997701,1000
31014,0.000964665,0.964665,1000
31015,0.001020058,1.020058,1000
31016,0.000821769,0.821769,1000
31017,0.00141239,1.41239,1000
31018,0.00068439,0.68439,1000
31019,0.001233635,1.233635,1000
31020,0.004071147,4.071147,1000
31021,0.001104592,1.104592,1000
31022,0.000993186,0.993186,1000
31023,0.262387188,262.387188,1000
31024,0.002310758,2.310758,1000
31025,0.096987539,96.987539,1000
31026,0.000663075,0.663075,1000
31027,0.000804822,0.804822,1000
31028,0.001017399,1.017399,1000
31029,0.001656285,1.656285,1000
31030,0.001745601,1.745601,1000
31031,0.001150174,1.150174,1000
31032,0.001443903,1.443903,1000
31033,0.001441904,1.441904,1000
31034,0.000837517,0.837517,1000
31035,0.001982106,1.982106,1000
31036,0.001131756,1.131756,1000
31037,0.000890472,0.890472,1000
31038,0.000796949,0.796949,1000
31039,0.002054832,2.054832,1000
31040,0.000640021,0.640021,1000
31041,0.000577759,0.577759,1000
31042,0.001108042,1.108042,1000
31043,0.001226437,1.226437,1000
31044,0.001315098,1.315098,1000
31045,0.000987759,0.987759,1000
31046,0.005703237,5.703237,1000
31047,0.00093591,0.93591,1000
31048,0.001334072,1.334072,1000
31049,0.0030769,3.0769,1000
31050,0.001749287,1.749287,1000
31051,0.001226898,1.226898,1000
31052,0.003599413,3.599413,1000
31053,0.001068452,1.068452,1000
31054,0.004154555,4.154555,1000
31055,0.001232569,1.232569,1000
31056,0.001642341,1.642341,1000
31057,0.000976527,0.976527,1000
31058,0.001093087,1.093087,1000
31059,0.000888848,0.888848,1000
31060,0.0007289,0.7289,1000
31061,0.001361183,1.361183,1000
31062,0.000548577,0.548577,1000
31063,0.008025361,8.025361,1000
31064,0.001042957,1.042957,1000
31065,0.000908965,0.908965,1000
31066,0.000888564,0.888564,1000
31067,0.000255827,0.255827,1000
31068,0.001022038,1.022038,1000
31069,0.00764564,7.64564,1000
31070,0.000698426,0.698426,1000
31071,0.009251701,9.251701,1000
31072,0.001763733,1.763733,1000
31073,0.001106787,1.106787,1000
31074,0.000849486,0.849486,1000
31075,0.000887877,0.887877,1000
31076,0.000783777,0.783777,1000
31077,0.000808127,0.808127,1000
31078,0.000720481,0.720481,1000
31079,0.001134875,1.134875,1000
31080,0.001036222,1.036222,1000
31081,0.001298618,1.298618,1000
31082,0.005817721,5.817721,1000
31083,0.005636191,5.636191,1000
31084,0.000773789,0.773789,1000
31085,0.000790678,0.790678,1000
31086,0.000446332,0.446332,1000
31087,0.000915184,0.915184,1000
31088,0.000327308,0.327308,1000
31089,0.000973306,0.973306,1000
31090,0.001416289,1.416289,1000
31091,0.001255782,1.255782,1000
31092,0.001758352,1.758352,1000
31093,0.001242902,1.242902,1000
31094,0.00478455,4.78455,1000
31095,0.001548118,1.548118,1000
31096,0.000695642,0.695642,1000
31097,0.00081312,0.81312,1000
31098,0.001042207,1.042207,1000
31099,0.001264772,1.264772,1000
31100,0.002659527,2.659527,1000
31101,0.000976901,0.976901,1000
31102,0.001097456,1.097456,1000
31103,0.005645742,5.645742,1000
31104,0.001046477,1.046477,1000
31105,0.000783777,0.783777,1000
31106,0.001385415,1.385415,1000
31107,0.000608684,0.608684,1000
31108,0.001554702,1.554702,1000
31109,0.001520625,1.520625,1000
31110,0.00831267,8.31267,1000
31111,0.000603676,0.603676,1000
31112,0.00116658,1.16658,1000
31113,0.00078378,0.78378,1000
31114,0.001470287,1.470287,1000
31115,0.000966563,0.966563,1000
31116,0.001042957,1.042957,1000
31117,0.000935513,0.935513,1000
31118,0.001158113,1.158113,1000
31119,0.001097456,1.097456,1000
31120,0.000639139,0.639139,1000
31121,0.005852462,5.852462,1000
31122,0.000432943,0.432943,1000
31123,0.000728967,0.728967,1000
31124,0.003121021,3.121021,1000
31125,0.002753251,2.753251,1000
31126,0.00138256,1.38256,1000
31127,0.000859458,0.859458,1000
31128,0.00078378,0.78378,1000
31129,0.000557446,0.557446,1000
31130,0.013781835,13.781835,1000
31131,0.001523885,1.523885,1000
31132,0.008357428,8.357428,1000
31133,0.00078378,0.78378,1000
31134,0.006550792,6.550792,1000
31135,0.000786666,0.786666,1000
31136,0.00097066,0.97066,1000
31137,0.002236847,2.236847,1000
31138,0.001071207,1.071207,1000
31139,0.000983435,0.983435,1000
31140,0.00081312,0.81312,1000
31141,0.001024048,1.024048,1000
31142,0.000819669,0.819669,1000
31143,0.001024476,1.024476,1000
31144,0.001097456,1.097456,1000
31145,0.000773757,0.773757,1000
31146,0.000702599,0.702599,1000
31147,0.00076855,0.76855,1000
31148,0.001116564,1.116564,1000
31149,0.001503484,1.503484,1000
31150,0.000742897,0.742897,1000
31151,0.000544911,0.544911,1000
31152,0.002840059,2.840059,1000
31153,0.000880956,0.880956,1000
31154,0.001000005,1.000005,1000
31155,0.000833425,0.833425,1000
31156,0.00087669,0.87669,1000
31157,0.003819672,3.819672,1000
31158,0.000575665,0.575665,1000
31159,0.001749287,1.749287,1000
31160,0.000854416,0.854416,1000
31161,0.000763719,0.763719,1000
31162,0.003167237,3.167237,1000
31163,0.000982271,0.982271,1000
31164,0.000480035,0.480035,1000
31165,0.000825966,0.825966,1000
31166,0.001060961,1.060961,1000
31167,0.000767771,0.767771,1000
31168,0.001144711,1.144711,1000
31169,0.001071083,1.071083,1000
31170,0.001389309,1.389309,1000
31171,0.000941061,0.941061,1000
31172,0.003148851,3.148851,1000
31173,0.000698322,0.698322,1000
31174,0.000939102,0.939102,1000
31175,0.000710003,0.710003,1000
31176,0.000708367,0.708367,1000
31177,0.000686351,0.686351,1000
31178,0.030905543,30.905543,1000
31179,0.000982271,0.982271,1000
31180,0.000947909,0.947909,1000
31181,0.001971491,1.971491,1000
31182,0.0013422,1.3422,1000
31183,0.000938434,0.938434,1000
31184,0.000564614,0.564614,1000
31185,0.001850184,1.850184,1000
31186,0.000356578,0.356578,1000
31187,0.000816622,0.816622,1000
31188,0.000681064,0.681064,1000
31189,0.003085977,3.085977,1000
31190,0.000417879,0.417879,1000
31191,0.026662515,26.662515,1000
31192,0.015403801,15.403801,1000
31193,0.001123703,1.123703,1000
31194,0.002628459,2.628459,1000
31195,0.000263051,0.263051,1000
31196,0.000631801,0.631801,1000
31197,0.000445956,0.445956,1000
31198,0.001036005,1.036005,1000
31199,0.000551137,0.551137,1000
31200,0.000818485,0.818485,1000
31201,0.000929059,0.929059,1000
31202,0.001666066,1.666066,1000
31203,0.000581464,0.581464,1000
31204,0.000898233,0.898233,1000
31205,0.005135725,5.135725,1000
31206,0.001102114,1.102114,1000
31207,0.000953485,0.953485,1000
31208,0.001305564,1.305564,1000
31209,0.00089432,0.89432,1000
31210,0.018416478,18.416478,1000
31211,0.001944196,1.944196,1000
31212,0.001563244,1.563244,1000
31213,0.000513452,0.513452,1000
31214,0.001219505,1.219505,1000
31215,0.000635575,0.635575,1000
31216,0.000878177,0.878177,1000
31217,0.002824886,2.824886,1000
31218,0.001334072,1.334072,1000
31219,0.001854441,1.854441,1000
31220,0.000825161,0.825161,1000
31221,0.00091524,0.91524,1000
31222,0.014423384,14.423384,1000
31223,0.002863598,2.863598,1000
31224,0.003093838,3.093838,1000
31225,0.000838647,0.838647,1000
31226,0.00033991,0.33991,1000
31227,0.001457786,1.457786,1000
31228,0.001042402,1.042402,1000
31229,0.000727614,0.727614,1000
31230,0.000970326,0.970326,1000
31231,0.000413147,0.413147,1000
31232,0.000712081,0.712081,1000
31233,0.002449443,2.449443,1000
31234,0.019956946,19.956946,1000
31235,0.001324052,1.324052,1000
31236,0.000516875,0.516875,1000
31237,0.00079249,0.79249,1000
31238,0.003409259,3.409259,1000
31239,0.00040629,0.40629,1000
31240,0.000969304,0.969304,1000
31241,0.001149588,1.149588,1000
31242,0.004687391,4.687391,1000
31243,0.001018268,1.018268,1000
31244,0.001014435,1.014435,1000
31245,0.000596262,0.596262,1000
31246,0.001014983,1.014983,1000
31247,0.00313291,3.13291,1000
31248,0.000360668,0.360668,1000
31249,0.002853669,2.853669,1000
31250,0.000978936,0.978936,1000
31251,0.000294517,0.294517,1000
31252,0.000963771,0.963771,1000
31253,0.000710249,0.710249,1000
31254,0.06457589,64.57589,1000
31255,0.010755047,10.755047,1000
31256,0.000542519,0.542519,1000
31257,0.002988494,2.988494,1000
31258,0.001206464,1.206464,1000
31259,0.002750386,2.750386,1000
31260,0.001171504,1.171504,1000
31261,0.000594189,0.594189,1000
31262,0.000435972,0.435972,1000
31263,0.000770082,0.770082,1000
31264,0.000283759,0.283759,1000
31265,0.001391927,1.391927,1000
31266,0.001021905,1.021905,1000
31267,0.06457589,64.57589,1000
31268,0.000539255,0.539255,1000
31269,0.000719564,0.719564,1000
31270,0.000783777,0.783777,1000
31271,0.00061616,0.61616,1000
31272,0.006547884,6.547884,1000
31273,0.001062519,1.062519,1000
31274,0.00126384,1.26384,1000
31275,0.000465529,0.465529,1000
31276,0.001597145,1.597145,1000
31277,0.001225214,1.225214,1000
31278,0.014721812,14.721812,1000
31279,0.000997213,0.997213,1000
31280,0.001840084,1.840084,1000
31281,0.003279924,3.279924,1000
31282,0.003862484,3.862484,1000
31283,0.001099575,1.099575,1000
31284,0.000826721,0.826721,1000
31285,0.002897098,2.897098,1000
31286,0.003240303,3.240303,1000
31287,0.000737597,0.737597,1000
31288,0.002563115,2.563115,1000
31289,0.000509984,0.509984,1000
31290,0.000615904,0.615904,1000
31291,0.000463116,0.463116,1000
31292,0.000896128,0.896128,1000
31293,0.001001692,1.001692,1000
31294,0.000445813,0.445813,1000
31295,0.000684954,0.684954,1000
31296,0.00081312,0.81312,1000
31297,0.001403363,1.403363,1000
31298,0.001237655,1.237655,1000
31299,0.000593672,0.593672,1000
31300,0.000400198,0.400198,1000
31301,0.000390239,0.390239,1000
31302,0.001330889,1.330889,1000
31303,0.016174302,16.174302,1000
31304,0.000605465,0.605465,1000
31305,0.06457915,64.57915,1000
31306,0.001346201,1.346201,1000
31307,0.000598361,0.598361,1000
31308,0.00078774,0.78774,1000
31309,0.000827621,0.827621,1000
31310,0.000636828,0.636828,1000
31311,0.002082252,2.082252,1000
31312,0.015922339,15.922339,1000
31313,0.000591436,0.591436,1000
31314,0.0023422,2.3422,1000
31315,0.001540906,1.540906,1000
31316,0.001456359,1.456359,1000
31317,0.00081312,0.81312,1000
31318,0.002900812,2.900812,1000
31319,0.000813123,0.813123,1000
31320,0.026699518,26.699518,1000
31321,0.000748693,0.748693,1000
31322,0.004393565,4.393565,1000
31323,0.040905147,40.905147,1000
31324,0.00112596,1.12596,1000
31325,0.001238473,1.238473,1000
31326,0.004846306,4.846306,1000
31327,0.194591783,194.591783,1000
31328,0.001702229,1.702229,1000
31329,0.000956555,0.956555,1000
31330,0.033937531,33.937531,1000
31331,0.001074482,1.074482,1000
31332,0.000925367,0.925367,1000
31333,0.007399397,7.399397,1000
31334,0.00106845,1.06845,1000
31335,0.000856612,0.856612,1000
31336,0.121354676,121.354676,1000
31337,0.000902401,0.902401,1000
31338,0.144951428,144.951428,1000
31339,0.001141219,1.141219,1000
31340,0.001214406,1.214406,1000
31341,0.001046342,1.046342,1000
31342,0.000843923,0.843923,1000
31343,0.015963226,15.963226,1000
31344,0.003544797,3.544797,1000
31345,0.024515565,24.515565,1000
31346,0.000886458,0.886458,1000
31347,0.001800829,1.800829,1000
31348,0.000639606,0.639606,1000
31349,0.001314472,1.314472,1000
31350,0.002831977,2.831977,1000
31351,0.008513607,8.513607,1000
31352,0.00105043,1.05043,1000
31353,0.000837289,0.837289,1000
31354,0.003030979,3.030979,1000
31355,0.000965341,0.965341,1000
31356,0.003709637,3.709637,1000
31357,0.001207239,1.207239,1000
31358,0.001203186,1.203186,1000
31359,0.000878264,0.878264,1000
31360,0.000345031,0.345031,1000
31361,0.093480285,93.480285,1000
31362,0.001281077,1.281077,1000
31363,0.001609922,1.609922,1000
31364,0.000728109,0.728109,1000
31365,0.015946288,15.946288,1000
31366,0.000696131,0.696131,1000
31367,0.001061881,1.061881,1000
31368,0.000633958,0.633958,1000
31369,0.001319742,1.319742,1000
31370,0.000851458,0.851458,1000
31371,0.000783777,0.783777,1000
31372,0.01606152,16.06152,1000
31373,0.001175924,1.175924,1000
31374,0.001597145,1.597145,1000
31375,0.005039005,5.039005,1000
31376,0.000511371,0.511371,1000
31377,0.006986515,6.986515,1000
31378,0.001658439,1.658439,1000
31379,0.00069852,0.69852,1000
31380,0.001029247,1.029247,1000
31381,0.001556617,1.556617,1000
31382,0.002389153,2.389153,1000
31383,0.001312558,1.312558,1000
31384,0.000588546,0.588546,1000
31385,0.001412853,1.412853,1000
31386,0.000688898,0.688898,1000
31387,0.000716989,0.716989,1000
31388,0.001500526,1.500526,1000
31389,0.008168116,8.168116,1000
31390,0.000691922,0.691922,1000
31391,0.001375999,1.375999,1000
31392,0.001456192,1.456192,1000
31393,0.001509332,1.509332,1000
31394,0.006752557,6.752557,1000
31395,0.00085294,0.85294,1000
31396,0.001102045,1.102045,1000
31397,0.055751209,55.751209,1000
31398,0.003257551,3.257551,1000
31399,0.016157598,16.157598,1000
31400,0.000422328,0.422328,1000
31401,0.017577357,17.577357,1000
31402,0.000654116,0.654116,1000
31403,0.00081312,0.81312,1000
31404,0.001510527,1.510527,1000
31405,0.00046159,0.46159,1000
31406,0.001578218,1.578218,1000
31407,0.016270692,16.270692,1000
31408,0.000849046,0.849046,1000
31409,0.000590748,0.590748,1000
31410,0.194588522,194.588522,1000
31411,0.001001785,1.001785,1000
31412,0.001143068,1.143068,1000
31413,0.000353593,0.353593,1000
31414,0.178334961,178.334961,1000
31415,0.000848574,0.848574,1000
31416,0.000730167,0.730167,1000
31417,0.001042957,1.042957,1000
31418,0.00284073,2.84073,1000
31419,0.000923345,0.923345,1000
31420,0.001171798,1.171798,1000
31421,0.097072885,97.072885,1000
31422,0.000993124,0.993124,1000
31423,0.001267251,1.267251,1000
31424,0.001049099,1.049099,1000
31425,0.000631004,0.631004,1000
31426,0.001081154,1.081154,1000
31427,0.001071105,1.071105,1000
31428,0.000625926,0.625926,1000
31429,0.001090365,1.090365,1000
31430,0.001128329,1.128329,1000
31431,0.000595065,0.595065,1000
31432,0.001045867,1.045867,1000
31433,0.001042288,1.042288,1000
31434,0.00054843,0.54843,1000
31435,0.002015981,2.015981,1000
31436,0.001559253,1.559253,1000
31437,0.000592918,0.592918,1000
31438,0.002355246,2.355246,1000
31439,0.000935513,0.935513,1000
31440,0.002293393,2.293393,1000
31441,0.008009979,8.009979,1000
31442,0.000937371,0.937371,1000
31443,0.027500531,27.500531,1000
31444,0.001525865,1.525865,1000
31445,0.001148693,1.148693,1000
31446,0.000744259,0.744259,1000
31447,0.000575913,0.575913,1000
31448,0.002856296,2.856296,1000
31449,0.00283643,2.83643,1000
31450,0.000606309,0.606309,1000
31451,0.000711966,0.711966,1000
31452,0.00099109,0.99109,1000
31453,0.001647308,1.647308,1000
31454,0.000772499,0.772499,1000
31455,0.0011823,1.1823,1000
31456,0.000825966,0.825966,1000
31457,0.001542492,1.542492,1000
31458,0.056157536,56.157536,1000
31459,0.000681251,0.681251,1000
31460,0.003482182,3.482182,1000
31461,0.001106986,1.106986,1000
31462,0.000881331,0.881331,1000
31463,0.000978439,0.978439,1000
31464,0.001011936,1.011936,1000
31465,0.001139001,1.139001,1000
31466,0.00098284,0.98284,1000
31467,0.000727103,0.727103,1000
31468,0.001029247,1.029247,1000
31469,0.001480218,1.480218,1000
31470,0.008353859,8.353859,1000
31471,0.001029247,1.029247,1000
31472,0.00117287,1.17287,1000
31473,0.000701789,0.701789,1000
31474,0.001042288,1.042288,1000
31475,0.001042288,1.042288,1000
31476,0.001370039,1.370039,1000
31477,0.001456359,1.456359,1000
31478,0.008180151,8.180151,1000
31479,0.001237698,1.237698,1000
31480,0.000912571,0.912571,1000
31481,0.001273071,1.273071,1000
31482,0.00081943,0.81943,1000
31483,0.000335378,0.335378,1000
31484,0.000725777,0.725777,1000
31485,0.000733755,0.733755,1000
31486,0.000509082,0.509082,1000
31487,0.002947771,2.947771,1000
31488,0.000782611,0.782611,1000
31489,0.000632423,0.632423,1000
31490,0.001505839,1.505839,1000
31491,0.000595243,0.595243,1000
31492,0.000706947,0.706947,1000
31493,0.000806539,0.806539,1000
31494,0.001062502,1.062502,1000
31495,0.00331152,3.31152,1000
31496,0.001006227,1.006227,1000
31497,0.006158103,6.158103,1000
31498,0.001497556,1.497556,1000
31499,0.001517431,1.517431,1000
31500,0.00118101,1.18101,1000
31501,0.001098924,1.098924,1000
31502,0.003939658,3.939658,1000
31503,0.002242854,2.242854,1000
31504,0.000825966,0.825966,1000
31505,0.001104592,1.104592,1000
31506,0.001097456,1.097456,1000
31507,0.001382615,1.382615,1000
31508,0.001071105,1.071105,1000
31509,0.000798078,0.798078,1000
31510,0.001689959,1.689959,1000
31511,0.001029247,1.029247,1000
31512,0.000714931,0.714931,1000
31513,0.001006227,1.006227,1000
31514,0.00124787,1.24787,1000
31515,0.000717943,0.717943,1000
31516,0.00063954,0.63954,1000
31517,0.001062519,1.062519,1000
31518,0.002645334,2.645334,1000
31519,0.001175848,1.175848,1000
31520,0.001497445,1.497445,1000
31521,0.000982799,0.982799,1000
31522,0.00103168,1.03168,1000
31523,0.007763764,7.763764,1000
31524,0.000588589,0.588589,1000
31525,0.182168358,182.168358,1000
31526,0.000657075,0.657075,1000
31527,0.026789491,26.789491,1000
31528,0.001374846,1.374846,1000
31529,0.001062541,1.062541,1000
31530,0.000762661,0.762661,1000
31531,0.001187853,1.187853,1000
31532,0.001633611,1.633611,1000
31533,0.017038357,17.038357,1000
31534,0.001204353,1.204353,1000
31535,0.001457786,1.457786,1000
31536,0.004857622,4.857622,1000
31537,0.000704033,0.704033,1000
31538,0.002308427,2.308427,1000
31539,0.00061726,0.61726,1000
31540,0.000757451,0.757451,1000
31541,0.595283003,595.283003,1000
31542,0.002934503,2.934503,1000
31543,0.0015091,1.5091,1000
31544,0.0076408,7.6408,1000
31545,0.000696363,0.696363,1000
31546,0.000783777,0.783777,1000
31547,0.000727289,0.727289,1000
31548,0.000668843,0.668843,1000
31549,0.002954188,2.954188,1000
31550,0.000963771,0.963771,1000
31551,0.006206744,6.206744,1000
31552,0.000643632,0.643632,1000
31553,0.000876866,0.876866,1000
31554,0.06457589,64.57589,1000
31555,0.005683395,5.683395,1000
31556,0.001071066,1.071066,1000
31557,0.000690676,0.690676,1000
31558,0.001589861,1.589861,1000
31559,0.001336872,1.336872,1000
31560,0.001461907,1.461907,1000
31561,0.000707032,0.707032,1000
31562,0.000675718,0.675718,1000
31563,0.001927204,1.927204,1000
31564,0.003960527,3.960527,1000
31565,0.004223991,4.223991,1000
31566,0.000573395,0.573395,1000
31567,0.000648331,0.648331,1000
31568,0.002262587,2.262587,1000
31569,0.002110052,2.110052,1000
31570,0.000757199,0.757199,1000
31571,0.001611942,1.611942,1000
31572,0.000385456,0.385456,1000
31573,0.00117837,1.17837,1000
31574,0.000825966,0.825966,1000
31575,0.000548712,0.548712,1000
31576,0.000768508,0.768508,1000
31577,0.001062379,1.062379,1000
31578,0.000948554,0.948554,1000
31579,0.194545855,194.545855,1000
31580,0.000647045,0.647045,1000
31581,0.00103168,1.03168,1000
31582,0.000803369,0.803369,1000
31583,0.000740538,0.740538,1000
31584,0.001167397,1.167397,1000
31585,0.002011165,2.011165,1000
31586,0.001030842,1.030842,1000
31587,0.001940641,1.940641,1000
31589,0.004807838,4.807838,1000
31590,0.000717375,0.717375,1000
31591,0.001155124,1.155124,1000
31592,0.000813867,0.813867,1000
31593,0.000972643,0.972643,1000
31594,0.000963458,0.963458,1000
31595,0.006043445,6.043445,1000
31596,0.001118938,1.118938,1000
31597,0.001070943,1.070943,1000
31598,0.00054017,0.54017,1000
31599,0.001134352,1.134352,1000
31600,0.000825966,0.825966,1000
31601,0.002659046,2.659046,1000
31602,0.000635604,0.635604,1000
31603,0.000616457,0.616457,1000
31604,0.000867315,0.867315,1000
31605,0.000993186,0.993186,1000
31606,0.00069937,0.69937,1000
31607,0.001077081,1.077081,1000
31608,0.001523042,1.523042,1000
31609,0.006603244,6.603244,1000
31610,0.00071937,0.71937,1000
31611,0.000628419,0.628419,1000
31612,0.003445349,3.445349,1000
31613,0.00082213,0.82213,1000
31614,0.001424062,1.424062,1000
31615,0.005610644,5.610644,1000
31616,0.001146083,1.146083,1000
31617,0.001611633,1.611633,1000
31618,0.000812959,0.812959,1000
31619,0.002700787,2.700787,1000
31620,0.000767862,0.767862,1000
31621,0.01592665,15.92665,1000
31622,0.012844611,12.844611,1000
31623,0.001231268,1.231268,1000
31624,0.00158555,1.58555,1000
31625,0.000937184,0.937184,1000
31626,0.000738343,0.738343,1000
31627,0.001437305,1.437305,1000
31628,0.000837801,0.837801,1000
31629,0.00104294,1.04294,1000
31630,0.002630436,2.630436,1000
31631,0.001939974,1.939974,1000
31632,0.000753543,0.753543,1000
31633,0.012927166,12.927166,1000
31634,0.001224528,1.224528,1000
31635,0.00179978,1.79978,1000
31636,0.000842617,0.842617,1000
31637,0.000579322,0.579322,1000
31638,0.024539454,24.539454,1000
31639,0.000793508,0.793508,1000
31640,0.000969683,0.969683,1000
31641,0.00081241,0.81241,1000
31642,0.003634016,3.634016,1000
31643,0.001524419,1.524419,1000
31644,0.000972023,0.972023,1000
31645,0.001510527,1.510527,1000
31646,0.002579886,2.579886,1000
31647,0.000454228,0.454228,1000
31648,0.000317449,0.317449,1000
31649,0.001478146,1.478146,1000
31650,0.000942218,0.942218,1000
31651,0.000928753,0.928753,1000
31652,0.001006227,1.006227,1000
31653,0.000928202,0.928202,1000
31654,0.001224264,1.224264,1000
31655,0.003028361,3.028361,1000
31656,0.000937311,0.937311,1000
31657,0.001062541,1.062541,1000
31658,0.001732329,1.732329,1000
31659,0.001042979,1.042979,1000
31660,0.000703556,0.703556,1000
31661,0.000993186,0.993186,1000
31662,0.002496515,2.496515,1000
31663,0.004691888,4.691888,1000
31664,0.002901585,2.901585,1000
31665,0.001138386,1.138386,1000
31666,0.000866446,0.866446,1000
31667,0.000643356,0.643356,1000
31668,0.000813113,0.813113,1000
31669,0.00103168,1.03168,1000
31670,0.001525076,1.525076,1000
31671,0.008606225,8.606225,1000
31672,0.008339936,8.339936,1000
31673,0.075125867,75.125867,1000
31674,0.00299273,2.99273,1000
31675,0.026594743,26.594743,1000
31676,0.0161079,16.1079,1000
31677,0.000862759,0.862759,1000
31678,0.008061473,8.061473,1000
31679,0.015939789,15.939789,1000
31680,0.026821431,26.821431,1000
31681,0.000282911,0.282911,1000
31682,0.001057266,1.057266,1000
31683,0.002978734,2.978734,1000
31684,0.00289666,2.89666,1000
31685,0.027650466,27.650466,1000
31686,0.040537016,40.537016,1000
31687,0.000415363,0.415363,1000
31688,0.008041558,8.041558,1000
31689,0.001889048,1.889048,1000
31690,0.00061554,0.61554,1000
31691,0.000703829,0.703829,1000
31692,0.008038451,8.038451,1000
31693,0.016219408,16.219408,1000
31694,0.008542424,8.542424,1000
31695,0.016127627,16.127627,1000
31696,0.000682232,0.682232,1000
31697,0.000530142,0.530142,1000
31698,0.016148165,16.148165,1000
31699,0.016069241,16.069241,1000
31700,0.00294129,2.94129,1000
31701,0.001453099,1.453099,1000
31702,0.000696581,0.696581,1000
31703,0.007994976,7.994976,1000
31704,0.000958861,0.958861,1000
31705,0.008373319,8.373319,1000
31706,0.00063969,0.63969,1000
31707,0.015920797,15.920797,1000
31708,0.0004252,0.4252,1000
31709,0.000494027,0.494027,1000
31710,0.028436464,28.436464,1000
31711,0.000719016,0.719016,1000
31712,0.002976709,2.976709,1000
31713,0.000862089,0.862089,1000
31714,0.000688284,0.688284,1000
31715,0.008306723,8.306723,1000
31716,0.000243086,0.243086,1000
31717,0.003424854,3.424854,1000
31718,0.000843365,0.843365,1000
31719,0.000860795,0.860795,1000
31720,0.001022951,1.022951,1000
31721,0.00299777,2.99777,1000
31722,0.000714525,0.714525,1000
31723,0.002812567,2.812567,1000
31724,0.001225724,1.225724,1000
31725,0.000702179,0.702179,1000
31726,0.001006227,1.006227,1000
31727,0.000895374,0.895374,1000
31728,0.000488843,0.488843,1000
31729,0.000807809,0.807809,1000
31730,0.001180554,1.180554,1000
31731,0.000680801,0.680801,1000
31732,0.000556283,0.556283,1000
31733,0.00246799,2.46799,1000
31734,0.000578612,0.578612,1000
31735,0.001018972,1.018972,1000
31736,0.004688651,4.688651,1000
31737,0.000949371,0.949371,1000
31739,0.003179704,3.179704,1000
31740,0.004571793,4.571793,1000
31741,0.000665494,0.665494,1000
31742,0.001523569,1.523569,1000
31743,0.002751108,2.751108,1000
31744,0.026849864,26.849864,1000
31745,0.000556319,0.556319,1000
31746,0.009523637,9.523637,1000
31747,0.000749053,0.749053,1000
31748,0.007932218,7.932218,1000
31749,0.000830385,0.830385,1000
31750,0.001375999,1.375999,1000
31751,0.008271542,8.271542,1000
31752,0.000914614,0.914614,1000
31753,0.002912447,2.912447,1000
31754,0.015953987,15.953987,1000
31755,0.018550722,18.550722,1000
31756,0.016147395,16.147395,1000
31757,0.002915593,2.915593,1000
31758,0.005816078,5.816078,1000
31759,0.026786898,26.786898,1000
31760,0.002927561,2.927561,1000
31761,0.016327662,16.327662,1000
31762,0.000873869,0.873869,1000
31763,0.015960833,15.960833,1000
31764,0.003881749,3.881749,1000
31765,0.00317252,3.17252,1000
31766,0.00060569,0.60569,1000
31767,0.003021297,3.021297,1000
31768,0.00053961,0.53961,1000
31769,0.007939201,7.939201,1000
31770,0.016018773,16.018773,1000
31771,0.0015091,1.5091,1000
31772,0.001545753,1.545753,1000
31773,0.00910952,9.10952,1000
31774,0.00287786,2.87786,1000
31775,0.003733847,3.733847,1000
31776,0.000691296,0.691296,1000
31777,0.008032651,8.032651,1000
31778,0.003498252,3.498252,1000
31779,0.001180442,1.180442,1000
31780,0.003175454,3.175454,1000
31781,0.001150772,1.150772,1000
31782,0.00304384,3.04384,1000
31783,0.000515296,0.515296,1000
31784,0.00104294,1.04294,1000
31785,0.003518088,3.518088,1000
31786,0.000696186,0.696186,1000
31787,0.005041874,5.041874,1000
31788,0.000984438,0.984438,1000
31789,0.000722706,0.722706,1000
31790,0.000725122,0.725122,1000
31791,0.0015091,1.5091,1000
31792,0.002854565,2.854565,1000
31793,0.002788567,2.788567,1000
31794,0.000463994,0.463994,1000
31795,0.000866995,0.866995,1000
31796,0.00046576,0.46576,1000
31797,0.001356916,1.356916,1000
31798,0.001280676,1.280676,1000
31799,0.001480195,1.480195,1000
31800,0.000601312,0.601312,1000
31801,0.00103168,1.03168,1000
31802,0.001557963,1.557963,1000
31803,0.001382615,1.382615,1000
31804,0.019282987,19.282987,1000
31805,0.001653739,1.653739,1000
31806,0.00107152,1.07152,1000
31807,0.001043007,1.043007,1000
31808,0.000699169,0.699169,1000
31809,0.001779101,1.779101,1000
31810,0.001197878,1.197878,1000
31811,0.040224237,40.224237,1000
31812,0.002740299,2.740299,1000
31813,0.000390463,0.390463,1000
31814,0.040059751,40.059751,1000
31815,0.015993177,15.993177,1000
31816,0.002946436,2.946436,1000
31817,0.026578063,26.578063,1000
31818,0.008107164,8.107164,1000
31819,0.006159789,6.159789,1000
31820,0.000458819,0.458819,1000
31821,0.00078661,0.78661,1000
31822,0.002173656,2.173656,1000
31823,0.001272692,1.272692,1000
31824,0.007973806,7.973806,1000
31825,0.00429738,4.29738,1000
31826,0.00812011,8.12011,1000
31827,0.008032926,8.032926,1000
31828,0.008127842,8.127842,1000
31829,0.016052326,16.052326,1000
31830,0.000361525,0.361525,1000
31831,0.018879045,18.879045,1000
31832,0.00309614,3.09614,1000
31833,0.002950307,2.950307,1000
31834,0.016289193,16.289193,1000
31835,0.016001346,16.001346,1000
31836,0.001735066,1.735066,1000
31837,0.007928583,7.928583,1000
31838,0.008058618,8.058618,1000
31839,0.0025395,2.5395,1000
31840,0.01622819,16.22819,1000
31841,0.001382519,1.382519,1000
31842,0.044332443,44.332443,1000
31843,0.008050838,8.050838,1000
31844,0.015977285,15.977285,1000
31845,0.008964047,8.964047,1000
31846,0.015828064,15.828064,1000
31847,0.002837289,2.837289,1000
31848,0.003098418,3.098418,1000
31849,0.00064922,0.64922,1000
31850,0.002964723,2.964723,1000
31851,0.008237006,8.237006,1000
31852,0.008099374,8.099374,1000
31853,0.000810542,0.810542,1000
31854,0.001483426,1.483426,1000
31855,0.003065007,3.065007,1000
31856,0.003037471,3.037471,1000
31857,0.000645233,0.645233,1000
31858,0.002963202,2.963202,1000
31859,0.003003811,3.003811,1000
31860,0.001604228,1.604228,1000
31861,0.001720278,1.720278,1000
31862,0.002935557,2.935557,1000
31863,0.003260599,3.260599,1000
31864,0.00044686,0.44686,1000
31865,0.000877791,0.877791,1000
31866,0.000649633,0.649633,1000
31867,0.0079902,7.9902,1000
31868,0.001185593,1.185593,1000
31869,0.000948874,0.948874,1000
31870,0.002711871,2.711871,1000
31871,0.000857972,0.857972,1000
31872,0.000778394,0.778394,1000
31873,0.000716736,0.716736,1000
31874,0.001497512,1.497512,1000
31875,0.000471192,0.471192,1000
31876,0.095385023,95.385023,1000
31877,0.001184545,1.184545,1000
31878,0.000830672,0.830672,1000
31879,0.001319766,1.319766,1000
31880,0.000948554,0.948554,1000
31881,0.015873924,15.873924,1000
31882,0.001088705,1.088705,1000
31883,0.016053583,16.053583,1000
31884,0.005672062,5.672062,1000
31885,0.002706204,2.706204,1000
31886,0.001644259,1.644259,1000
31887,0.015914587,15.914587,1000
31888,0.007956664,7.956664,1000
31889,0.008009681,8.009681,1000
31890,0.00812666,8.12666,1000
31891,0.016142379,16.142379,1000
31892,0.00831862,8.31862,1000
31893,0.015924219,15.924219,1000
31894,0.008185971,8.185971,1000
31895,0.000890686,0.890686,1000
31896,0.002981884,2.981884,1000
31897,0.029069534,29.069534,1000
31898,0.002957804,2.957804,1000
31899,0.003097821,3.097821,1000
31900,0.016001801,16.001801,1000
31901,0.008201548,8.201548,1000
31902,0.003048906,3.048906,1000
31903,0.014945654,14.945654,1000
31904,0.026549399,26.549399,1000
31905,0.002903899,2.903899,1000
31906,0.000704875,0.704875,1000
31907,0.008478472,8.478472,1000
31908,0.002832333,2.832333,1000
31909,0.000630995,0.630995,1000
31910,0.003080379,3.080379,1000
31911,0.019274502,19.274502,1000
31912,0.000407003,0.407003,1000
31913,0.001108913,1.108913,1000
31914,0.059337124,59.337124,1000
31915,0.001134352,1.134352,1000
31916,0.010404773,10.404773,1000
31917,0.001062519,1.062519,1000
31918,0.002896381,2.896381,1000
31919,0.000966762,0.966762,1000
31920,0.008192927,8.192927,1000
31921,0.000259006,0.259006,1000
31922,0.015899287,15.899287,1000
31923,0.001027076,1.027076,1000
31924,0.001302427,1.302427,1000
31925,0.000447652,0.447652,1000
31926,0.002912846,2.912846,1000
31927,0.001042979,1.042979,1000
31928,0.000969887,0.969887,1000
31929,0.003173977,3.173977,1000
31930,0.000841965,0.841965,1000
31931,0.000846765,0.846765,1000
31932,0.000988938,0.988938,1000
31933,0.003411892,3.411892,1000
31934,0.000958455,0.958455,1000
31935,0.000429536,0.429536,1000
31936,0.002714595,2.714595,1000
31937,0.000850811,0.850811,1000
31938,0.001260194,1.260194,1000
31939,0.000628424,0.628424,1000
31940,0.000584543,0.584543,1000
31941,0.000881182,0.881182,1000
31942,0.003131634,3.131634,1000
31943,0.000324039,0.324039,1000
31944,0.002633876,2.633876,1000
31945,0.000583323,0.583323,1000
31946,0.008309201,8.309201,1000
31947,0.026832759,26.832759,1000
31948,0.04027005,40.27005,1000
31949,0.040024199,40.024199,1000
31950,0.026684579,26.684579,1000
31951,0.000533672,0.533672,1000
31952,0.008081929,8.081929,1000
31953,0.008374611,8.374611,1000
31954,0.008489805,8.489805,1000
31955,0.002983244,2.983244,1000
31956,0.002665148,2.665148,1000
31957,0.027389177,27.389177,1000
31958,0.000762563,0.762563,1000
31959,0.003124268,3.124268,1000
31960,0.016642261,16.642261,1000
31961,0.002928175,2.928175,1000
31962,0.026782926,26.782926,1000
31963,0.000897068,0.897068,1000
31964,0.008080673,8.080673,1000
31965,0.001331618,1.331618,1000
31966,0.000486819,0.486819,1000
31967,0.006127241,6.127241,1000
31968,0.000915647,0.915647,1000
31969,0.003163466,3.163466,1000
31970,0.000721255,0.721255,1000
31971,0.000601965,0.601965,1000
31972,0.001584186,1.584186,1000
31973,0.007040661,7.040661,1000
31974,0.001130304,1.130304,1000
31975,0.000834856,0.834856,1000
31976,0.001021814,1.021814,1000
31977,0.001162224,1.162224,1000
31978,0.015891794,15.891794,1000
31979,0.026669549,26.669549,1000
31980,0.00290321,2.90321,1000
31981,0.040102771,40.102771,1000
31982,0.008142099,8.142099,1000
31983,0.002893109,2.893109,1000
31984,0.008371576,8.371576,1000
31985,0.015899224,15.899224,1000
31986,0.008108941,8.108941,1000
31987,0.016084538,16.084538,1000
31988,0.008241074,8.241074,1000
31989,0.008251396,8.251396,1000
31990,0.003299883,3.299883,1000
31991,0.008412966,8.412966,1000
31992,0.02653096,26.53096,1000
31993,0.001307175,1.307175,1000
31994,0.008051858,8.051858,1000
31995,0.008568144,8.568144,1000
31996,0.015863248,15.863248,1000
31997,0.001608896,1.608896,1000
31998,0.000327691,0.327691,1000
31999,0.026623504,26.623504,1000
32000,0.008111145,8.111145,1000
32001,0.002946243,2.946243,1000
32002,0.000574791,0.574791,1000
32003,0.004995807,4.995807,1000
32004,0.007979413,7.979413,1000
32005,0.00114796,1.14796,1000
32006,0.000429059,0.429059,1000
32007,0.002907795,2.907795,1000
32008,0.002980343,2.980343,1000
32009,0.003174323,3.174323,1000
32010,0.015925215,15.925215,1000
32011,0.015944381,15.944381,1000
32012,0.001385415,1.385415,1000
32013,0.003212823,3.212823,1000
32014,0.002854229,2.854229,1000
32015,0.002159964,2.159964,1000
32016,0.000360143,0.360143,1000
32017,0.015824532,15.824532,1000
32018,0.000274372,0.274372,1000
32019,0.000291958,0.291958,1000
32020,0.000589056,0.589056,1000
32021,0.001194411,1.194411,1000
32022,0.000464052,0.464052,1000
32023,0.016208984,16.208984,1000
32024,0.008105222,8.105222,1000
32025,0.001520493,1.520493,1000
32026,0.00110235,1.10235,1000
32027,0.000569742,0.569742,1000
32028,0.003071701,3.071701,1000
32029,0.000877974,0.877974,1000
32030,0.004481582,4.481582,1000
32031,0.00146293,1.46293,1000
32032,0.00291504,2.91504,1000
32033,0.000712089,0.712089,1000
32034,0.018203216,18.203216,1000
32035,0.001858764,1.858764,1000
32036,0.000549027,0.549027,1000
32037,0.000799754,0.799754,1000
32038,0.002239086,2.239086,1000
32039,0.001733615,1.733615,1000
32040,0.00124978,1.24978,1000
32041,0.001285555,1.285555,1000
32042,0.001293158,1.293158,1000
32043,0.000307108,0.307108,1000
32044,0.000475569,0.475569,1000
32045,0.000917987,0.917987,1000
32046,0.000990515,0.990515,1000
32047,0.007932943,7.932943,1000
32048,0.026564295,26.564295,1000
32049,0.008436787,8.436787,1000
32050,0.026550746,26.550746,1000
32051,0.026675388,26.675388,1000
32052,0.015883446,15.883446,1000
32053,0.011463277,11.463277,1000
32054,0.003225412,3.225412,1000
32055,0.003038452,3.038452,1000
32056,0.008320704,8.320704,1000
32057,0.026743863,26.743863,1000
32058,0.01590656,15.90656,1000
32059,0.056374178,56.374178,1000
32060,0.002246091,2.246091,1000
32061,0.000505888,0.505888,1000
32062,0.008414433,8.414433,1000
32063,0.000472765,0.472765,1000
32064,0.000513457,0.513457,1000
32065,0.00084888,0.84888,1000
32066,0.026552378,26.552378,1000
32067,0.016068627,16.068627,1000
32068,0.008448612,8.448612,1000
32069,0.000782057,0.782057,1000
32070,0.04008337,40.08337,1000
32071,0.008045145,8.045145,1000
32072,0.02660231,26.60231,1000
32073,0.002743155,2.743155,1000
32074,0.002829663,2.829663,1000
32075,0.002464274,2.464274,1000
32076,0.002845081,2.845081,1000
32077,0.000758364,0.758364,1000
32078,0.000661839,0.661839,1000
32079,0.000821736,0.821736,1000
32080,0.011359366,11.359366,1000
32081,0.002963689,2.963689,1000
32082,0.015189375,15.189375,1000
32083,0.000806869,0.806869,1000
32084,0.000878764,0.878764,1000
32085,0.016094363,16.094363,1000
32086,0.026576505,26.576505,1000
32087,0.002797931,2.797931,1000
32088,0.00037886,0.37886,1000
32089,0.016591985,16.591985,1000
32090,0.000600531,0.600531,1000
32091,0.000509122,0.509122,1000
32092,0.000666053,0.666053,1000
32093,0.000789519,0.789519,1000
32094,0.001384749,1.384749,1000
32095,0.009106328,9.106328,1000
32096,0.000860129,0.860129,1000
32097,0.037538355,37.538355,1000
32098,0.0014365,1.4365,1000
32099,0.003200315,3.200315,1000
32100,0.000518134,0.518134,1000
32101,0.003176497,3.176497,1000
32102,0.000581754,0.581754,1000
32103,0.001347167,1.347167,1000
32104,0.000892337,0.892337,1000
32105,0.000373145,0.373145,1000
32106,0.003199767,3.199767,1000
32107,0.000790762,0.790762,1000
32108,0.00118098,1.18098,1000
32109,0.000904697,0.904697,1000
32110,0.001063784,1.063784,1000
32111,0.000329427,0.329427,1000
32112,0.00083433,0.83433,1000
32113,0.000966889,0.966889,1000
32114,0.001042957,1.042957,1000
32115,0.002901221,2.901221,1000
32116,0.00070619,0.70619,1000
32117,0.016045016,16.045016,1000
32118,0.026804144,26.804144,1000
32119,0.01619605,16.19605,1000
32120,0.002886939,2.886939,1000
32121,0.002682749,2.682749,1000
32122,0.001736641,1.736641,1000
32123,0.00799718,7.99718,1000
32124,0.015887374,15.887374,1000
32125,0.000634591,0.634591,1000
32126,0.0159444,15.9444,1000
32127,0.007950535,7.950535,1000
32128,0.026901072,26.901072,1000
32129,0.056232747,56.232747,1000
32130,0.007983023,7.983023,1000
32131,0.007904715,7.904715,1000
32132,0.040210388,40.210388,1000
32133,0.002788953,2.788953,1000
32134,0.000444666,0.444666,1000
32135,0.00396005,3.96005,1000
32136,0.002889119,2.889119,1000
32137,0.008427314,8.427314,1000
32138,0.026689865,26.689865,1000
32139,0.002892709,2.892709,1000
32140,0.001140947,1.140947,1000
32141,0.008239748,8.239748,1000
32142,0.000544976,0.544976,1000
32143,0.001460214,1.460214,1000
32144,0.008018905,8.018905,1000
32145,0.001600068,1.600068,1000
32146,0.000315614,0.315614,1000
32147,0.000530664,0.530664,1000
32148,0.007910049,7.910049,1000
32149,0.008480166,8.480166,1000
32150,0.000498011,0.498011,1000
32151,0.00280842,2.80842,1000
32152,0.000872074,0.872074,1000
32153,0.000924692,0.924692,1000
32154,0.000377333,0.377333,1000
32155,0.003233266,3.233266,1000
32156,0.039967199,39.967199,1000
32157,0.003531923,3.531923,1000
32158,0.015942321,15.942321,1000
32159,0.003218438,3.218438,1000
32160,0.002914389,2.914389,1000
32161,0.008815711,8.815711,1000
32162,0.00053162,0.53162,1000
32163,0.003036952,3.036952,1000
32164,0.001168409,1.168409,1000
32165,0.003400868,3.400868,1000
32166,0.00064014,0.64014,1000
32167,0.000993186,0.993186,1000
32168,0.000538163,0.538163,1000
32169,0.000574407,0.574407,1000
32170,0.003289579,3.289579,1000
32171,0.001063801,1.063801,1000
32172,0.001659121,1.659121,1000
32173,0.00107398,1.07398,1000
32174,0.009151832,9.151832,1000
32175,0.002973534,2.973534,1000
32176,0.003045625,3.045625,1000
32177,0.0079397,7.9397,1000
32178,0.016513478,16.513478,1000
32179,0.000606172,0.606172,1000
32180,0.000512901,0.512901,1000
32181,0.015980207,15.980207,1000
32182,0.016005494,16.005494,1000
32183,0.016889055,16.889055,1000
32184,0.00050604,0.50604,1000
32185,0.008865844,8.865844,1000
32186,0.001928033,1.928033,1000
32187,0.026675726,26.675726,1000
32188,0.007966716,7.966716,1000
32189,0.008368438,8.368438,1000
32190,0.000924542,0.924542,1000
32191,0.003258332,3.258332,1000
32192,0.002889605,2.889605,1000
32193,0.008279443,8.279443,1000
32194,0.008490845,8.490845,1000
32195,0.003519676,3.519676,1000
32196,0.002982308,2.982308,1000
32197,0.000756122,0.756122,1000
32198,0.000658296,0.658296,1000
32199,0.001097313,1.097313,1000
32200,0.001044721,1.044721,1000
32201,0.002769208,2.769208,1000
32202,0.003541142,3.541142,1000
32203,0.016220745,16.220745,1000
32204,0.000570751,0.570751,1000
32205,0.026811927,26.811927,1000
32206,0.000366081,0.366081,1000
32207,0.008262323,8.262323,1000
32208,0.015943795,15.943795,1000
32209,0.000522628,0.522628,1000
32210,0.000852242,0.852242,1000
32211,0.008155741,8.155741,1000
32212,0.000575322,0.575322,1000
32213,0.004048327,4.048327,1000
32214,0.062235588,62.235588,1000
32215,0.004432673,4.432673,1000
32216,0.000650639,0.650639,1000
32217,0.007972283,7.972283,1000
32218,0.000920405,0.920405,1000
32219,0.003082746,3.082746,1000
32220,0.001263764,1.263764,1000
32221,0.000912095,0.912095,1000
32222,0.008132556,8.132556,1000
32223,0.000738343,0.738343,1000
32224,0.023144545,23.144545,1000
32225,0.000365869,0.365869,1000
32226,0.00104288,1.04288,1000
32227,0.008125299,8.125299,1000
32228,0.000424639,0.424639,1000
32229,0.00815513,8.15513,1000
32230,0.008444992,8.444992,1000
32231,0.000580891,0.580891,1000
32232,0.000362465,0.362465,1000
32233,0.001146902,1.146902,1000
32234,0.000558626,0.558626,1000
32235,0.001645881,1.645881,1000
32236,0.000778526,0.778526,1000
32237,0.007944477,7.944477,1000
32238,0.001691201,1.691201,1000
32239,0.000799607,0.799607,1000
32240,0.001703666,1.703666,1000
32241,0.0081134,8.1134,1000
32242,0.075142373,75.142373,1000
32243,0.008671937,8.671937,1000
32244,0.000935294,0.935294,1000
32245,0.000714781,0.714781,1000
32246,0.016413536,16.413536,1000
32247,0.003318131,3.318131,1000
32248,0.026526306,26.526306,1000
32249,0.000658751,0.658751,1000
32250,0.007954016,7.954016,1000
32251,0.000912607,0.912607,1000
32252,0.002749896,2.749896,1000
32253,0.026657398,26.657398,1000
32254,0.002724613,2.724613,1000
32255,0.002874996,2.874996,1000
32256,0.009470736,9.470736,1000
32257,0.008150527,8.150527,1000
32258,0.015934317,15.934317,1000
32259,0.003064921,3.064921,1000
32260,0.003788437,3.788437,1000
32261,0.008052472,8.052472,1000
32262,0.000300211,0.300211,1000
32263,0.000757381,0.757381,1000
32264,0.016375852,16.375852,1000
32265,0.000721689,0.721689,1000
32266,0.001062305,1.062305,1000
32267,0.000827314,0.827314,1000
32268,0.000719147,0.719147,1000
32269,0.015961898,15.961898,1000
32270,0.008406809,8.406809,1000
32271,0.002817984,2.817984,1000
32272,0.002811313,2.811313,1000
32273,0.000718124,0.718124,1000
32274,0.008714618,8.714618,1000
32275,0.002764697,2.764697,1000
32276,0.000564422,0.564422,1000
32277,0.008032819,8.032819,1000
32278,0.026590553,26.590553,1000
32279,0.000936287,0.936287,1000
32280,0.016369381,16.369381,1000
32281,0.000828298,0.828298,1000
32282,0.003271923,3.271923,1000
32283,0.007945977,7.945977,1000
32284,0.000844733,0.844733,1000
32285,0.00311765,3.11765,1000
32286,0.000421189,0.421189,1000
32287,0.000663324,0.663324,1000
32288,0.001062502,1.062502,1000
32289,0.000937731,0.937731,1000
32290,0.000424705,0.424705,1000
32291,0.001757689,1.757689,1000
32292,0.000565312,0.565312,1000
32293,0.016026156,16.026156,1000
32294,0.000590526,0.590526,1000
32295,0.003438873,3.438873,1000
32296,0.000504395,0.504395,1000
32297,0.000890052,0.890052,1000
32298,0.000665055,0.665055,1000
32299,0.000471889,0.471889,1000
32300,0.001783867,1.783867,1000
32301,0.001231268,1.231268,1000
32302,0.000757918,0.757918,1000
32303,0.000678594,0.678594,1000
32304,0.00261154,2.61154,1000
32305,0.000724888,0.724888,1000
32306,0.000806727,0.806727,1000
32307,0.000716392,0.716392,1000
32308,0.017103508,17.103508,1000
32309,0.031615523,31.615523,1000
32310,0.00793035,7.93035,1000
32311,0.01587422,15.87422,1000
32312,0.00282814,2.82814,1000
32313,0.015933724,15.933724,1000
32314,0.002905774,2.905774,1000
32315,0.016026906,16.026906,1000
32316,0.000384081,0.384081,1000
32317,0.000872872,0.872872,1000
32318,0.016160881,16.160881,1000
32319,0.0266123,26.6123,1000
32320,0.000849518,0.849518,1000
32321,0.027021011,27.021011,1000
32322,0.040004283,40.004283,1000
32323,0.008479539,8.479539,1000
32324,0.00345494,3.45494,1000
32325,0.000500842,0.500842,1000
32326,0.003137677,3.137677,1000
32327,0.015999048,15.999048,1000
32328,0.008138232,8.138232,1000
32329,0.003013355,3.013355,1000
32330,0.000692378,0.692378,1000
32331,0.016115749,16.115749,1000
32332,0.003102165,3.102165,1000
32333,0.002762799,2.762799,1000
32334,0.002922412,2.922412,1000
32335,0.000729277,0.729277,1000
32336,0.016281228,16.281228,1000
32337,0.01685616,16.85616,1000
32338,0.001152443,1.152443,1000
32339,0.003430653,3.430653,1000
32340,0.002983346,2.983346,1000
32341,0.00798129,7.98129,1000
32342,0.002789301,2.789301,1000
32343,0.000938941,0.938941,1000
32344,0.008137799,8.137799,1000
32345,0.000811311,0.811311,1000
32346,0.000458431,0.458431,1000
32347,0.008239547,8.239547,1000
32348,0.004605352,4.605352,1000
32349,0.003097107,3.097107,1000
32350,0.002924144,2.924144,1000
32351,0.002757752,2.757752,1000
32352,0.003801633,3.801633,1000
32353,0.015851548,15.851548,1000
32354,0.008025613,8.025613,1000
32355,0.000411493,0.411493,1000
32356,0.000559234,0.559234,1000
32357,0.002804866,2.804866,1000
32358,0.002207987,2.207987,1000
32359,0.026519258,26.519258,1000
32360,0.002761985,2.761985,1000
32361,0.00065885,0.65885,1000
32362,0.005287755,5.287755,1000
32363,0.015850181,15.850181,1000
32364,0.003247134,3.247134,1000
32365,0.000509576,0.509576,1000
32366,0.000296661,0.296661,1000
32367,0.008167786,8.167786,1000
32368,0.000490622,0.490622,1000
32369,0.001456359,1.456359,1000
32370,0.000296786,0.296786,1000
32371,0.001706549,1.706549,1000
32372,0.000967058,0.967058,1000
32373,0.001067701,1.067701,1000
32374,0.000319664,0.319664,1000
32375,0.000692731,0.692731,1000
32376,0.001480195,1.480195,1000
32377,0.026589771,26.589771,1000
32378,0.002953558,2.953558,1000
32379,0.015892455,15.892455,1000
32380,0.002955436,2.955436,1000
32381,0.002842181,2.842181,1000
32382,0.00101555,1.01555,1000
32383,0.056440038,56.440038,1000
32384,0.015961659,15.961659,1000
32385,0.003052293,3.052293,1000
32386,0.000493821,0.493821,1000
32387,0.002700773,2.700773,1000
32388,0.008188254,8.188254,1000
32389,0.02662623,26.62623,1000
32390,0.015877992,15.877992,1000
32391,0.040405052,40.405052,1000
32392,0.015930413,15.930413,1000
32393,0.00280341,2.80341,1000
32394,0.000543907,0.543907,1000
32395,0.000896923,0.896923,1000
32396,0.002810032,2.810032,1000
32397,0.003433572,3.433572,1000
32398,0.007974356,7.974356,1000
32399,0.00294078,2.94078,1000
32400,0.015896396,15.896396,1000
32401,0.027158194,27.158194,1000
32402,0.008047055,8.047055,1000
32403,0.016019217,16.019217,1000
32404,0.04010553,40.10553,1000
32405,0.026596663,26.596663,1000
32406,0.001183885,1.183885,1000
32407,0.00865815,8.65815,1000
32408,0.00317202,3.17202,1000
32409,0.015925785,15.925785,1000
32410,0.00311928,3.11928,1000
32411,0.002212675,2.212675,1000
32412,0.004077934,4.077934,1000
32413,0.002789419,2.789419,1000
32414,0.000521893,0.521893,1000
32415,0.008202372,8.202372,1000
32416,0.00392051,3.92051,1000
32417,0.000613504,0.613504,1000
32418,0.000552521,0.552521,1000
32419,0.000537327,0.537327,1000
32420,0.000660985,0.660985,1000
32421,0.008112269,8.112269,1000
32422,0.001313243,1.313243,1000
32423,0.000856489,0.856489,1000
32424,0.000927018,0.927018,1000
32425,0.000743282,0.743282,1000
32426,0.000445628,0.445628,1000
32427,0.000259048,0.259048,1000
32428,0.000778056,0.778056,1000
32429,0.000972515,0.972515,1000
32430,0.003074911,3.074911,1000
32431,0.004406898,4.406898,1000
32432,0.001062741,1.062741,1000
32433,0.000351497,0.351497,1000
32434,0.000362606,0.362606,1000
32435,0.0015091,1.5091,1000
32436,0.001405266,1.405266,1000
32437,0.000594796,0.594796,1000
32438,0.00074768,0.74768,1000
32439,0.000863871,0.863871,1000
32440,0.000814238,0.814238,1000
32441,0.001021104,1.021104,1000
32442,0.001108191,1.108191,1000
32443,0.008731462,8.731462,1000
32444,0.002790002,2.790002,1000
32445,0.002972923,2.972923,1000
32446,0.015954524,15.954524,1000
32447,0.008339547,8.339547,1000
32448,0.000370764,0.370764,1000
32449,0.026711522,26.711522,1000
32450,0.016239609,16.239609,1000
32451,0.000980984,0.980984,1000
32452,0.008478821,8.478821,1000
32453,0.016016587,16.016587,1000
32454,0.016094856,16.094856,1000
32455,0.00810697,8.10697,1000
32456,0.002966578,2.966578,1000
32457,0.008109234,8.109234,1000
32458,0.008514376,8.514376,1000
32459,0.002771852,2.771852,1000
32460,0.002984611,2.984611,1000
32461,0.00825303,8.25303,1000
32462,0.000438107,0.438107,1000
32463,0.002925879,2.925879,1000
32464,0.002713024,2.713024,1000
32465,0.00053632,0.53632,1000
32466,0.008273879,8.273879,1000
32467,0.000602533,0.602533,1000
32468,0.015859891,15.859891,1000
32469,0.003716836,3.716836,1000
32470,0.001436516,1.436516,1000
32471,0.008316174,8.316174,1000
32472,0.008258939,8.258939,1000
32473,0.003348074,3.348074,1000
32474,0.0266927,26.6927,1000
32475,0.000803523,0.803523,1000
32476,0.008182707,8.182707,1000
32477,0.008146668,8.146668,1000
32478,0.000797157,0.797157,1000
32479,0.001238573,1.238573,1000
32480,0.000551378,0.551378,1000
32481,0.002891666,2.891666,1000
32482,0.007986587,7.986587,1000
32483,0.003492878,3.492878,1000
32484,0.001270324,1.270324,1000
32485,0.000747052,0.747052,1000
32486,0.00800007,8.00007,1000
32487,0.002827734,2.827734,1000
32488,0.002807797,2.807797,1000
32489,0.00101558,1.01558,1000
32490,0.000606585,0.606585,1000
32491,0.003116537,3.116537,1000
32492,0.002896653,2.896653,1000
32493,0.008226208,8.226208,1000
32494,0.008333824,8.333824,1000
32495,0.000890297,0.890297,1000
32496,0.007993603,7.993603,1000
32497,0.000954816,0.954816,1000
32498,0.001681571,1.681571,1000
32499,0.001549511,1.549511,1000
32500,0.001300248,1.300248,1000
32501,0.000893826,0.893826,1000
32502,0.003055055,3.055055,1000
32503,0.001406366,1.406366,1000
32504,0.001345935,1.345935,1000
32505,0.000932922,0.932922,1000
32506,0.000849322,0.849322,1000
32507,0.002914081,2.914081,1000
32508,0.01605089,16.05089,1000
32509,0.000247742,0.247742,1000
32510,0.000532332,0.532332,1000
32511,0.02466382,24.66382,1000
32512,0.007962955,7.962955,1000
32513,0.000498403,0.498403,1000
32514,0.002829772,2.829772,1000
32515,0.015907665,15.907665,1000
32516,0.000442371,0.442371,1000
32517,0.058741049,58.741049,1000
32518,0.016034494,16.034494,1000
32519,0.002806562,2.806562,1000
32520,0.040139886,40.139886,1000
32521,0.002844222,2.844222,1000
32522,0.003342856,3.342856,1000
32523,0.00195161,1.95161,1000
32524,0.016331719,16.331719,1000
32525,0.008255548,8.255548,1000
32526,0.002794272,2.794272,1000
32527,0.000653521,0.653521,1000
32528,0.002771577,2.771577,1000
32529,0.000768362,0.768362,1000
32530,0.016702497,16.702497,1000
32531,0.008075419,8.075419,1000
32532,0.021133257,21.133257,1000
32533,0.02669088,26.69088,1000
32534,0.00811161,8.11161,1000
32535,0.003128601,3.128601,1000
32536,0.000826462,0.826462,1000
32537,0.008412568,8.412568,1000
32538,0.002752792,2.752792,1000
32539,0.000297216,0.297216,1000
32540,0.00812902,8.12902,1000
32541,0.000760491,0.760491,1000
32542,0.000808006,0.808006,1000
32543,0.002850288,2.850288,1000
32544,0.008074642,8.074642,1000
32545,0.003282163,3.282163,1000
32546,0.000799326,0.799326,1000
32547,0.008192744,8.192744,1000
32548,0.008226844,8.226844,1000
32549,0.008482661,8.482661,1000
32550,0.00623074,6.23074,1000
32551,0.000723496,0.723496,1000
32552,0.00122239,1.22239,1000
32553,0.00288584,2.88584,1000
32554,0.015840153,15.840153,1000
32555,0.003390039,3.390039,1000
32556,0.000792953,0.792953,1000
32557,0.00324386,3.24386,1000
32558,0.001657889,1.657889,1000
32559,0.015959951,15.959951,1000
32560,0.001319304,1.319304,1000
32561,0.003008306,3.008306,1000
32562,0.0012144,1.2144,1000
32563,0.041152153,41.152153,1000
32564,0.000478724,0.478724,1000
32565,0.007730391,7.730391,1000
32566,0.000408239,0.408239,1000
32567,0.001006227,1.006227,1000
32568,0.001074973,1.074973,1000
32569,0.001523753,1.523753,1000
32570,0.001068513,1.068513,1000
32571,0.001211719,1.211719,1000
32572,0.000517911,0.517911,1000
32573,0.001276078,1.276078,1000
32574,0.001545753,1.545753,1000
32575,0.00133532,1.33532,1000
32576,0.00354733,3.54733,1000
32577,0.016808935,16.808935,1000
32578,0.000601177,0.601177,1000
32579,0.026612217,26.612217,1000
32580,0.008152229,8.152229,1000
32581,0.002699889,2.699889,1000
32582,0.000826621,0.826621,1000
32583,0.000883887,0.883887,1000
32584,0.003676773,3.676773,1000
32585,0.003209828,3.209828,1000
32586,0.026872666,26.872666,1000
32587,0.000735799,0.735799,1000
32588,0.003240844,3.240844,1000
32589,0.002996911,2.996911,1000
32590,0.026530283,26.530283,1000
32591,0.001274886,1.274886,1000
32592,0.002800687,2.800687,1000
32593,0.008196024,8.196024,1000
32594,0.001151687,1.151687,1000
32595,0.00306814,3.06814,1000
32596,0.015922736,15.922736,1000
32597,0.007956663,7.956663,1000
32598,0.002926032,2.926032,1000
32599,0.002959676,2.959676,1000
32600,0.002866795,2.866795,1000
32601,0.026518186,26.518186,1000
32602,0.000621426,0.621426,1000
32603,0.002921241,2.921241,1000
32604,0.002818139,2.818139,1000
32605,0.008767899,8.767899,1000
32606,0.008248318,8.248318,1000
32607,0.008090909,8.090909,1000
32608,0.000415291,0.415291,1000
32609,0.003257886,3.257886,1000
32610,0.000514975,0.514975,1000
32611,0.008442564,8.442564,1000
32612,0.000505294,0.505294,1000
32613,0.000775135,0.775135,1000
32614,0.055796151,55.796151,1000
32615,0.000419997,0.419997,1000
32616,0.0006811,0.6811,1000
32617,0.000886431,0.886431,1000
32618,0.00065555,0.65555,1000
32619,0.000256075,0.256075,1000
32620,0.00277953,2.77953,1000
32621,0.000619028,0.619028,1000
32622,0.001151687,1.151687,1000
32623,0.000301477,0.301477,1000
32624,0.001520309,1.520309,1000
32625,0.001185214,1.185214,1000
32626,0.015900742,15.900742,1000
32627,0.000985535,0.985535,1000
32628,0.006765303,6.765303,1000
32629,0.001557963,1.557963,1000
32630,0.003111526,3.111526,1000
32631,0.0009021,0.9021,1000
32632,0.000819781,0.819781,1000
32633,0.001062519,1.062519,1000
32634,0.000773073,0.773073,1000
32635,0.000486577,0.486577,1000
32636,0.000541401,0.541401,1000
32637,0.001755707,1.755707,1000
32638,0.001068234,1.068234,1000
32639,0.001040965,1.040965,1000
32640,0.0174332,17.4332,1000
32641,0.000607904,0.607904,1000
32642,0.00203348,2.03348,1000
32643,0.001162531,1.162531,1000
32644,0.000573081,0.573081,1000
32645,0.003499881,3.499881,1000
32646,0.000765527,0.765527,1000
32647,0.001204724,1.204724,1000
32648,0.003271181,3.271181,1000
32649,0.002350474,2.350474,1000
32650,0.003236605,3.236605,1000
32651,0.002526499,2.526499,1000
32652,0.001148456,1.148456,1000
32653,0.211394473,211.394473,1000
32654,0.001035887,1.035887,1000
32655,0.000812963,0.812963,1000
32656,0.00103168,1.03168,1000
32657,0.00038572,0.38572,1000
32658,0.246163537,246.163537,1000
32659,0.000663971,0.663971,1000
32660,0.011485562,11.485562,1000
32661,0.00118437,1.18437,1000
32662,0.000836598,0.836598,1000
32663,0.003721162,3.721162,1000
32664,0.001523403,1.523403,1000
32665,0.009034523,9.034523,1000
32666,0.000515276,0.515276,1000
32667,0.030072507,30.072507,1000
32668,0.00044172,0.44172,1000
32669,0.123343017,123.343017,1000
32670,0.000536208,0.536208,1000
32671,0.00086365,0.86365,1000
32672,0.000795099,0.795099,1000
32673,0.000773017,0.773017,1000
32674,0.000771323,0.771323,1000
32675,0.029275585,29.275585,1000
32676,0.021967406,21.967406,1000
32677,0.001330101,1.330101,1000
32678,0.0015091,1.5091,1000
32679,0.00081312,0.81312,1000
32680,0.03945288,39.45288,1000
32681,0.002162744,2.162744,1000
32682,0.000501656,0.501656,1000
32683,0.000772641,0.772641,1000
32684,0.000284978,0.284978,1000
32685,0.000843581,0.843581,1000
32686,0.06457589,64.57589,1000
32687,0.00206254,2.06254,1000
32688,0.001081154,1.081154,1000
32689,0.000742371,0.742371,1000
32690,0.000993186,0.993186,1000
32691,0.001141219,1.141219,1000
32692,0.00073538,0.73538,1000
32693,0.001840875,1.840875,1000
32694,0.00062426,0.62426,1000
32695,0.000656165,0.656165,1000
32696,0.000489903,0.489903,1000
32697,0.00260449,2.60449,1000
32698,0.001687941,1.687941,1000
32699,0.008336747,8.336747,1000
32700,0.001467059,1.467059,1000
32701,0.011762134,11.762134,1000
32702,0.000993186,0.993186,1000
32703,0.00174357,1.74357,1000
32704,0.001221307,1.221307,1000
32705,0.001071083,1.071083,1000
32706,0.017817428,17.817428,1000
32707,0.026669082,26.669082,1000
32708,0.001284641,1.284641,1000
32709,0.000993124,0.993124,1000
32710,0.00171176,1.71176,1000
32711,0.000981935,0.981935,1000
32712,0.001042979,1.042979,1000
32713,0.001044721,1.044721,1000
32714,0.00061595,0.61595,1000
32715,0.001386598,1.386598,1000
32716,0.00346176,3.46176,1000
32717,0.000398514,0.398514,1000
32718,0.002960747,2.960747,1000
32719,0.000937243,0.937243,1000
32720,0.00090514,0.90514,1000
32721,0.000774248,0.774248,1000
32722,0.003431664,3.431664,1000
32723,0.000931985,0.931985,1000
32724,0.001312672,1.312672,1000
32725,0.001583349,1.583349,1000
32726,0.000697274,0.697274,1000
32727,0.001319304,1.319304,1000
32728,0.001133619,1.133619,1000
32729,0.000687025,0.687025,1000
32730,0.000513085,0.513085,1000
32731,0.000930204,0.930204,1000
32732,0.000549974,0.549974,1000
32733,0.005080222,5.080222,1000
32734,0.000982977,0.982977,1000
32735,0.000732727,0.732727,1000
32736,0.000522034,0.522034,1000
32737,0.000780813,0.780813,1000
32738,0.0009553,0.9553,1000
32739,0.000868079,0.868079,1000
32740,0.000752192,0.752192,1000
32741,0.000825966,0.825966,1000
32742,0.000668649,0.668649,1000
32743,0.002215749,2.215749,1000
32744,0.0015091,1.5091,1000
32745,0.000617315,0.617315,1000
32746,0.001440248,1.440248,1000
32747,0.002780048,2.780048,1000
32748,0.00037384,0.37384,1000
32749,0.000825966,0.825966,1000
32750,0.000514161,0.514161,1000
32751,0.009574121,9.574121,1000
32752,0.001000921,1.000921,1000
32753,0.001143456,1.143456,1000
32754,0.000790042,0.790042,1000
32755,0.000583571,0.583571,1000
32756,0.001350742,1.350742,1000
32757,0.019061578,19.061578,1000
32758,0.01730047,17.30047,1000
32759,0.00137604,1.37604,1000
32760,0.001506888,1.506888,1000
32761,0.001134919,1.134919,1000
32762,0.001335576,1.335576,1000
32763,0.001374378,1.374378,1000
32764,0.000671429,0.671429,1000
32765,0.001581072,1.581072,1000
32766,0.000615577,0.615577,1000
32767,0.003390007,3.390007,1000
32768,0.001071083,1.071083,1000
32769,0.000746232,0.746232,1000
32770,0.000717624,0.717624,1000
32771,0.001297703,1.297703,1000
32772,0.000467233,0.467233,1000
32773,0.000848308,0.848308,1000
32774,0.000651309,0.651309,1000
32775,0.00112596,1.12596,1000
32776,0.001603479,1.603479,1000
32777,0.00114796,1.14796,1000
32778,0.000922223,0.922223,1000
32779,0.000825966,0.825966,1000
32780,0.000849879,0.849879,1000
32781,0.000926526,0.926526,1000
32782,0.001011936,1.011936,1000
32783,0.001051235,1.051235,1000
32784,0.001056161,1.056161,1000
32785,0.034559461,34.559461,1000
32786,0.00114016,1.14016,1000
32787,0.012141581,12.141581,1000
32788,0.00160466,1.60466,1000
32789,0.001002384,1.002384,1000
32790,0.001115998,1.115998,1000
32791,0.003437248,3.437248,1000
32792,0.001042957,1.042957,1000
32793,0.001141219,1.141219,1000
32794,0.00080002,0.80002,1000
32795,0.001323321,1.323321,1000
32796,0.001825149,1.825149,1000
32797,0.000993186,0.993186,1000
32798,0.000976813,0.976813,1000
32799,0.001520309,1.520309,1000
32800,0.026775749,26.775749,1000
32801,0.000657094,0.657094,1000
32802,0.001006165,1.006165,1000
32803,0.000849015,0.849015,1000
32804,0.005266676,5.266676,1000
32805,0.040181893,40.181893,1000
32806,0.001554705,1.554705,1000
32807,0.000997134,0.997134,1000
32808,0.001185314,1.185314,1000
32809,0.000977131,0.977131,1000
32810,0.00112596,1.12596,1000
32811,0.075103064,75.103064,1000
32812,0.003853221,3.853221,1000
32813,0.000783777,0.783777,1000
32814,0.000621754,0.621754,1000
32815,0.001137687,1.137687,1000
32816,0.00149445,1.49445,1000
32817,0.000960681,0.960681,1000
32818,0.003639611,3.639611,1000
32819,0.000701407,0.701407,1000
32820,0.000710824,0.710824,1000
32821,0.002635867,2.635867,1000
32822,0.002384395,2.384395,1000
32823,0.001062657,1.062657,1000
32824,0.000498757,0.498757,1000
32825,0.001339784,1.339784,1000
32826,0.000916276,0.916276,1000
32827,0.00165234,1.65234,1000
32828,0.001042957,1.042957,1000
32829,0.001042979,1.042979,1000
32830,0.02414014,24.14014,1000
32831,0.238466884,238.466884,1000
32832,0.001011936,1.011936,1000
32833,0.000891542,0.891542,1000
32834,0.00081312,0.81312,1000
32835,0.001336872,1.336872,1000
32836,0.342787079,342.787079,1000
32837,0.001186386,1.186386,1000
32838,0.00060374,0.60374,1000
32839,0.008454022,8.454022,1000
32840,0.001821889,1.821889,1000
32841,0.000962383,0.962383,1000
32842,0.073965383,73.965383,1000
32843,0.001006864,1.006864,1000
32844,0.002710093,2.710093,1000
32845,0.003276178,3.276178,1000
32846,0.000777899,0.777899,1000
32847,0.002766373,2.766373,1000
32848,0.000680819,0.680819,1000
32849,0.001386308,1.386308,1000
32850,0.001572205,1.572205,1000
32851,0.001044721,1.044721,1000
32852,0.00082325,0.82325,1000
32853,0.000806392,0.806392,1000
32854,0.001670202,1.670202,1000
32855,0.000953545,0.953545,1000
32856,0.001149469,1.149469,1000
32857,0.000765528,0.765528,1000
32858,0.001042319,1.042319,1000
32859,0.001134919,1.134919,1000
32860,0.001467276,1.467276,1000
32861,0.008090173,8.090173,1000
32862,0.000994395,0.994395,1000
32863,0.001062379,1.062379,1000
32865,0.001072864,1.072864,1000
32866,0.001321031,1.321031,1000
32867,0.000686881,0.686881,1000
32868,0.000716282,0.716282,1000
32869,0.000933067,0.933067,1000
32870,0.016523815,16.523815,1000
32871,0.008046459,8.046459,1000
32872,0.007183288,7.183288,1000
32873,0.001157665,1.157665,1000
32874,0.003302962,3.302962,1000
32875,0.000767371,0.767371,1000
32876,0.000575886,0.575886,1000
32877,0.000505054,0.505054,1000
32878,0.118670849,118.670849,1000
32879,0.001057328,1.057328,1000
32880,0.000904703,0.904703,1000
32881,0.000783777,0.783777,1000
32882,0.001172505,1.172505,1000
32883,0.019831863,19.831863,1000
32884,0.389214874,389.214874,1000
32885,0.001224407,1.224407,1000
32886,0.001134919,1.134919,1000
32887,0.017943982,17.943982,1000
32888,0.012512344,12.512344,1000
32889,0.001042957,1.042957,1000
32890,0.000730518,0.730518,1000
32891,0.000262587,0.262587,1000
32892,0.000877407,0.877407,1000
32893,0.000867101,0.867101,1000
32894,0.007742716,7.742716,1000
32895,0.000909008,0.909008,1000
32896,0.019953129,19.953129,1000
32897,0.004516303,4.516303,1000
32898,0.001167955,1.167955,1000
32899,0.015375154,15.375154,1000
32900,0.001525944,1.525944,1000
32901,0.001678311,1.678311,1000
32902,0.001988039,1.988039,1000
32903,0.210384675,210.384675,1000
32904,0.001415242,1.415242,1000
32905,0.000878524,0.878524,1000
32906,0.001042979,1.042979,1000
32907,0.000969613,0.969613,1000
32908,0.001319465,1.319465,1000
32909,0.004878148,4.878148,1000
32910,0.001539132,1.539132,1000
32911,0.000892642,0.892642,1000
32912,0.001104592,1.104592,1000
32913,0.001443609,1.443609,1000
32914,0.001543564,1.543564,1000
32915,0.000872464,0.872464,1000
32916,0.027933368,27.933368,1000
32917,0.000642111,0.642111,1000
32918,0.000880115,0.880115,1000
32919,0.00570365,5.70365,1000
32920,0.000749532,0.749532,1000
32921,0.000618719,0.618719,1000
32922,0.001844553,1.844553,1000
32923,0.000853864,0.853864,1000
32924,0.002946012,2.946012,1000
32925,0.003035578,3.035578,1000
32926,0.005229803,5.229803,1000
32927,0.004535278,4.535278,1000
32928,0.001746102,1.746102,1000
32929,0.00089249,0.89249,1000
32930,0.000913827,0.913827,1000
32931,0.001575033,1.575033,1000
32932,0.00103168,1.03168,1000
32933,0.000878348,0.878348,1000
32934,0.178914933,178.914933,1000
32935,0.002835076,2.835076,1000
32936,0.001294857,1.294857,1000
32937,0.001293354,1.293354,1000
32938,0.001071836,1.071836,1000
32939,0.000238542,0.238542,1000
32940,0.007962075,7.962075,1000
32941,0.00104294,1.04294,1000
32942,0.000286115,0.286115,1000
32943,0.001578218,1.578218,1000
32944,0.001593884,1.593884,1000
32945,0.008206272,8.206272,1000
32946,0.001290565,1.290565,1000
32947,0.000550018,0.550018,1000
32948,0.000322103,0.322103,1000
32949,0.000916974,0.916974,1000
32950,0.000902383,0.902383,1000
32951,0.000781832,0.781832,1000
32952,0.001727332,1.727332,1000
32953,0.000772021,0.772021,1000
32954,0.000505818,0.505818,1000
32955,0.001204088,1.204088,1000
32956,0.000812367,0.812367,1000
32957,0.000791045,0.791045,1000
32959,0.000962555,0.962555,1000
32960,0.011815729,11.815729,1000
32961,0.000507161,0.507161,1000
32962,0.001064767,1.064767,1000
32963,0.000577873,0.577873,1000
32964,0.000816383,0.816383,1000
32965,0.000611449,0.611449,1000
32966,0.00069686,0.69686,1000
32967,0.000624075,0.624075,1000
32968,0.000825966,0.825966,1000
32969,0.006777001,6.777001,1000
32970,0.000712664,0.712664,1000
32971,0.003078107,3.078107,1000
32972,0.000925167,0.925167,1000
32973,0.000449269,0.449269,1000
32974,0.000789458,0.789458,1000
32975,0.002801444,2.801444,1000
32976,0.000600486,0.600486,1000
32977,0.000641253,0.641253,1000
32978,0.008362256,8.362256,1000
32979,0.000466142,0.466142,1000
32980,0.00128098,1.28098,1000
32981,0.002712122,2.712122,1000
32982,0.023120666,23.120666,1000
32983,0.00046852,0.46852,1000
32984,0.000978669,0.978669,1000
32985,0.000690708,0.690708,1000
32986,0.000327139,0.327139,1000
32987,0.000497737,0.497737,1000
32988,0.001125448,1.125448,1000
32989,0.001003437,1.003437,1000
32990,0.000488318,0.488318,1000
32991,0.000794645,0.794645,1000
32992,0.001749287,1.749287,1000
32993,0.003128342,3.128342,1000
32994,0.00034174,0.34174,1000
32995,0.001707456,1.707456,1000
32996,0.00090768,0.90768,1000
32998,0.000846376,0.846376,1000
32999,0.00061301,0.61301,1000
33000,0.00051905,0.51905,1000
33001,0.000842722,0.842722,1000
33002,0.001382615,1.382615,1000
33003,0.000679806,0.679806,1000
33004,0.00114796,1.14796,1000
33005,0.000549456,0.549456,1000
33006,0.001444578,1.444578,1000
33007,0.000958648,0.958648,1000
33008,0.000668231,0.668231,1000
33009,0.000614489,0.614489,1000
33010,0.001453099,1.453099,1000
33011,0.000573368,0.573368,1000
33012,0.000999408,0.999408,1000
33013,0.005003413,5.003413,1000
33014,0.000727796,0.727796,1000
33015,0.002770489,2.770489,1000
33016,0.000891686,0.891686,1000
33017,0.002785353,2.785353,1000
33018,0.001088999,1.088999,1000
33019,0.001041611,1.041611,1000
33020,0.001593884,1.593884,1000
33021,0.00074972,0.74972,1000
33022,0.019280444,19.280444,1000
33023,0.001520388,1.520388,1000
33024,0.001119798,1.119798,1000
33025,0.000598343,0.598343,1000
33026,0.000384337,0.384337,1000
33027,0.000359386,0.359386,1000
33028,0.000765076,0.765076,1000
33029,0.00118516,1.18516,1000
33030,0.001360201,1.360201,1000
33031,0.005434919,5.434919,1000
33032,0.001525181,1.525181,1000
33033,0.00043104,0.43104,1000
33034,0.001173889,1.173889,1000
33035,0.001456359,1.456359,1000
33036,0.010521531,10.521531,1000
33037,0.000945045,0.945045,1000
33038,0.000644323,0.644323,1000
33039,0.000753864,0.753864,1000
33040,0.000684119,0.684119,1000
33041,0.000792152,0.792152,1000
33042,0.001373548,1.373548,1000
33043,0.001031297,1.031297,1000
33044,0.000348316,0.348316,1000
33045,0.000700339,0.700339,1000
33046,0.001329296,1.329296,1000
33047,0.001151,1.151,1000
33048,0.000903626,0.903626,1000
33049,0.001011943,1.011943,1000
33050,0.000982946,0.982946,1000
33051,0.007788968,7.788968,1000
33052,0.001771672,1.771672,1000
33053,0.003373576,3.373576,1000
33054,0.00154039,1.54039,1000
33055,0.001062379,1.062379,1000
33056,0.000944935,0.944935,1000
33057,0.001110662,1.110662,1000
33058,0.00250524,2.50524,1000
33059,0.003127424,3.127424,1000
33060,0.000993186,0.993186,1000
33061,0.000811266,0.811266,1000
33062,0.000723604,0.723604,1000
33063,0.001543457,1.543457,1000
33064,0.001042288,1.042288,1000
33065,0.00107262,1.07262,1000
33066,0.00065412,0.65412,1000
33067,0.001097456,1.097456,1000
33068,0.001513667,1.513667,1000
33069,0.001011874,1.011874,1000
33070,0.001896849,1.896849,1000
33071,0.000432921,0.432921,1000
33072,0.026799108,26.799108,1000
33073,0.002336133,2.336133,1000
33074,0.006131074,6.131074,1000
33075,0.000783777,0.783777,1000
33076,0.001135752,1.135752,1000
33077,0.002318563,2.318563,1000
33078,0.000767349,0.767349,1000
33079,0.001180267,1.180267,1000
33080,0.001113584,1.113584,1000
33081,0.057152318,57.152318,1000
33082,0.002918675,2.918675,1000
33083,0.001104057,1.104057,1000
33084,0.002873939,2.873939,1000
33085,0.00095839,0.95839,1000
33086,0.004383768,4.383768,1000
33087,0.000668426,0.668426,1000
33088,0.000752491,0.752491,1000
33089,0.000715499,0.715499,1000
33090,0.003313117,3.313117,1000
33091,0.054945928,54.945928,1000
33092,0.001042957,1.042957,1000
33093,0.001780495,1.780495,1000
33094,0.000538941,0.538941,1000
33095,0.000583187,0.583187,1000
33096,0.001717017,1.717017,1000
33097,0.000993186,0.993186,1000
33098,0.000858306,0.858306,1000
33099,0.000724048,0.724048,1000
33100,0.001300525,1.300525,1000
33101,0.003005955,3.005955,1000
33102,0.000711788,0.711788,1000
33103,0.00078378,0.78378,1000
33104,0.00081312,0.81312,1000
33105,0.001015072,1.015072,1000
33106,0.000592088,0.592088,1000
33107,0.000942454,0.942454,1000
33109,0.000825966,0.825966,1000
33110,0.001033644,1.033644,1000
33111,0.000801922,0.801922,1000
33112,0.000879848,0.879848,1000
33113,0.000920655,0.920655,1000
33114,0.002317963,2.317963,1000
33115,0.006515802,6.515802,1000
33116,0.002498519,2.498519,1000
33117,0.000658276,0.658276,1000
33118,0.000975149,0.975149,1000
33119,0.000931281,0.931281,1000
33120,0.00074514,0.74514,1000
33121,0.000909137,0.909137,1000
33122,0.000377829,0.377829,1000
33123,0.001195588,1.195588,1000
33124,0.000551395,0.551395,1000
33125,0.000660975,0.660975,1000
33126,0.000660448,0.660448,1000
33127,0.000937243,0.937243,1000
33128,0.000828451,0.828451,1000
33129,0.000953545,0.953545,1000
33130,0.001227873,1.227873,1000
33131,0.002633742,2.633742,1000
33132,0.000742154,0.742154,1000
33133,0.000798789,0.798789,1000
33134,0.001145322,1.145322,1000
33135,0.000651713,0.651713,1000
33136,0.148374512,148.374512,1000
33137,0.001024048,1.024048,1000
33138,0.001097456,1.097456,1000
33139,0.00191728,1.91728,1000
33140,0.068047103,68.047103,1000
33141,0.000860179,0.860179,1000
33142,0.000588928,0.588928,1000
33143,0.000823785,0.823785,1000
33144,0.000978076,0.978076,1000
33145,0.001446869,1.446869,1000
33146,0.001042979,1.042979,1000
33147,0.006340707,6.340707,1000
33148,0.000993124,0.993124,1000
33149,0.000627051,0.627051,1000
33150,0.001461581,1.461581,1000
33151,0.000916986,0.916986,1000
33152,0.000861415,0.861415,1000
33153,0.001355778,1.355778,1000
33154,0.027052938,27.052938,1000
33155,0.026831698,26.831698,1000
33156,0.000704247,0.704247,1000
33157,0.000703108,0.703108,1000
33158,0.000816389,0.816389,1000
33159,0.000633059,0.633059,1000
33160,0.000787214,0.787214,1000
33161,0.000803211,0.803211,1000
33162,0.014958172,14.958172,1000
33163,0.000752088,0.752088,1000
33164,0.001242727,1.242727,1000
33165,0.000798129,0.798129,1000
33166,0.000909312,0.909312,1000
33167,0.00413949,4.13949,1000
33168,0.001244754,1.244754,1000
33169,0.000955207,0.955207,1000
33170,0.001153248,1.153248,1000
33171,0.000366104,0.366104,1000
33172,0.001145309,1.145309,1000
33173,0.000662156,0.662156,1000
33174,0.000514598,0.514598,1000
33175,0.008430915,8.430915,1000
33176,0.001612347,1.612347,1000
33178,0.003595832,3.595832,1000
33179,0.001173278,1.173278,1000
33180,0.001059037,1.059037,1000
33181,0.016159944,16.159944,1000
33182,0.001224264,1.224264,1000
33183,0.00068642,0.68642,1000
33184,0.001662688,1.662688,1000
33185,0.001140586,1.140586,1000
33186,0.001096964,1.096964,1000
33187,0.000937371,0.937371,1000
33188,0.000748162,0.748162,1000
33189,0.001031657,1.031657,1000
33190,0.001457786,1.457786,1000
33191,0.000888844,0.888844,1000
33192,0.000637855,0.637855,1000
33193,0.001749287,1.749287,1000
33194,0.000841463,0.841463,1000
33195,0.000439287,0.439287,1000
33196,0.001006227,1.006227,1000
33197,0.001330201,1.330201,1000
33198,0.000806593,0.806593,1000
33199,0.000909824,0.909824,1000
33200,0.001225901,1.225901,1000
33201,0.000614136,0.614136,1000
33202,0.000702849,0.702849,1000
33203,0.000631281,0.631281,1000
33204,0.00129874,1.29874,1000
33205,0.000977131,0.977131,1000
33206,0.003825355,3.825355,1000
33207,0.002787327,2.787327,1000
33208,0.002472548,2.472548,1000
33209,0.001044706,1.044706,1000
33210,0.001032187,1.032187,1000
33211,0.000878375,0.878375,1000
33212,0.00093645,0.93645,1000
33213,0.001453099,1.453099,1000
33214,0.000601995,0.601995,1000
33215,0.000793673,0.793673,1000
33216,0.003377738,3.377738,1000
33217,0.001044068,1.044068,1000
33218,0.006314447,6.314447,1000
33219,0.003889828,3.889828,1000
33220,0.00155939,1.55939,1000
33221,0.00049829,0.49829,1000
33222,0.001004946,1.004946,1000
33223,0.001216592,1.216592,1000
33224,0.00029233,0.29233,1000
33225,0.000574566,0.574566,1000
33226,0.003081044,3.081044,1000
33227,0.000993186,0.993186,1000
33228,0.000821566,0.821566,1000
33229,0.00083577,0.83577,1000
33230,0.000601405,0.601405,1000
33231,0.002062882,2.062882,1000
33232,0.00111521,1.11521,1000
33233,0.001075171,1.075171,1000
33234,0.000712889,0.712889,1000
33235,0.000825969,0.825969,1000
33236,0.014446036,14.446036,1000
33237,0.001139001,1.139001,1000
33238,0.003200964,3.200964,1000
33239,0.000839211,0.839211,1000
33240,0.000825969,0.825969,1000
33241,0.009419899,9.419899,1000
33242,0.000530136,0.530136,1000
33243,0.000652797,0.652797,1000
33244,0.00088409,0.88409,1000
33245,0.000900444,0.900444,1000
33246,0.018541531,18.541531,1000
33247,0.00567635,5.67635,1000
33248,0.000374539,0.374539,1000
33249,0.001441912,1.441912,1000
33250,0.002782699,2.782699,1000
33251,0.001043158,1.043158,1000
33252,0.002712105,2.712105,1000
33253,0.001031665,1.031665,1000
33254,0.001298618,1.298618,1000
33255,0.000796468,0.796468,1000
33256,0.000935778,0.935778,1000
33257,0.003807804,3.807804,1000
33258,0.001011284,1.011284,1000
33259,0.001749287,1.749287,1000
33260,0.000857954,0.857954,1000
33261,0.000844097,0.844097,1000
33262,0.001018747,1.018747,1000
33263,0.001154653,1.154653,1000
33264,0.000720618,0.720618,1000
33265,0.005615599,5.615599,1000
33266,0.005465904,5.465904,1000
33267,0.002735815,2.735815,1000
33268,0.0010827,1.0827,1000
33269,0.00090841,0.90841,1000
33270,0.001152454,1.152454,1000
33271,0.000692383,0.692383,1000
33272,0.004469858,4.469858,1000
33273,0.00084474,0.84474,1000
33274,0.001142276,1.142276,1000
33275,0.001510527,1.510527,1000
33276,0.001595339,1.595339,1000
33277,0.00284014,2.84014,1000
33278,0.000736542,0.736542,1000
33279,0.000925283,0.925283,1000
33280,0.001153677,1.153677,1000
33281,0.000597093,0.597093,1000
33282,0.001097456,1.097456,1000
33283,0.001321031,1.321031,1000
33284,0.000614038,0.614038,1000
33285,0.000937371,0.937371,1000
33286,0.004784995,4.784995,1000
33287,0.002495886,2.495886,1000
33288,0.000837833,0.837833,1000
33289,0.003115841,3.115841,1000
33290,0.00100997,1.00997,1000
33291,0.001044338,1.044338,1000
33292,0.000877814,0.877814,1000
33293,0.000414128,0.414128,1000
33294,0.000902332,0.902332,1000
33295,0.00081312,0.81312,1000
33296,0.000848708,0.848708,1000
33297,0.00124719,1.24719,1000
33298,0.000648598,0.648598,1000
33299,0.000808235,0.808235,1000
33300,0.001382615,1.382615,1000
33301,0.000993186,0.993186,1000
33302,0.001236299,1.236299,1000
33303,0.000790306,0.790306,1000
33304,0.001438647,1.438647,1000
33305,0.000489226,0.489226,1000
33306,0.000592874,0.592874,1000
33307,0.001256793,1.256793,1000
33308,0.000607769,0.607769,1000
33309,0.000550704,0.550704,1000
33310,0.00053403,0.53403,1000
33311,0.000824063,0.824063,1000
33312,0.000771156,0.771156,1000
33313,0.005427184,5.427184,1000
33314,0.004843494,4.843494,1000
33315,0.000985173,0.985173,1000
33316,0.00089617,0.89617,1000
33317,0.000713704,0.713704,1000
33318,0.00094922,0.94922,1000
33319,0.000714018,0.714018,1000
33320,0.001324896,1.324896,1000
33321,0.001824254,1.824254,1000
33322,0.000467629,0.467629,1000
33323,0.000424028,0.424028,1000
33324,0.000632943,0.632943,1000
33325,0.001109191,1.109191,1000
33326,0.010361607,10.361607,1000
33327,0.000874791,0.874791,1000
33328,0.000827107,0.827107,1000
33329,0.00148364,1.48364,1000
33330,0.001211653,1.211653,1000
33331,0.000758819,0.758819,1000
33332,0.000813704,0.813704,1000
33333,0.000613934,0.613934,1000
33334,0.008276382,8.276382,1000
33335,0.000593342,0.593342,1000
33336,0.000616792,0.616792,1000
33337,0.001042291,1.042291,1000
33338,0.001150967,1.150967,1000
33339,0.00061992,0.61992,1000
33340,0.001868013,1.868013,1000
33341,0.000557685,0.557685,1000
33342,0.000380017,0.380017,1000
33343,0.00096725,0.96725,1000
33344,0.000655626,0.655626,1000
33345,0.000755839,0.755839,1000
33346,0.001019495,1.019495,1000
33347,0.00065323,0.65323,1000
33348,0.000836177,0.836177,1000
33349,0.000850734,0.850734,1000
33350,0.000804333,0.804333,1000
33351,0.001723196,1.723196,1000
33352,0.000715266,0.715266,1000
33353,0.001523885,1.523885,1000
33354,0.000916075,0.916075,1000
33355,0.001144668,1.144668,1000
33356,0.000951042,0.951042,1000
33357,0.00172221,1.72221,1000
33358,0.002748375,2.748375,1000
33359,0.001034277,1.034277,1000
33360,0.006240881,6.240881,1000
33361,0.000987916,0.987916,1000
33362,0.001227119,1.227119,1000
33363,0.003097946,3.097946,1000
33364,0.000622903,0.622903,1000
33365,0.001248279,1.248279,1000
33366,0.001319019,1.319019,1000
33367,0.000798789,0.798789,1000
33368,0.000733678,0.733678,1000
33369,0.000523735,0.523735,1000
33370,0.000754151,0.754151,1000
33371,0.000897159,0.897159,1000
33372,0.000386562,0.386562,1000
33373,0.000781796,0.781796,1000
33374,0.000594647,0.594647,1000
33375,0.000711663,0.711663,1000
33376,0.000819096,0.819096,1000
33377,0.000701507,0.701507,1000
33378,0.000945133,0.945133,1000
33379,0.001131756,1.131756,1000
33380,0.000783777,0.783777,1000
33381,0.004449915,4.449915,1000
33382,0.001108256,1.108256,1000
33383,0.000624692,0.624692,1000
33384,0.00091856,0.91856,1000
33385,0.000411935,0.411935,1000
33386,0.000906883,0.906883,1000
33387,0.001912076,1.912076,1000
33388,0.001414529,1.414529,1000
33389,0.000277404,0.277404,1000
33390,0.001018268,1.018268,1000
33391,0.000846688,0.846688,1000
33392,0.000878358,0.878358,1000
33393,0.002988338,2.988338,1000
33394,0.000753543,0.753543,1000
33395,0.000441388,0.441388,1000
33396,0.015992144,15.992144,1000
33397,0.001149588,1.149588,1000
33398,0.000937243,0.937243,1000
33399,0.000872619,0.872619,1000
33400,0.000776193,0.776193,1000
33401,0.000741687,0.741687,1000
33402,0.07181009,71.81009,1000
33403,0.00109669,1.09669,1000
33404,0.008876182,8.876182,1000
33405,0.001134919,1.134919,1000
33406,0.000813867,0.813867,1000
33407,0.000846492,0.846492,1000
33408,0.00084705,0.84705,1000
33409,0.001006227,1.006227,1000
33410,0.003137147,3.137147,1000
33411,0.000700745,0.700745,1000
33412,0.001331191,1.331191,1000
33413,0.005566267,5.566267,1000
33414,0.002983251,2.983251,1000
33415,0.001149118,1.149118,1000
33416,0.0015091,1.5091,1000
33417,0.000980236,0.980236,1000
33418,0.001081154,1.081154,1000
33419,0.000841335,0.841335,1000
33420,0.001042288,1.042288,1000
33421,0.001029585,1.029585,1000
33422,0.000953545,0.953545,1000
33423,0.00271846,2.71846,1000
33424,0.018346817,18.346817,1000
33425,0.000884652,0.884652,1000
33426,0.001006227,1.006227,1000
33427,0.000662079,0.662079,1000
33428,0.001006227,1.006227,1000
33429,0.001105453,1.105453,1000
33430,0.001011936,1.011936,1000
33431,0.001627221,1.627221,1000
33432,0.000603094,0.603094,1000
33433,0.000673916,0.673916,1000
33434,0.000753804,0.753804,1000
33436,0.001014983,1.014983,1000
33437,0.064580577,64.580577,1000
33438,0.000955965,0.955965,1000
33439,0.014787612,14.787612,1000
33440,0.001382683,1.382683,1000
33441,0.000762129,0.762129,1000
33442,0.000722779,0.722779,1000
33443,0.001443609,1.443609,1000
33444,0.000861396,0.861396,1000
33445,0.002041339,2.041339,1000
33446,0.010452356,10.452356,1000
33447,0.000831605,0.831605,1000
33448,0.000545854,0.545854,1000
33449,0.009104619,9.104619,1000
33450,0.001821889,1.821889,1000
33451,0.00105043,1.05043,1000
33452,0.000782611,0.782611,1000
33453,0.00071456,0.71456,1000
33454,0.017296692,17.296692,1000
33455,0.022477853,22.477853,1000
33456,0.002837412,2.837412,1000
33457,0.000577166,0.577166,1000
33458,0.001224264,1.224264,1000
33459,0.001062569,1.062569,1000
33460,0.001115905,1.115905,1000
33461,0.013637889,13.637889,1000
33462,0.000867999,0.867999,1000
33463,0.000629896,0.629896,1000
33464,0.003436174,3.436174,1000
33465,0.001312161,1.312161,1000
33466,0.000993186,0.993186,1000
33467,0.054753582,54.753582,1000
33468,0.00093048,0.93048,1000
33469,0.001023385,1.023385,1000
33470,0.000662457,0.662457,1000
33471,0.000765607,0.765607,1000
33472,0.000487617,0.487617,1000
33473,0.009713007,9.713007,1000
33474,0.000908328,0.908328,1000
33475,0.002958925,2.958925,1000
33476,0.000582722,0.582722,1000
33477,0.001696293,1.696293,1000
33478,0.001108042,1.108042,1000
33479,0.001171869,1.171869,1000
33480,0.000724963,0.724963,1000
33481,0.000813123,0.813123,1000
33482,0.00077524,0.77524,1000
33483,0.001041469,1.041469,1000
33484,0.00028919,0.28919,1000
33485,0.00414285,4.14285,1000
33486,0.001456381,1.456381,1000
33487,0.001241207,1.241207,1000
33488,0.00062204,0.62204,1000
33489,0.003401311,3.401311,1000
33490,0.000773757,0.773757,1000
33491,0.001050099,1.050099,1000
33492,0.00540484,5.40484,1000
33493,0.001511529,1.511529,1000
33494,0.000933996,0.933996,1000
33495,0.000762739,0.762739,1000
33496,0.001515817,1.515817,1000
33497,0.001350191,1.350191,1000
33498,0.000327361,0.327361,1000
33499,0.001069805,1.069805,1000
33500,0.001449468,1.449468,1000
33501,0.000653918,0.653918,1000
33502,0.000767715,0.767715,1000
33503,0.000455923,0.455923,1000
33504,0.000688891,0.688891,1000
33505,0.000626903,0.626903,1000
33506,0.0032232,3.2232,1000
33507,0.000627025,0.627025,1000
33508,0.008234997,8.234997,1000
33509,0.000890947,0.890947,1000
33510,0.005348123,5.348123,1000
33511,0.00815282,8.15282,1000
33512,0.000530235,0.530235,1000
33513,0.000686014,0.686014,1000
33514,0.000394456,0.394456,1000
33515,0.0006028,0.6028,1000
33516,0.001071066,1.071066,1000
33517,0.000960681,0.960681,1000
33518,0.001188891,1.188891,1000
33519,0.000921876,0.921876,1000
33520,0.00062124,0.62124,1000
33521,0.00063787,0.63787,1000
33522,0.000799582,0.799582,1000
33523,0.001163043,1.163043,1000
33524,0.000421729,0.421729,1000
33525,0.000463997,0.463997,1000
33526,0.001134919,1.134919,1000
33527,0.003145662,3.145662,1000
33528,0.001621677,1.621677,1000
33529,0.001197188,1.197188,1000
33530,0.00074352,0.74352,1000
33531,0.000798682,0.798682,1000
33532,0.001505839,1.505839,1000
33533,0.000853759,0.853759,1000
33534,0.002812065,2.812065,1000
33535,0.000931177,0.931177,1000
33536,0.00104294,1.04294,1000
33537,0.008875486,8.875486,1000
33538,0.000562525,0.562525,1000
33539,0.001090681,1.090681,1000
33540,0.000475749,0.475749,1000
33541,0.001463171,1.463171,1000
33542,0.005278746,5.278746,1000
33543,0.000582009,0.582009,1000
33544,0.00281075,2.81075,1000
33545,0.001062569,1.062569,1000
33546,0.000553355,0.553355,1000
33547,0.000263416,0.263416,1000
33548,0.001300461,1.300461,1000
33549,0.001141795,1.141795,1000
33550,0.001006227,1.006227,1000
33551,0.001761247,1.761247,1000
33552,0.000926543,0.926543,1000
33553,0.004291155,4.291155,1000
33554,0.000627155,0.627155,1000
33555,0.001093695,1.093695,1000
33556,0.000523808,0.523808,1000
33557,0.00080451,0.80451,1000
33558,0.000932545,0.932545,1000
33559,0.000815017,0.815017,1000
33560,0.002836514,2.836514,1000
33561,0.000719313,0.719313,1000
33562,0.006608105,6.608105,1000
33563,0.009758411,9.758411,1000
33564,0.003044318,3.044318,1000
33565,0.00081312,0.81312,1000
33566,0.004037626,4.037626,1000
33567,0.001320737,1.320737,1000
33568,0.000780086,0.780086,1000
33569,0.000966646,0.966646,1000
33570,0.000478996,0.478996,1000
33571,0.001375999,1.375999,1000
33572,0.001061223,1.061223,1000
33573,0.0007239,0.7239,1000
33574,0.001825149,1.825149,1000
33575,0.008124445,8.124445,1000
33576,0.000713942,0.713942,1000
33577,0.000910406,0.910406,1000
33578,0.001797205,1.797205,1000
33579,0.000786317,0.786317,1000
33580,0.0007498,0.7498,1000
33581,0.000813777,0.813777,1000
33582,0.001510527,1.510527,1000
33583,0.00110205,1.10205,1000
33584,0.004178697,4.178697,1000
33585,0.000833725,0.833725,1000
33586,0.000718172,0.718172,1000
33587,0.001513667,1.513667,1000
33588,0.002882052,2.882052,1000
33589,0.000841611,0.841611,1000
33590,0.001049517,1.049517,1000
33591,0.000889143,0.889143,1000
33592,0.000570624,0.570624,1000
33593,0.000254365,0.254365,1000
33594,0.000937396,0.937396,1000
33595,0.000725542,0.725542,1000
33596,0.000414918,0.414918,1000
33597,0.008412562,8.412562,1000
33598,0.000852606,0.852606,1000
33599,0.000798789,0.798789,1000
33600,0.000623095,0.623095,1000
33601,0.000891621,0.891621,1000
33602,0.001442835,1.442835,1000
33603,0.000752803,0.752803,1000
33604,0.001382683,1.382683,1000
33605,0.000385658,0.385658,1000
33606,0.001412853,1.412853,1000
33607,0.000653455,0.653455,1000
33608,0.001293923,1.293923,1000
33609,0.001450541,1.450541,1000
33610,0.00081312,0.81312,1000
33611,0.000421291,0.421291,1000
33612,0.001606006,1.606006,1000
33613,0.000260258,0.260258,1000
33614,0.064559473,64.559473,1000
33615,0.000993186,0.993186,1000
33616,0.000696885,0.696885,1000
33617,0.001826602,1.826602,1000
33618,0.001287736,1.287736,1000
33619,0.001061351,1.061351,1000
33620,0.00076274,0.76274,1000
33621,0.001752821,1.752821,1000
33622,0.049949317,49.949317,1000
33623,0.016258057,16.258057,1000
33624,0.008121567,8.121567,1000
33625,0.000542706,0.542706,1000
33626,0.002455054,2.455054,1000
33627,0.095687817,95.687817,1000
33628,0.002819697,2.819697,1000
33629,0.00078832,0.78832,1000
33630,0.007444902,7.444902,1000
33631,0.00325365,3.25365,1000
33632,0.000614872,0.614872,1000
33633,0.000831777,0.831777,1000
33634,0.000692183,0.692183,1000
33635,0.000976162,0.976162,1000
33636,0.000992397,0.992397,1000
33637,0.001004655,1.004655,1000
33638,0.009375219,9.375219,1000
33639,0.001076789,1.076789,1000
33640,0.000365545,0.365545,1000
33641,0.000897099,0.897099,1000
33642,0.000557963,0.557963,1000
33643,0.0024858,2.4858,1000
33644,0.001208909,1.208909,1000
33645,0.001020839,1.020839,1000
33646,0.001289992,1.289992,1000
33647,0.000434317,0.434317,1000
33648,0.001165139,1.165139,1000
33649,0.001662774,1.662774,1000
33650,0.000813123,0.813123,1000
33651,0.000878372,0.878372,1000
33652,0.002705474,2.705474,1000
33653,0.001165715,1.165715,1000
33654,0.002704047,2.704047,1000
33655,0.002036861,2.036861,1000
33656,0.003336816,3.336816,1000
33657,0.001398619,1.398619,1000
33658,0.001007028,1.007028,1000
33659,0.001691201,1.691201,1000
33660,0.001246149,1.246149,1000
33661,0.001624384,1.624384,1000
33662,0.001599715,1.599715,1000
33663,0.000465861,0.465861,1000
33664,0.000967577,0.967577,1000
33665,0.001088653,1.088653,1000
33666,0.080071383,80.071383,1000
33667,0.000474638,0.474638,1000
33668,0.096208917,96.208917,1000
33669,0.00206264,2.06264,1000
33670,0.000535967,0.535967,1000
33671,0.001152443,1.152443,1000
33672,0.000772641,0.772641,1000
33673,0.000762646,0.762646,1000
33674,0.000771497,0.771497,1000
33675,0.000783777,0.783777,1000
33676,0.024135228,24.135228,1000
33677,0.002947643,2.947643,1000
33678,0.001450931,1.450931,1000
33679,0.0016751,1.6751,1000
33680,0.001464792,1.464792,1000
33681,0.002838289,2.838289,1000
33682,0.025924891,25.924891,1000
33683,0.000650686,0.650686,1000
33684,0.000616764,0.616764,1000
33685,0.001587755,1.587755,1000
33686,0.000584815,0.584815,1000
33687,0.000846358,0.846358,1000
33688,0.000823788,0.823788,1000
33689,0.003667875,3.667875,1000
33690,0.012157329,12.157329,1000
33691,0.000640149,0.640149,1000
33692,0.00854087,8.54087,1000
33693,0.002505629,2.505629,1000
33694,0.000992721,0.992721,1000
33695,0.00039865,0.39865,1000
33696,0.000691155,0.691155,1000
33697,0.000631311,0.631311,1000
33698,0.030107434,30.107434,1000
33699,0.000993186,0.993186,1000
33700,0.000808331,0.808331,1000
33701,0.000725989,0.725989,1000
33702,0.001151318,1.151318,1000
33703,0.001011936,1.011936,1000
33704,0.00037281,0.37281,1000
33705,0.00058173,0.58173,1000
33706,0.000768243,0.768243,1000
33707,0.001003346,1.003346,1000
33708,0.004581044,4.581044,1000
33709,0.001151318,1.151318,1000
33710,0.000375537,0.375537,1000
33711,0.00081312,0.81312,1000
33712,0.000649358,0.649358,1000
33713,0.002658497,2.658497,1000
33714,0.008175549,8.175549,1000
33715,0.000825966,0.825966,1000
33716,0.000804567,0.804567,1000
33717,0.001123489,1.123489,1000
33718,0.001696546,1.696546,1000
33719,0.00081631,0.81631,1000
33720,0.001171798,1.171798,1000
33721,0.000993186,0.993186,1000
33722,0.000636937,0.636937,1000
33723,0.00158555,1.58555,1000
33724,0.000825966,0.825966,1000
33725,0.001289107,1.289107,1000
33726,0.001085733,1.085733,1000
33727,0.001244457,1.244457,1000
33728,0.000864302,0.864302,1000
33729,0.0006773,0.6773,1000
33730,0.000298354,0.298354,1000
33731,0.000835873,0.835873,1000
33732,0.001062569,1.062569,1000
33733,0.000997078,0.997078,1000
33734,0.000999414,0.999414,1000
33735,0.001922416,1.922416,1000
33736,0.001505839,1.505839,1000
33737,0.000859006,0.859006,1000
33738,0.002793824,2.793824,1000
33739,0.06457915,64.57915,1000
33740,0.000663845,0.663845,1000
33741,0.001537418,1.537418,1000
33742,0.001006018,1.006018,1000
33743,0.00122268,1.22268,1000
33744,0.000640093,0.640093,1000
33745,0.002980871,2.980871,1000
33746,0.000550213,0.550213,1000
33747,0.004884377,4.884377,1000
33748,0.001259113,1.259113,1000
33749,0.000761674,0.761674,1000
33750,0.000988879,0.988879,1000
33751,0.002211248,2.211248,1000
33752,0.0015091,1.5091,1000
33753,0.000644709,0.644709,1000
33754,0.000845586,0.845586,1000
33755,0.000878387,0.878387,1000
33756,0.001106583,1.106583,1000
33757,0.000476683,0.476683,1000
33758,0.001067269,1.067269,1000
33759,0.001681571,1.681571,1000
33760,0.000824163,0.824163,1000
33761,0.012327289,12.327289,1000
33762,0.000963771,0.963771,1000
33763,0.006790964,6.790964,1000
33764,0.002924383,2.924383,1000
33765,0.000937243,0.937243,1000
33766,0.000645954,0.645954,1000
33767,0.00081312,0.81312,1000
33768,0.000825966,0.825966,1000
33769,0.001358731,1.358731,1000
33770,0.001457786,1.457786,1000
33771,0.003304975,3.304975,1000
33772,0.000375338,0.375338,1000
33773,0.002182096,2.182096,1000
33774,0.001375699,1.375699,1000
33775,0.00067087,0.67087,1000
33776,0.001402842,1.402842,1000
33777,0.001707692,1.707692,1000
33778,0.001136718,1.136718,1000
33779,0.001142895,1.142895,1000
33780,0.000918346,0.918346,1000
33781,0.001656285,1.656285,1000
33782,0.000781293,0.781293,1000
33783,0.000882371,0.882371,1000
33784,0.001365842,1.365842,1000
33785,0.001667461,1.667461,1000
33786,0.005052094,5.052094,1000
33787,0.00323687,3.23687,1000
33788,0.005407183,5.407183,1000
33789,0.000868905,0.868905,1000
33790,0.001190254,1.190254,1000
33791,0.001143162,1.143162,1000
33792,0.001432543,1.432543,1000
33793,0.001201499,1.201499,1000
33794,0.001694707,1.694707,1000
33795,0.001153677,1.153677,1000
33796,0.001609087,1.609087,1000
33797,0.00404336,4.04336,1000
33798,0.000657867,0.657867,1000
33799,0.000973284,0.973284,1000
33800,0.00104294,1.04294,1000
33801,0.00070791,0.70791,1000
33802,0.003380673,3.380673,1000
33803,0.000991812,0.991812,1000
33804,0.004729179,4.729179,1000
33805,0.001597145,1.597145,1000
33806,0.001018268,1.018268,1000
33807,0.000786658,0.786658,1000
33808,0.008075142,8.075142,1000
33809,0.064580577,64.580577,1000
33810,0.000790595,0.790595,1000
33811,0.000886378,0.886378,1000
33812,0.001371364,1.371364,1000
33813,0.000993186,0.993186,1000
33814,0.001047079,1.047079,1000
33815,0.000531469,0.531469,1000
33816,0.000682979,0.682979,1000
33817,0.000597799,0.597799,1000
33818,0.001153642,1.153642,1000
33819,0.000751572,0.751572,1000
33820,0.0015091,1.5091,1000
33821,0.003225933,3.225933,1000
33822,0.000966563,0.966563,1000
33823,0.001071133,1.071133,1000
33824,0.000848453,0.848453,1000
33825,0.000823745,0.823745,1000
33826,0.000689908,0.689908,1000
33827,0.001727681,1.727681,1000
33828,0.000919522,0.919522,1000
33829,0.001346801,1.346801,1000
33830,0.009062989,9.062989,1000
33831,0.003086154,3.086154,1000
33832,0.000475316,0.475316,1000
33833,0.001143068,1.143068,1000
33834,0.000579429,0.579429,1000
33835,0.001011936,1.011936,1000
33836,0.001021472,1.021472,1000
33837,0.000522675,0.522675,1000
33838,0.002826966,2.826966,1000
33839,0.00100744,1.00744,1000
33840,0.000387836,0.387836,1000
33841,0.000417713,0.417713,1000
33842,0.011837835,11.837835,1000
33843,0.001308124,1.308124,1000
33844,0.001335576,1.335576,1000
33845,0.000917387,0.917387,1000
33846,0.00064561,0.64561,1000
33847,0.001023884,1.023884,1000
33848,0.000965633,0.965633,1000
33849,0.003030496,3.030496,1000
33850,0.002532129,2.532129,1000
33851,0.002041994,2.041994,1000
33852,0.000625434,0.625434,1000
33853,0.000369863,0.369863,1000
33854,0.002036279,2.036279,1000
33855,0.002754045,2.754045,1000
33856,0.001595339,1.595339,1000
33857,0.000802819,0.802819,1000
33858,0.000398762,0.398762,1000
33859,0.002075308,2.075308,1000
33860,0.000489313,0.489313,1000
33861,0.000840044,0.840044,1000
33862,0.000453732,0.453732,1000
33863,0.00159485,1.59485,1000
33864,0.000459119,0.459119,1000
33865,0.000502086,0.502086,1000
33866,0.000783777,0.783777,1000
33867,0.001505839,1.505839,1000
33868,0.000858123,0.858123,1000
33869,0.00087008,0.87008,1000
33870,0.003237756,3.237756,1000
33871,0.001044721,1.044721,1000
33872,0.002900465,2.900465,1000
33873,0.002903942,2.903942,1000
33874,0.00108208,1.08208,1000
33875,0.001108355,1.108355,1000
33876,0.006987466,6.987466,1000
33877,0.000315781,0.315781,1000
33878,0.000982522,0.982522,1000
33879,0.000694935,0.694935,1000
33880,0.000581303,0.581303,1000
33881,0.000683714,0.683714,1000
33882,0.000739785,0.739785,1000
33883,0.001248762,1.248762,1000
33884,0.000621638,0.621638,1000
33885,0.000460876,0.460876,1000
33886,0.001279494,1.279494,1000
33887,0.001062519,1.062519,1000
33888,0.000881691,0.881691,1000
33889,0.001147967,1.147967,1000
33890,0.008196137,8.196137,1000
33891,0.001201539,1.201539,1000
33892,0.000835782,0.835782,1000
33893,0.000866633,0.866633,1000
33894,0.000425226,0.425226,1000
33895,0.000816515,0.816515,1000
33896,0.000887523,0.887523,1000
33897,0.000896896,0.896896,1000
33898,0.000467779,0.467779,1000
33899,0.001317245,1.317245,1000
33900,0.001339507,1.339507,1000
33901,0.000352101,0.352101,1000
33902,0.000622674,0.622674,1000
33903,0.000813123,0.813123,1000
33904,0.000783777,0.783777,1000
33905,0.000754546,0.754546,1000
33906,0.002525707,2.525707,1000
33907,0.000532533,0.532533,1000
33908,0.00114796,1.14796,1000
33909,0.000981805,0.981805,1000
33910,0.001231334,1.231334,1000
33911,0.001004731,1.004731,1000
33912,0.000561785,0.561785,1000
33913,0.006820461,6.820461,1000
33914,0.001066483,1.066483,1000
33915,0.000723742,0.723742,1000
33916,0.00069854,0.69854,1000
33917,0.002942575,2.942575,1000
33918,0.002267676,2.267676,1000
33919,0.002147725,2.147725,1000
33920,0.00057814,0.57814,1000
33921,0.00112596,1.12596,1000
33922,0.001026978,1.026978,1000
33923,0.001066832,1.066832,1000
33924,0.001066929,1.066929,1000
33925,0.001293693,1.293693,1000
33926,0.000244506,0.244506,1000
33927,0.000965495,0.965495,1000
33928,0.001785703,1.785703,1000
33929,0.009310966,9.310966,1000
33930,0.000913028,0.913028,1000
33931,0.001066929,1.066929,1000
33932,0.000611611,0.611611,1000
33933,0.000769062,0.769062,1000
33934,0.001062541,1.062541,1000
33935,0.001010843,1.010843,1000
33936,0.000780829,0.780829,1000
33937,0.001766165,1.766165,1000
33938,0.005484075,5.484075,1000
33939,0.001097456,1.097456,1000
33940,0.000503022,0.503022,1000
33941,0.031694285,31.694285,1000
33942,0.000602079,0.602079,1000
33943,0.001823254,1.823254,1000
33944,0.000905724,0.905724,1000
33945,0.001455699,1.455699,1000
33946,0.002197869,2.197869,1000
33947,0.000508445,0.508445,1000
33948,0.001366392,1.366392,1000
33949,0.001042957,1.042957,1000
33950,0.000977131,0.977131,1000
33951,0.000876896,0.876896,1000
33952,0.001088157,1.088157,1000
33953,0.00106779,1.06779,1000
33954,0.001572205,1.572205,1000
33955,0.000512682,0.512682,1000
33956,0.001058523,1.058523,1000
33957,0.000993186,0.993186,1000
33958,0.00857476,8.57476,1000
33959,0.000783777,0.783777,1000
33960,0.000993186,0.993186,1000
33961,0.006203013,6.203013,1000
33962,0.001051226,1.051226,1000
33963,0.001010701,1.010701,1000
33964,0.000993186,0.993186,1000
33965,0.00544176,5.44176,1000
33966,0.001071083,1.071083,1000
33967,0.001424062,1.424062,1000
33968,0.003177549,3.177549,1000
33969,0.00081312,0.81312,1000
33970,0.000667215,0.667215,1000
33971,0.003330777,3.330777,1000
33972,0.002704047,2.704047,1000
33973,0.000726108,0.726108,1000
33974,0.001029247,1.029247,1000
33975,0.001199657,1.199657,1000
33976,0.001542492,1.542492,1000
33977,0.000752963,0.752963,1000
33978,0.000708906,0.708906,1000
33979,0.001726423,1.726423,1000
33980,0.004035237,4.035237,1000
33981,0.000729071,0.729071,1000
33982,0.018489731,18.489731,1000
33983,0.001016943,1.016943,1000
33984,0.000745616,0.745616,1000
33985,0.007045766,7.045766,1000
33986,0.001066929,1.066929,1000
33987,0.000956297,0.956297,1000
33988,0.003010062,3.010062,1000
33989,0.000524624,0.524624,1000
33990,0.00100281,1.00281,1000
33991,0.001006227,1.006227,1000
33992,0.001408277,1.408277,1000
33993,0.001011936,1.011936,1000
33994,0.001088653,1.088653,1000
33995,0.001266549,1.266549,1000
33996,0.046422714,46.422714,1000
33997,0.000488404,0.488404,1000
33998,0.00081312,0.81312,1000
33999,0.001211763,1.211763,1000
34000,0.002785445,2.785445,1000
34001,0.000886258,0.886258,1000
34002,0.002090672,2.090672,1000
34003,0.0008477,0.8477,1000
34004,0.000739705,0.739705,1000
34005,0.001358133,1.358133,1000
34006,0.000375694,0.375694,1000
34007,0.000993186,0.993186,1000
34008,0.001401818,1.401818,1000
34009,0.001500399,1.500399,1000
34010,0.000825969,0.825969,1000
34011,0.005422533,5.422533,1000
34012,0.000924355,0.924355,1000
34013,0.001223768,1.223768,1000
34014,0.003044998,3.044998,1000
34015,0.007374442,7.374442,1000
34016,0.001505839,1.505839,1000
34017,0.001330285,1.330285,1000
34018,0.00226118,2.26118,1000
34019,0.001401907,1.401907,1000
34020,0.000536537,0.536537,1000
34021,0.001436048,1.436048,1000
34022,0.000825966,0.825966,1000
34023,0.018459458,18.459458,1000
34024,0.000306018,0.306018,1000
34025,0.002842825,2.842825,1000
34026,0.001370473,1.370473,1000
34027,0.00097808,0.97808,1000
34028,0.002546831,2.546831,1000
34029,0.00082325,0.82325,1000
34030,0.001134894,1.134894,1000
34031,0.001148086,1.148086,1000
34032,0.001240208,1.240208,1000
34033,0.002745721,2.745721,1000
34034,0.001008789,1.008789,1000
34035,0.001426837,1.426837,1000
34036,0.006946446,6.946446,1000
34037,0.001072748,1.072748,1000
34038,0.000854272,0.854272,1000
34039,0.001510527,1.510527,1000
34040,0.000980677,0.980677,1000
34041,0.00106114,1.06114,1000
34042,0.001274609,1.274609,1000
34043,0.001925833,1.925833,1000
34044,0.001750714,1.750714,1000
34045,0.000607672,0.607672,1000
34046,0.00089325,0.89325,1000
34047,0.001237777,1.237777,1000
34048,0.000952947,0.952947,1000
34049,0.001006227,1.006227,1000
34050,0.001541509,1.541509,1000
34051,0.005845131,5.845131,1000
34052,0.000920953,0.920953,1000
34053,0.001768842,1.768842,1000
34054,0.001888804,1.888804,1000
34055,0.000717165,0.717165,1000
34056,0.000774194,0.774194,1000
34057,0.002700787,2.700787,1000
34058,0.000653302,0.653302,1000
34059,0.001294729,1.294729,1000
34060,0.000790956,0.790956,1000
34061,0.002896485,2.896485,1000
34062,0.001108244,1.108244,1000
34063,0.00081312,0.81312,1000
34064,0.001179959,1.179959,1000
34065,0.01603393,16.03393,1000
34066,0.000731863,0.731863,1000
34067,0.000775947,0.775947,1000
34069,0.005876537,5.876537,1000
34070,0.001071066,1.071066,1000
34071,0.001905942,1.905942,1000
34072,0.000826268,0.826268,1000
34073,0.000889609,0.889609,1000
34074,0.001233465,1.233465,1000
34075,0.001709268,1.709268,1000
34076,0.001006227,1.006227,1000
34077,0.003045308,3.045308,1000
34078,0.004732112,4.732112,1000
34079,0.000713883,0.713883,1000
34080,0.001227794,1.227794,1000
34081,0.001151318,1.151318,1000
34082,0.001276916,1.276916,1000
34083,0.000783374,0.783374,1000
34084,0.007288267,7.288267,1000
34085,0.000587142,0.587142,1000
34086,0.000988925,0.988925,1000
34087,0.000916974,0.916974,1000
34088,0.001044721,1.044721,1000
34089,0.002850196,2.850196,1000
34090,0.000999797,0.999797,1000
34091,0.001010763,1.010763,1000
34092,0.010981756,10.981756,1000
34093,0.004090576,4.090576,1000
34094,0.001372992,1.372992,1000
34095,0.006305797,6.305797,1000
34096,0.000783777,0.783777,1000
34097,0.000871956,0.871956,1000
34098,0.000445168,0.445168,1000
34099,0.002896207,2.896207,1000
34100,0.001343777,1.343777,1000
34101,0.000748775,0.748775,1000
34102,0.000667065,0.667065,1000
34103,0.000738343,0.738343,1000
34104,0.000999017,0.999017,1000
34105,0.002003668,2.003668,1000
34106,0.001177699,1.177699,1000
34107,0.003372717,3.372717,1000
34108,0.000828573,0.828573,1000
34109,0.00302205,3.02205,1000
34110,0.00088341,0.88341,1000
34111,0.000495212,0.495212,1000
34112,0.000897099,0.897099,1000
34113,0.000790818,0.790818,1000
34114,0.001011062,1.011062,1000
34115,0.007585395,7.585395,1000
34116,0.001604228,1.604228,1000
34117,0.000599417,0.599417,1000
34118,0.002240054,2.240054,1000
34119,0.004204004,4.204004,1000
34120,0.000274322,0.274322,1000
34121,0.001225466,1.225466,1000
34122,0.001770584,1.770584,1000
34123,0.001604228,1.604228,1000
34124,0.000616945,0.616945,1000
34125,0.001298588,1.298588,1000
34126,0.001609087,1.609087,1000
34127,0.001530686,1.530686,1000
34128,0.001000921,1.000921,1000
34129,0.000426367,0.426367,1000
34130,0.000795574,0.795574,1000
34131,0.000732327,0.732327,1000
34132,0.003056361,3.056361,1000
34133,0.00109309,1.09309,1000
34134,0.000783777,0.783777,1000
34135,0.001896705,1.896705,1000
34136,0.000661982,0.661982,1000
34137,0.001143068,1.143068,1000
34138,0.000544832,0.544832,1000
34139,0.0006879,0.6879,1000
34140,0.00301528,3.01528,1000
34141,0.001044721,1.044721,1000
34142,0.001134433,1.134433,1000
34143,0.003836225,3.836225,1000
34144,0.001049496,1.049496,1000
34145,0.000940682,0.940682,1000
34146,0.00267359,2.67359,1000
34147,0.000610342,0.610342,1000
34148,0.001520388,1.520388,1000
34149,0.00963881,9.63881,1000
34150,0.001437336,1.437336,1000
34151,0.00081312,0.81312,1000
34152,0.001357797,1.357797,1000
34153,0.003648839,3.648839,1000
34154,0.003061753,3.061753,1000
34155,0.00124992,1.24992,1000
34156,0.001903241,1.903241,1000
34157,0.000752153,0.752153,1000
34158,0.002976485,2.976485,1000
34159,0.000310235,0.310235,1000
34160,0.001015484,1.015484,1000
34161,0.02143146,21.43146,1000
34162,0.000617834,0.617834,1000
34163,0.001062519,1.062519,1000
34164,0.000343419,0.343419,1000
34165,0.00282151,2.82151,1000
34166,0.00157656,1.57656,1000
34167,0.000376658,0.376658,1000
34168,0.000783777,0.783777,1000
34169,0.000753486,0.753486,1000
34170,0.009201693,9.201693,1000
34171,0.000769282,0.769282,1000
34172,0.000317274,0.317274,1000
34173,0.000727459,0.727459,1000
34174,0.000770667,0.770667,1000
34175,0.001055298,1.055298,1000
34176,0.001492415,1.492415,1000
34177,0.007100071,7.100071,1000
34178,0.001130546,1.130546,1000
34179,0.001935551,1.935551,1000
34180,0.002312324,2.312324,1000
34181,0.001746026,1.746026,1000
34182,0.001788729,1.788729,1000
34183,0.00081312,0.81312,1000
34184,0.001062541,1.062541,1000
34185,0.000273015,0.273015,1000
34186,0.015633428,15.633428,1000
34187,0.000919593,0.919593,1000
34188,0.000602584,0.602584,1000
34189,0.001033086,1.033086,1000
34190,0.001254121,1.254121,1000
34191,0.001484906,1.484906,1000
34192,0.000588999,0.588999,1000
34193,0.001443035,1.443035,1000
34194,0.003459464,3.459464,1000
34195,0.019519733,19.519733,1000
34196,0.000888451,0.888451,1000
34197,0.001134926,1.134926,1000
34198,0.001441997,1.441997,1000
34199,0.00118329,1.18329,1000
34200,0.00078378,0.78378,1000
34201,0.000868282,0.868282,1000
34202,0.000985146,0.985146,1000
34203,0.000722496,0.722496,1000
34204,0.001007939,1.007939,1000
34205,0.002944719,2.944719,1000
34206,0.00107129,1.07129,1000
34207,0.00098284,0.98284,1000
34208,0.000766246,0.766246,1000
34209,0.005414831,5.414831,1000
34210,0.00105306,1.05306,1000
34211,0.000953552,0.953552,1000
34212,0.001071066,1.071066,1000
34213,0.000515286,0.515286,1000
34214,0.007769016,7.769016,1000
34215,0.000927585,0.927585,1000
34216,0.001009066,1.009066,1000
34217,0.001017154,1.017154,1000
34218,0.000960809,0.960809,1000
34219,0.001129457,1.129457,1000
34220,0.00091454,0.91454,1000
34221,0.00081312,0.81312,1000
34222,0.001268575,1.268575,1000
34223,0.000948554,0.948554,1000
34224,0.001134384,1.134384,1000
34225,0.001194836,1.194836,1000
34226,0.000897624,0.897624,1000
34227,0.002444937,2.444937,1000
34228,0.004924427,4.924427,1000
34229,0.00141239,1.41239,1000
34230,0.000735816,0.735816,1000
34231,0.000808892,0.808892,1000
34232,0.004360194,4.360194,1000
34233,0.000750423,0.750423,1000
34234,0.001213995,1.213995,1000
34235,0.000686565,0.686565,1000
34236,0.001143869,1.143869,1000
34237,0.000626543,0.626543,1000
34238,0.0004269,0.4269,1000
34239,0.001151,1.151,1000
34240,0.000591365,0.591365,1000
34241,0.000382957,0.382957,1000
34242,0.000879545,0.879545,1000
34243,0.004787246,4.787246,1000
34244,0.000699086,0.699086,1000
34245,0.00122546,1.22546,1000
34246,0.000480211,0.480211,1000
34247,0.001011936,1.011936,1000
34248,0.000609642,0.609642,1000
34249,0.000640336,0.640336,1000
34250,0.001082313,1.082313,1000
34251,0.00026779,0.26779,1000
34252,0.012737288,12.737288,1000
34253,0.001204845,1.204845,1000
34254,0.00189805,1.89805,1000
34255,0.001488436,1.488436,1000
34256,0.000696859,0.696859,1000
34257,0.001017451,1.017451,1000
34258,0.001254669,1.254669,1000
34259,0.00355973,3.55973,1000
34260,0.000512426,0.512426,1000
34261,0.002756213,2.756213,1000
34262,0.001548993,1.548993,1000
34263,0.000752177,0.752177,1000
34264,0.000993186,0.993186,1000
34265,0.000327405,0.327405,1000
34266,0.000892442,0.892442,1000
34267,0.001061881,1.061881,1000
34268,0.001462555,1.462555,1000
34269,0.000891221,0.891221,1000
34270,0.001069915,1.069915,1000
34271,0.008632614,8.632614,1000
34272,0.000829843,0.829843,1000
34273,0.001203253,1.203253,1000
34274,0.000927235,0.927235,1000
34275,0.000937243,0.937243,1000
34276,0.001203289,1.203289,1000
34277,0.001042957,1.042957,1000
34278,0.000329521,0.329521,1000
34279,0.000893937,0.893937,1000
34280,0.000595738,0.595738,1000
34281,0.000803446,0.803446,1000
34282,0.000759197,0.759197,1000
34283,0.001582058,1.582058,1000
34284,0.001014993,1.014993,1000
34285,0.000835921,0.835921,1000
34286,0.001128375,1.128375,1000
34287,0.000945412,0.945412,1000
34288,0.001825149,1.825149,1000
34289,0.001386248,1.386248,1000
34290,0.000772111,0.772111,1000
34291,0.000847017,0.847017,1000
34292,0.001002011,1.002011,1000
34293,0.001134919,1.134919,1000
34294,0.00604715,6.04715,1000
34295,0.001104592,1.104592,1000
34296,0.000247887,0.247887,1000
34297,0.004610413,4.610413,1000
34298,0.000914087,0.914087,1000
34299,0.002705474,2.705474,1000
34300,0.00093389,0.93389,1000
34301,0.000680611,0.680611,1000
34302,0.000683548,0.683548,1000
34303,0.001453099,1.453099,1000
34304,0.001081074,1.081074,1000
34305,0.00049749,0.49749,1000
34306,0.000862254,0.862254,1000
34307,0.001221487,1.221487,1000
34308,0.00121648,1.21648,1000
34309,0.001377888,1.377888,1000
34310,0.00077382,0.77382,1000
34311,0.001001425,1.001425,1000
34312,0.000806392,0.806392,1000
34313,0.000507129,0.507129,1000
34314,0.001465729,1.465729,1000
34315,0.0011823,1.1823,1000
34316,0.000493715,0.493715,1000
34317,0.000861487,0.861487,1000
34318,0.000514655,0.514655,1000
34319,0.001162208,1.162208,1000
34320,0.000995922,0.995922,1000
34321,0.000993124,0.993124,1000
34322,0.001061782,1.061782,1000
34323,0.008499963,8.499963,1000
34324,0.000739843,0.739843,1000
34325,0.000765797,0.765797,1000
34326,0.000274819,0.274819,1000
34327,0.001826577,1.826577,1000
34328,0.001194578,1.194578,1000
34329,0.001483364,1.483364,1000
34330,0.001091954,1.091954,1000
34331,0.001041018,1.041018,1000
34332,0.000816389,0.816389,1000
34333,0.001213737,1.213737,1000
34334,0.000913884,0.913884,1000
34335,0.001555514,1.555514,1000
34336,0.001002739,1.002739,1000
34337,0.000960809,0.960809,1000
34338,0.00034181,0.34181,1000
34339,0.00803554,8.03554,1000
34340,0.003597556,3.597556,1000
34341,0.000923241,0.923241,1000
34342,0.000739174,0.739174,1000
34343,0.001011936,1.011936,1000
34344,0.000641501,0.641501,1000
34345,0.001632668,1.632668,1000
34346,0.001157719,1.157719,1000
34347,0.000806395,0.806395,1000
34348,0.00081312,0.81312,1000
34349,0.003412132,3.412132,1000
34350,0.000898375,0.898375,1000
34351,0.00345353,3.45353,1000
34352,0.001785215,1.785215,1000
34353,0.000536696,0.536696,1000
34354,0.000390847,0.390847,1000
34355,0.000311162,0.311162,1000
34356,0.011547067,11.547067,1000
34357,0.001358589,1.358589,1000
34358,0.000911121,0.911121,1000
34359,0.000794713,0.794713,1000
34360,0.001850635,1.850635,1000
34361,0.001589192,1.589192,1000
34362,0.003647617,3.647617,1000
34363,0.000974289,0.974289,1000
34364,0.004457572,4.457572,1000
34365,0.000330747,0.330747,1000
34366,0.000360931,0.360931,1000
34367,0.000683235,0.683235,1000
34368,0.000977131,0.977131,1000
34369,0.001462555,1.462555,1000
34370,0.000694857,0.694857,1000
34371,0.00077106,0.77106,1000
34372,0.002445986,2.445986,1000
34373,0.003596406,3.596406,1000
34374,0.001034087,1.034087,1000
34375,0.001746026,1.746026,1000
34376,0.001310726,1.310726,1000
34377,0.000953536,0.953536,1000
34378,0.001289796,1.289796,1000
34379,0.001110915,1.110915,1000
34380,0.000916028,0.916028,1000
34381,0.000611761,0.611761,1000
34382,0.000641166,0.641166,1000
34383,0.000527652,0.527652,1000
34384,0.001510527,1.510527,1000
34385,0.001071083,1.071083,1000
34386,0.002820849,2.820849,1000
34387,0.001065226,1.065226,1000
34388,0.000662336,0.662336,1000
34389,0.002008108,2.008108,1000
34390,0.000397205,0.397205,1000
34391,0.001480747,1.480747,1000
34392,0.001163734,1.163734,1000
34393,0.001176933,1.176933,1000
34394,0.001621732,1.621732,1000
34395,0.00081312,0.81312,1000
34396,0.001292847,1.292847,1000
34397,0.000349309,0.349309,1000
34398,0.003459897,3.459897,1000
34399,0.000819604,0.819604,1000
34400,0.001042817,1.042817,1000
34401,0.001191202,1.191202,1000
34402,0.070611381,70.611381,1000
34403,0.00326606,3.26606,1000
34404,0.0018238,1.8238,1000
34405,0.001290565,1.290565,1000
34406,0.002207987,2.207987,1000
34407,0.000835415,0.835415,1000
34408,0.000966893,0.966893,1000
34409,0.000692818,0.692818,1000
34410,0.022900189,22.900189,1000
34411,0.000690866,0.690866,1000
34412,0.000964919,0.964919,1000
34413,0.001349305,1.349305,1000
34414,0.005462813,5.462813,1000
34415,0.002789657,2.789657,1000
34416,0.000815502,0.815502,1000
34417,0.000447493,0.447493,1000
34418,0.002940744,2.940744,1000
34419,0.000801399,0.801399,1000
34420,0.00204798,2.04798,1000
34421,0.0012286,1.2286,1000
34422,0.002489888,2.489888,1000
34423,0.004884826,4.884826,1000
34424,0.001062519,1.062519,1000
34425,0.003067528,3.067528,1000
34426,0.001187604,1.187604,1000
34427,0.000464473,0.464473,1000
34428,0.000723016,0.723016,1000
34429,0.000771403,0.771403,1000
34430,0.003145867,3.145867,1000
34431,0.001186185,1.186185,1000
34432,0.000686333,0.686333,1000
34433,0.000806419,0.806419,1000
34434,0.001523042,1.523042,1000
34435,0.001071083,1.071083,1000
34436,0.002531239,2.531239,1000
34437,0.000840082,0.840082,1000
34439,0.000859881,0.859881,1000
34440,0.011779678,11.779678,1000
34441,0.001007548,1.007548,1000
34442,0.001042957,1.042957,1000
34443,0.000666717,0.666717,1000
34444,0.000751032,0.751032,1000
34445,0.000960622,0.960622,1000
34446,0.000983404,0.983404,1000
34447,0.001700619,1.700619,1000
34448,0.000819852,0.819852,1000
34449,0.001777951,1.777951,1000
34450,0.000571486,0.571486,1000
34451,0.000912652,0.912652,1000
34452,0.001342617,1.342617,1000
34453,0.001562642,1.562642,1000
34454,0.000665683,0.665683,1000
34455,0.000945665,0.945665,1000
34456,0.001613775,1.613775,1000
34457,0.001071133,1.071133,1000
34458,0.000542464,0.542464,1000
34459,0.001124571,1.124571,1000
34460,0.000689594,0.689594,1000
34461,0.000605592,0.605592,1000
34462,0.000992799,0.992799,1000
34463,0.000925434,0.925434,1000
34464,0.000600965,0.600965,1000
34465,0.00182706,1.82706,1000
34466,0.000824337,0.824337,1000
34467,0.000871963,0.871963,1000
34468,0.000580882,0.580882,1000
34469,0.001062502,1.062502,1000
34470,0.000809751,0.809751,1000
34471,0.004498868,4.498868,1000
34472,0.000682086,0.682086,1000
34473,0.000705345,0.705345,1000
34474,0.000996138,0.996138,1000
34475,0.001006227,1.006227,1000
34476,0.001643665,1.643665,1000
34477,0.000500115,0.500115,1000
34478,0.002189972,2.189972,1000
34479,0.001196272,1.196272,1000
34480,0.000471008,0.471008,1000
34481,0.006742428,6.742428,1000
34482,0.000477937,0.477937,1000
34483,0.003542341,3.542341,1000
34484,0.000643735,0.643735,1000
34485,0.000837818,0.837818,1000
34486,0.001223518,1.223518,1000
34487,0.001028285,1.028285,1000
34488,0.002211248,2.211248,1000
34489,0.000350734,0.350734,1000
34490,0.001262054,1.262054,1000
34491,0.004939545,4.939545,1000
34492,0.000420503,0.420503,1000
34493,0.001148693,1.148693,1000
34494,0.001062379,1.062379,1000
34495,0.001018144,1.018144,1000
34496,0.000971156,0.971156,1000
34497,0.001213536,1.213536,1000
34498,0.000805602,0.805602,1000
34499,0.000603712,0.603712,1000
34500,0.000993324,0.993324,1000
34501,0.001071105,1.071105,1000
34502,0.000879233,0.879233,1000
34503,0.000941506,0.941506,1000
34504,0.000966744,0.966744,1000
34505,0.00826665,8.26665,1000
34506,0.001081154,1.081154,1000
34507,0.014649758,14.649758,1000
34508,0.001126925,1.126925,1000
34509,0.001298996,1.298996,1000
34510,0.000783149,0.783149,1000
34511,0.001046595,1.046595,1000
34512,0.002829444,2.829444,1000
34514,0.005744018,5.744018,1000
34515,0.000806392,0.806392,1000
34516,0.001062541,1.062541,1000
34517,0.000987918,0.987918,1000
34518,0.002993046,2.993046,1000
34519,0.0006227,0.6227,1000
34520,0.003552312,3.552312,1000
34521,0.000795978,0.795978,1000
34522,0.001048176,1.048176,1000
34523,0.000782576,0.782576,1000
34524,0.000682201,0.682201,1000
34525,0.001604209,1.604209,1000
34526,0.001423455,1.423455,1000
34527,0.002842511,2.842511,1000
34528,0.000825966,0.825966,1000
34529,0.000744055,0.744055,1000
34530,0.009704971,9.704971,1000
34531,0.000794248,0.794248,1000
34532,0.003016686,3.016686,1000
34533,0.000611509,0.611509,1000
34534,0.000336262,0.336262,1000
34535,0.002357474,2.357474,1000
34536,0.021726309,21.726309,1000
34537,0.001015484,1.015484,1000
34538,0.001331809,1.331809,1000
34539,0.000701003,0.701003,1000
34540,0.001480218,1.480218,1000
34541,0.001062502,1.062502,1000
34542,0.001538513,1.538513,1000
34543,0.000476693,0.476693,1000
34544,0.005274756,5.274756,1000
34545,0.001842914,1.842914,1000
34546,0.000431558,0.431558,1000
34547,0.001613775,1.613775,1000
34548,0.000610834,0.610834,1000
34549,0.000458666,0.458666,1000
34550,0.000814737,0.814737,1000
34551,0.001510527,1.510527,1000
34552,0.000650992,0.650992,1000
34553,0.001865774,1.865774,1000
34554,0.001361895,1.361895,1000
34555,0.002847513,2.847513,1000
34556,0.000800064,0.800064,1000
34557,0.000669911,0.669911,1000
34558,0.00061567,0.61567,1000
34559,0.001179866,1.179866,1000
34560,0.001334072,1.334072,1000
34561,0.000849667,0.849667,1000
34562,0.000678753,0.678753,1000
34563,0.001315731,1.315731,1000
34564,0.001232353,1.232353,1000
34565,0.000892044,0.892044,1000
34566,0.001678189,1.678189,1000
34567,0.000825966,0.825966,1000
34568,0.003042987,3.042987,1000
34569,0.000778743,0.778743,1000
34570,0.000890209,0.890209,1000
34571,0.001746026,1.746026,1000
34572,0.000879359,0.879359,1000
34573,0.00123555,1.23555,1000
34574,0.000499656,0.499656,1000
34575,0.000615505,0.615505,1000
34576,0.000236979,0.236979,1000
34577,0.000661107,0.661107,1000
34578,0.001177071,1.177071,1000
34579,0.000289569,0.289569,1000
34580,0.00081312,0.81312,1000
34581,0.000685536,0.685536,1000
34582,0.001600002,1.600002,1000
34583,0.001636872,1.636872,1000
34584,0.000825966,0.825966,1000
34585,0.001389228,1.389228,1000
34586,0.000859828,0.859828,1000
34587,0.005044453,5.044453,1000
34588,0.001056068,1.056068,1000
34589,0.00275821,2.75821,1000
34590,0.000439177,0.439177,1000
34591,0.001062541,1.062541,1000
34592,0.000993186,0.993186,1000
34593,0.002033657,2.033657,1000
34594,0.000822968,0.822968,1000
34595,0.001011354,1.011354,1000
34596,0.000575664,0.575664,1000
34597,0.000801922,0.801922,1000
34598,0.000788722,0.788722,1000
34599,0.001163675,1.163675,1000
34600,0.00111538,1.11538,1000
34601,0.008576006,8.576006,1000
34602,0.000629727,0.629727,1000
34603,0.00125679,1.25679,1000
34604,0.000982052,0.982052,1000
34605,0.002597773,2.597773,1000
34606,0.001328954,1.328954,1000
34607,0.001002303,1.002303,1000
34608,0.002118997,2.118997,1000
34609,0.001065928,1.065928,1000
34610,0.001821889,1.821889,1000
34611,0.000962906,0.962906,1000
34612,0.00078378,0.78378,1000
34613,0.001115514,1.115514,1000
34614,0.001176616,1.176616,1000
34615,0.001431107,1.431107,1000
34616,0.00159543,1.59543,1000
34617,0.001176933,1.176933,1000
34618,0.000730164,0.730164,1000
34619,0.005746417,5.746417,1000
34620,0.001505839,1.505839,1000
34621,0.00097641,0.97641,1000
34622,0.001071066,1.071066,1000
34623,0.000642312,0.642312,1000
34624,0.000725871,0.725871,1000
34625,0.000396392,0.396392,1000
34626,0.002266893,2.266893,1000
34627,0.000888507,0.888507,1000
34628,0.000460337,0.460337,1000
34629,0.000593956,0.593956,1000
34630,0.000993186,0.993186,1000
34631,0.00072667,0.72667,1000
34632,0.001265781,1.265781,1000
34633,0.000824395,0.824395,1000
34634,0.009475241,9.475241,1000
34635,0.000487006,0.487006,1000
34636,0.000634999,0.634999,1000
34637,0.00104294,1.04294,1000
34638,0.000962652,0.962652,1000
34639,0.0009483,0.9483,1000
34640,0.001020087,1.020087,1000
34641,0.001885086,1.885086,1000
34642,0.001088611,1.088611,1000
34643,0.000762849,0.762849,1000
34644,0.000664009,0.664009,1000
34645,0.000914751,0.914751,1000
34646,0.000623321,0.623321,1000
34647,0.001018794,1.018794,1000
34648,0.001062502,1.062502,1000
34649,0.000825966,0.825966,1000
34650,0.000842084,0.842084,1000
34651,0.000621506,0.621506,1000
34652,0.000765908,0.765908,1000
34653,0.000923361,0.923361,1000
34654,0.001062519,1.062519,1000
34655,0.001130664,1.130664,1000
34656,0.00138222,1.38222,1000
34657,0.001062541,1.062541,1000
34658,0.001668139,1.668139,1000
34659,0.010071646,10.071646,1000
34660,0.001038146,1.038146,1000
34661,0.001510527,1.510527,1000
34662,0.000798789,0.798789,1000
34663,0.000833097,0.833097,1000
34664,0.002003131,2.003131,1000
34665,0.000881788,0.881788,1000
34666,0.00058178,0.58178,1000
34667,0.001266563,1.266563,1000
34668,0.00114829,1.14829,1000
34669,0.00096075,0.96075,1000
34670,0.000686748,0.686748,1000
34671,0.001459127,1.459127,1000
34672,0.000879245,0.879245,1000
34673,0.000782611,0.782611,1000
34674,0.001821889,1.821889,1000
34675,0.000763627,0.763627,1000
34676,0.000654736,0.654736,1000
34677,0.000983382,0.983382,1000
34678,0.000500683,0.500683,1000
34679,0.00069745,0.69745,1000
34680,0.000593994,0.593994,1000
34681,0.000597268,0.597268,1000
34682,0.001013118,1.013118,1000
34683,0.00331505,3.31505,1000
34684,0.000752456,0.752456,1000
34685,0.00172358,1.72358,1000
34686,0.000595792,0.595792,1000
34687,0.000801323,0.801323,1000
34688,0.000727655,0.727655,1000
34689,0.040577974,40.577974,1000
34690,0.000575615,0.575615,1000
34691,0.000857941,0.857941,1000
34692,0.001011936,1.011936,1000
34693,0.000654107,0.654107,1000
34694,0.000801269,0.801269,1000
34695,0.001598163,1.598163,1000
34696,0.000659555,0.659555,1000
34697,0.000786022,0.786022,1000
34698,0.000397043,0.397043,1000
34699,0.004712438,4.712438,1000
34700,0.000307144,0.307144,1000
34701,0.000893937,0.893937,1000
34702,0.00172519,1.72519,1000
34703,0.000340543,0.340543,1000
34704,0.000352155,0.352155,1000
34705,0.013611151,13.611151,1000
34706,0.000631349,0.631349,1000
34707,0.000664921,0.664921,1000
34708,0.000409598,0.409598,1000
34709,0.002799605,2.799605,1000
34710,0.002450707,2.450707,1000
34711,0.001520493,1.520493,1000
34712,0.001288837,1.288837,1000
34713,0.000867856,0.867856,1000
34714,0.001087262,1.087262,1000
34715,0.001149751,1.149751,1000
34716,0.000729959,0.729959,1000
34717,0.000771219,0.771219,1000
34718,0.000636578,0.636578,1000
34719,0.001006227,1.006227,1000
34720,0.001400425,1.400425,1000
34721,0.001412853,1.412853,1000
34722,0.001165149,1.165149,1000
34723,0.001146689,1.146689,1000
34724,0.000769705,0.769705,1000
34725,0.001262054,1.262054,1000
34726,0.000289368,0.289368,1000
34727,0.000427607,0.427607,1000
34728,0.000741061,0.741061,1000
34729,0.001950231,1.950231,1000
34730,0.00105043,1.05043,1000
34731,0.000996326,0.996326,1000
34732,0.001048187,1.048187,1000
34733,0.001062541,1.062541,1000
34734,0.00071521,0.71521,1000
34735,0.000590073,0.590073,1000
34736,0.000752411,0.752411,1000
34737,0.001603065,1.603065,1000
34738,0.000976229,0.976229,1000
34739,0.002749043,2.749043,1000
34740,0.000590012,0.590012,1000
34741,0.002285846,2.285846,1000
34742,0.00077832,0.77832,1000
34743,0.000846159,0.846159,1000
34744,0.001071133,1.071133,1000
34745,0.00300798,3.00798,1000
34746,0.003190582,3.190582,1000
34747,0.001037055,1.037055,1000
34748,0.000795534,0.795534,1000
34749,0.002972376,2.972376,1000
34750,0.008399659,8.399659,1000
34751,0.000378341,0.378341,1000
34752,0.001410015,1.410015,1000
34753,0.001412853,1.412853,1000
34754,0.000698907,0.698907,1000
34755,0.000948554,0.948554,1000
34756,0.001081154,1.081154,1000
34757,0.001093132,1.093132,1000
34758,0.001055995,1.055995,1000
34759,0.000923168,0.923168,1000
34760,0.000829416,0.829416,1000
34761,0.001016557,1.016557,1000
34762,0.000806392,0.806392,1000
34763,0.000825966,0.825966,1000
34764,0.000681061,0.681061,1000
34765,0.00071961,0.71961,1000
34766,0.000963771,0.963771,1000
34767,0.002728929,2.728929,1000
34768,0.001085964,1.085964,1000
34769,0.02525475,25.25475,1000
34770,0.008037694,8.037694,1000
34771,0.000736164,0.736164,1000
34772,0.000419412,0.419412,1000
34773,0.000886378,0.886378,1000
34774,0.011976767,11.976767,1000
34775,0.008232962,8.232962,1000
34776,0.004561308,4.561308,1000
34777,0.000411333,0.411333,1000
34778,0.000519409,0.519409,1000
34779,0.000326332,0.326332,1000
34780,0.000964089,0.964089,1000
34781,0.000851369,0.851369,1000
34782,0.001232498,1.232498,1000
34783,0.00810202,8.10202,1000
34784,0.001333104,1.333104,1000
34785,0.01613735,16.13735,1000
34786,0.000729071,0.729071,1000
34787,0.003374862,3.374862,1000
34788,0.001488192,1.488192,1000
34789,0.00072523,0.72523,1000
34790,0.000494967,0.494967,1000
34791,0.000481894,0.481894,1000
34792,0.000650348,0.650348,1000
34793,0.000879522,0.879522,1000
34794,0.001184711,1.184711,1000
34795,0.000810208,0.810208,1000
34796,0.001155124,1.155124,1000
34797,0.000304431,0.304431,1000
34798,0.000993186,0.993186,1000
34799,0.00116403,1.16403,1000
34800,0.000833822,0.833822,1000
34801,0.000982522,0.982522,1000
34802,0.008908679,8.908679,1000
34803,0.000846911,0.846911,1000
34804,0.00067074,0.67074,1000
34805,0.000690033,0.690033,1000
34806,0.001326305,1.326305,1000
34807,0.000664615,0.664615,1000
34808,0.009302092,9.302092,1000
34809,0.000676951,0.676951,1000
34810,0.001253657,1.253657,1000
34811,0.000772707,0.772707,1000
34812,0.001053578,1.053578,1000
34813,0.001097456,1.097456,1000
34814,0.001097456,1.097456,1000
34815,0.000995922,0.995922,1000
34816,0.001062519,1.062519,1000
34817,0.000952199,0.952199,1000
34818,0.000823871,0.823871,1000
34819,0.000783777,0.783777,1000
34820,0.00138256,1.38256,1000
34821,0.000963771,0.963771,1000
34822,0.002002111,2.002111,1000
34823,0.000822982,0.822982,1000
34824,0.00125679,1.25679,1000
34825,0.005861476,5.861476,1000
34826,0.000703097,0.703097,1000
34827,0.00101412,1.01412,1000
34828,0.00078378,0.78378,1000
34829,0.001330201,1.330201,1000
34830,0.000983435,0.983435,1000
34831,0.000717172,0.717172,1000
34832,0.001292847,1.292847,1000
34833,0.000815817,0.815817,1000
34834,0.000985398,0.985398,1000
34835,0.000585789,0.585789,1000
34836,0.000815075,0.815075,1000
34837,0.001825149,1.825149,1000
34838,0.007978919,7.978919,1000
34839,0.010120596,10.120596,1000
34840,0.001044721,1.044721,1000
34841,0.000800009,0.800009,1000
34842,0.001203396,1.203396,1000
34843,0.000401839,0.401839,1000
34844,0.000813123,0.813123,1000
34845,0.002188372,2.188372,1000
34846,0.000987869,0.987869,1000
34847,0.001580111,1.580111,1000
34848,0.000783777,0.783777,1000
34849,0.005478123,5.478123,1000
34850,0.000818241,0.818241,1000
34851,0.000744254,0.744254,1000
34852,0.001006227,1.006227,1000
34853,0.000668957,0.668957,1000
34854,0.000572326,0.572326,1000
34855,0.001273564,1.273564,1000
34856,0.000325226,0.325226,1000
34857,0.001042957,1.042957,1000
34858,0.001052219,1.052219,1000
34859,0.002016709,2.016709,1000
34860,0.00068243,0.68243,1000
34861,0.001294681,1.294681,1000
34862,0.00353005,3.53005,1000
34863,0.002191234,2.191234,1000
34864,0.001044721,1.044721,1000
34865,0.001397264,1.397264,1000
34866,0.000847011,0.847011,1000
34867,0.000619248,0.619248,1000
34868,0.000772707,0.772707,1000
34869,0.000905613,0.905613,1000
34870,0.002061166,2.061166,1000
34871,0.000394222,0.394222,1000
34872,0.001006227,1.006227,1000
34873,0.000505612,0.505612,1000
34874,0.000757564,0.757564,1000
34875,0.001375999,1.375999,1000
34876,0.027537066,27.537066,1000
34877,0.003142203,3.142203,1000
34878,0.001042817,1.042817,1000
34879,0.000728631,0.728631,1000
34880,0.001045079,1.045079,1000
34881,0.001039476,1.039476,1000
34882,0.008019893,8.019893,1000
34883,0.000486469,0.486469,1000
34884,0.000352217,0.352217,1000
34885,0.000783777,0.783777,1000
34886,0.00115367,1.15367,1000
34887,0.00314892,3.14892,1000
34888,0.003829596,3.829596,1000
34889,0.000987248,0.987248,1000
34890,0.00044739,0.44739,1000
34891,0.001042957,1.042957,1000
34892,0.002795701,2.795701,1000
34893,0.001331828,1.331828,1000
34894,0.0051264,5.1264,1000
34895,0.000668385,0.668385,1000
34896,0.000695741,0.695741,1000
34897,0.000762785,0.762785,1000
34898,0.000327735,0.327735,1000
34899,0.000855187,0.855187,1000
34900,0.001826577,1.826577,1000
34901,0.004671147,4.671147,1000
34902,0.003031915,3.031915,1000
34903,0.00412575,4.12575,1000
34904,0.000835653,0.835653,1000
34905,0.002176737,2.176737,1000
34906,0.000383647,0.383647,1000
34907,0.001538604,1.538604,1000
34908,0.000863262,0.863262,1000
34909,0.000955018,0.955018,1000
34910,0.018552671,18.552671,1000
34911,0.001337912,1.337912,1000
34912,0.006278548,6.278548,1000
34913,0.002345018,2.345018,1000
34914,0.000882687,0.882687,1000
34915,0.000883329,0.883329,1000
34916,0.014666688,14.666688,1000
34917,0.001376094,1.376094,1000
34918,0.000257577,0.257577,1000
34919,0.001116525,1.116525,1000
34920,0.001156779,1.156779,1000
34921,0.000684645,0.684645,1000
34922,0.001474646,1.474646,1000
34923,0.009702228,9.702228,1000
34924,0.001011874,1.011874,1000
34925,0.000798473,0.798473,1000
34926,0.002863577,2.863577,1000
34927,0.001750714,1.750714,1000
34928,0.001205656,1.205656,1000
34929,0.001270704,1.270704,1000
34930,0.000897099,0.897099,1000
34931,0.000983451,0.983451,1000
34932,0.018292305,18.292305,1000
34933,0.000900836,0.900836,1000
34934,0.000669787,0.669787,1000
34935,0.000351767,0.351767,1000
34936,0.001031584,1.031584,1000
34937,0.001149474,1.149474,1000
34938,0.000797818,0.797818,1000
34939,0.000823363,0.823363,1000
34940,0.000920004,0.920004,1000
34941,0.000702582,0.702582,1000
34942,0.002932169,2.932169,1000
34943,0.001480738,1.480738,1000
34944,0.000529494,0.529494,1000
34945,0.000667015,0.667015,1000
34946,0.000550811,0.550811,1000
34947,0.001528153,1.528153,1000
34948,0.000255648,0.255648,1000
34949,0.000579895,0.579895,1000
34950,0.000788504,0.788504,1000
34951,0.000538133,0.538133,1000
34952,0.001668938,1.668938,1000
34953,0.015446862,15.446862,1000
34954,0.00086553,0.86553,1000
34955,0.001331713,1.331713,1000
34956,0.000882241,0.882241,1000
34957,0.001142904,1.142904,1000
34958,0.000393418,0.393418,1000
34959,0.008101618,8.101618,1000
34960,0.00104294,1.04294,1000
34961,0.007580627,7.580627,1000
34962,0.001385469,1.385469,1000
34963,0.003050179,3.050179,1000
34964,0.000342188,0.342188,1000
34965,0.000352814,0.352814,1000
34966,0.001534625,1.534625,1000
34967,0.000575614,0.575614,1000
34968,0.000785301,0.785301,1000
34969,0.001024496,1.024496,1000
34970,0.00040997,0.40997,1000
34971,0.000783777,0.783777,1000
34972,0.00164262,1.64262,1000
34973,0.001372139,1.372139,1000
34974,0.002941536,2.941536,1000
34975,0.000854261,0.854261,1000
34976,0.00035052,0.35052,1000
34977,0.000847082,0.847082,1000
34978,0.001740962,1.740962,1000
34979,0.000948212,0.948212,1000
34980,0.002956778,2.956778,1000
34981,0.001155124,1.155124,1000
34982,0.000905011,0.905011,1000
34983,0.00813247,8.13247,1000
34984,0.000602523,0.602523,1000
34985,0.000590539,0.590539,1000
34986,0.000361089,0.361089,1000
34987,0.007365166,7.365166,1000
34988,0.006674413,6.674413,1000
34989,0.001472233,1.472233,1000
34990,0.003629459,3.629459,1000
34991,0.000825966,0.825966,1000
34992,0.002926786,2.926786,1000
34993,0.005715386,5.715386,1000
34994,0.000842732,0.842732,1000
34995,0.000862276,0.862276,1000
34996,0.001022996,1.022996,1000
34997,0.001405138,1.405138,1000
34998,0.000847411,0.847411,1000
34999,0.005835242,5.835242,1000
35000,0.000972238,0.972238,1000
35001,0.002471796,2.471796,1000
35002,0.000934353,0.934353,1000
35003,0.00024641,0.24641,1000
35004,0.000708739,0.708739,1000
35005,0.001208843,1.208843,1000
35006,0.000825966,0.825966,1000
35007,0.000937712,0.937712,1000
35008,0.000681386,0.681386,1000
35009,0.001042288,1.042288,1000
35010,0.002186889,2.186889,1000
35011,0.001151,1.151,1000
35012,0.004814906,4.814906,1000
35013,0.003063576,3.063576,1000
35014,0.001158949,1.158949,1000
35015,0.005427847,5.427847,1000
35016,0.000787471,0.787471,1000
35017,0.000977131,0.977131,1000
35018,0.001230894,1.230894,1000
35019,0.001097456,1.097456,1000
35020,0.001202857,1.202857,1000
35021,0.00074014,0.74014,1000
35023,0.000838328,0.838328,1000
35024,0.001317621,1.317621,1000
35025,0.000972428,0.972428,1000
35026,0.000804105,0.804105,1000
35027,0.000367508,0.367508,1000
35028,0.00074302,0.74302,1000
35029,0.007004834,7.004834,1000
35030,0.001951272,1.951272,1000
35031,0.001070943,1.070943,1000
35032,0.001013786,1.013786,1000
35033,0.000825966,0.825966,1000
35034,0.000818475,0.818475,1000
35035,0.002953347,2.953347,1000
35036,0.008073945,8.073945,1000
35037,0.001274315,1.274315,1000
35038,0.000898014,0.898014,1000
35039,0.001190563,1.190563,1000
35040,0.001224728,1.224728,1000
35041,0.00078378,0.78378,1000
35042,0.000452408,0.452408,1000
35043,0.000806538,0.806538,1000
35044,0.001010728,1.010728,1000
35045,0.000772716,0.772716,1000
35046,0.000918462,0.918462,1000
35047,0.00103168,1.03168,1000
35048,0.000976813,0.976813,1000
35049,0.000702468,0.702468,1000
35050,0.000558211,0.558211,1000
35051,0.000993186,0.993186,1000
35052,0.000791045,0.791045,1000
35053,0.000596841,0.596841,1000
35054,0.00093765,0.93765,1000
35055,0.000570049,0.570049,1000
35056,0.000614511,0.614511,1000
35057,0.001525076,1.525076,1000
35058,0.000891197,0.891197,1000
35059,0.001382728,1.382728,1000
35060,0.008627926,8.627926,1000
35061,0.000970987,0.970987,1000
35062,0.001192116,1.192116,1000
35063,0.00149611,1.49611,1000
35064,0.000961375,0.961375,1000
35065,0.000982957,0.982957,1000
35066,0.001000921,1.000921,1000
35067,0.001061881,1.061881,1000
35068,0.001000083,1.000083,1000
35069,0.001045567,1.045567,1000
35070,0.005160023,5.160023,1000
35071,0.000348045,0.348045,1000
35072,0.009756168,9.756168,1000
35073,0.000993012,0.993012,1000
35074,0.000599901,0.599901,1000
35075,0.000935513,0.935513,1000
35076,0.000990286,0.990286,1000
35077,0.00063627,0.63627,1000
35078,0.004269661,4.269661,1000
35079,0.00066839,0.66839,1000
35080,0.00077707,0.77707,1000
35081,0.027467956,27.467956,1000
35082,0.003057608,3.057608,1000
35083,0.003660037,3.660037,1000
35084,0.001127267,1.127267,1000
35085,0.001038567,1.038567,1000
35086,0.001613775,1.613775,1000
35087,0.026775907,26.775907,1000
35088,0.001071133,1.071133,1000
35089,0.001134926,1.134926,1000
35090,0.000712797,0.712797,1000
35091,0.000849015,0.849015,1000
35092,0.00135094,1.35094,1000
35093,0.01370479,13.70479,1000
35095,0.000718191,0.718191,1000
35096,0.000653531,0.653531,1000
35097,0.001440261,1.440261,1000
35098,0.000433024,0.433024,1000
35099,0.025086309,25.086309,1000
35100,0.002211767,2.211767,1000
35101,0.00116084,1.16084,1000
35102,0.000616869,0.616869,1000
35103,0.00114829,1.14829,1000
35104,0.026770709,26.770709,1000
35105,0.000825966,0.825966,1000
35106,0.001139001,1.139001,1000
35107,0.049922067,49.922067,1000
35108,0.021473417,21.473417,1000
35109,0.017818287,17.818287,1000
35110,0.002104768,2.104768,1000
35111,0.027797909,27.797909,1000
35112,0.016779998,16.779998,1000
35113,0.034940614,34.940614,1000
35114,0.022646629,22.646629,1000
35115,0.061424058,61.424058,1000
35116,0.004979823,4.979823,1000
35117,0.001124571,1.124571,1000
35118,0.016543626,16.543626,1000
35119,0.001088682,1.088682,1000
35120,0.02663425,26.63425,1000
35121,0.003002847,3.002847,1000
35122,0.000929276,0.929276,1000
35123,0.00104294,1.04294,1000
35124,0.000783777,0.783777,1000
35125,0.015954693,15.954693,1000
35126,0.003535211,3.535211,1000
35127,0.001062541,1.062541,1000
35128,0.000837103,0.837103,1000
35129,0.002066147,2.066147,1000
35130,0.003670643,3.670643,1000
35131,0.019286942,19.286942,1000
35132,0.00084779,0.84779,1000
35133,0.005117975,5.117975,1000
35134,0.002858568,2.858568,1000
35135,0.000885869,0.885869,1000
35136,0.001456359,1.456359,1000
35137,0.000937243,0.937243,1000
35138,0.003080522,3.080522,1000
35139,0.000577748,0.577748,1000
35140,0.010502827,10.502827,1000
35141,0.001044721,1.044721,1000
35142,0.001046306,1.046306,1000
35143,0.007988709,7.988709,1000
35144,0.000891014,0.891014,1000
35145,0.001194119,1.194119,1000
35146,0.000803232,0.803232,1000
35147,0.001071133,1.071133,1000
35148,0.000847611,0.847611,1000
35149,0.000825966,0.825966,1000
35150,0.001666837,1.666837,1000
35151,0.000908306,0.908306,1000
35152,0.000795534,0.795534,1000
35153,0.001018268,1.018268,1000
35154,0.001018268,1.018268,1000
35155,0.00103168,1.03168,1000
35156,0.000361111,0.361111,1000
35157,0.000575932,0.575932,1000
35158,0.000953613,0.953613,1000
35159,0.001151318,1.151318,1000
35160,0.000677848,0.677848,1000
35161,0.006208731,6.208731,1000
35162,0.000840633,0.840633,1000
35163,0.003202075,3.202075,1000
35164,0.000566237,0.566237,1000
35165,0.002851317,2.851317,1000
35166,0.000523566,0.523566,1000
35167,0.001963502,1.963502,1000
35168,0.000834175,0.834175,1000
35169,0.00101154,1.01154,1000
35170,0.000825966,0.825966,1000
35171,0.00081312,0.81312,1000
35172,0.000878351,0.878351,1000
35173,0.000989153,0.989153,1000
35174,0.001226795,1.226795,1000
35175,0.002822844,2.822844,1000
35176,0.000466726,0.466726,1000
35177,0.008077659,8.077659,1000
35178,0.000840436,0.840436,1000
35179,0.001557522,1.557522,1000
35180,0.000804322,0.804322,1000
35181,0.000443998,0.443998,1000
35182,0.006692535,6.692535,1000
35183,0.001510527,1.510527,1000
35184,0.240237839,240.237839,1000
35185,0.001416289,1.416289,1000
35186,0.000667475,0.667475,1000
35187,0.003246803,3.246803,1000
35188,0.000710983,0.710983,1000
35189,0.000868079,0.868079,1000
35190,0.00105043,1.05043,1000
35191,0.001195319,1.195319,1000
35192,0.002913431,2.913431,1000
35193,0.001252618,1.252618,1000
35194,0.000953672,0.953672,1000
35195,0.001234556,1.234556,1000
35196,0.000775074,0.775074,1000
35197,0.001189596,1.189596,1000
35198,0.001147557,1.147557,1000
35199,0.000737629,0.737629,1000
35200,0.001326344,1.326344,1000
35201,0.000684026,0.684026,1000
35202,0.001013786,1.013786,1000
35203,0.000897089,0.897089,1000
35204,0.000588622,0.588622,1000
35205,0.003268417,3.268417,1000
35206,0.000829843,0.829843,1000
35207,0.002206506,2.206506,1000
35208,0.00074635,0.74635,1000
35209,0.000806824,0.806824,1000
35210,0.096904416,96.904416,1000
35211,0.000907231,0.907231,1000
35212,0.003528507,3.528507,1000
35213,0.000905208,0.905208,1000
35214,0.00061107,0.61107,1000
35215,0.020465722,20.465722,1000
35216,0.000937396,0.937396,1000
35217,0.001002705,1.002705,1000
35218,0.001510527,1.510527,1000
35219,0.004020934,4.020934,1000
35220,0.001749287,1.749287,1000
35221,0.000629191,0.629191,1000
35222,0.002245134,2.245134,1000
35223,0.001628104,1.628104,1000
35224,1.001537902,1001.537902,1000
35225,0.002356597,2.356597,1000
35226,0.020288191,20.288191,1000
35227,0.00088156,0.88156,1000
35228,0.000800009,0.800009,1000
35229,0.000711423,0.711423,1000
35230,0.001006165,1.006165,1000
35231,0.002929326,2.929326,1000
35232,0.000407425,0.407425,1000
35233,0.001062541,1.062541,1000
35234,0.001001876,1.001876,1000
35235,0.001439763,1.439763,1000
35236,0.003204038,3.204038,1000
35237,0.000608849,0.608849,1000
35238,0.001081154,1.081154,1000
35239,0.002814812,2.814812,1000
35240,0.000875049,0.875049,1000
35241,0.001032905,1.032905,1000
35242,0.002314026,2.314026,1000
35243,0.001976769,1.976769,1000
35244,0.001108042,1.108042,1000
35245,0.000817436,0.817436,1000
35246,0.000560078,0.560078,1000
35247,0.000951007,0.951007,1000
35248,0.006674283,6.674283,1000
35249,0.00123555,1.23555,1000
35250,0.000819852,0.819852,1000
35251,0.001006227,1.006227,1000
35252,0.001097456,1.097456,1000
35253,0.002286666,2.286666,1000
35254,0.001042957,1.042957,1000
35255,0.001062379,1.062379,1000
35256,0.000757019,0.757019,1000
35257,0.000896633,0.896633,1000
35258,0.000892236,0.892236,1000
35259,0.005750116,5.750116,1000
35260,0.001001026,1.001026,1000
35261,0.025101635,25.101635,1000
35262,0.001520493,1.520493,1000
35263,0.0015091,1.5091,1000
35264,0.000692702,0.692702,1000
35265,0.000691776,0.691776,1000
35266,0.000407465,0.407465,1000
35267,0.002720818,2.720818,1000
35268,0.001265702,1.265702,1000
35269,0.000702689,0.702689,1000
35270,0.001314459,1.314459,1000
35271,0.002711712,2.711712,1000
35272,0.000795113,0.795113,1000
35273,0.009520345,9.520345,1000
35274,0.000846014,0.846014,1000
35275,0.000904225,0.904225,1000
35276,0.00085012,0.85012,1000
35277,0.008327428,8.327428,1000
35278,0.000720539,0.720539,1000
35279,0.002863585,2.863585,1000
35280,0.001601771,1.601771,1000
35281,0.000758797,0.758797,1000
35282,0.003940755,3.940755,1000
35283,0.000760061,0.760061,1000
35284,0.039539339,39.539339,1000
35285,0.001042957,1.042957,1000
35286,0.000971415,0.971415,1000
35287,0.00297368,2.97368,1000
35288,0.00066293,0.66293,1000
35289,0.262387188,262.387188,1000
35290,0.0005228,0.5228,1000
35291,0.001302151,1.302151,1000
35292,0.004747704,4.747704,1000
35293,0.003162425,3.162425,1000
35294,0.000409294,0.409294,1000
35295,0.003321485,3.321485,1000
35296,0.00081312,0.81312,1000
35297,0.001375999,1.375999,1000
35298,0.000795181,0.795181,1000
35299,0.000629992,0.629992,1000
35300,0.004150253,4.150253,1000
35301,0.001490924,1.490924,1000
35302,0.000271649,0.271649,1000
35303,0.00047207,0.47207,1000
35304,0.000565199,0.565199,1000
35305,0.000946017,0.946017,1000
35306,0.000662634,0.662634,1000
35307,0.000670714,0.670714,1000
35308,0.003397252,3.397252,1000
35309,0.001374489,1.374489,1000
35310,0.001134926,1.134926,1000
35311,0.001058328,1.058328,1000
35312,0.00069492,0.69492,1000
35313,0.000739002,0.739002,1000
35314,0.000926889,0.926889,1000
35315,0.000665271,0.665271,1000
35316,0.000922584,0.922584,1000
35317,0.00082768,0.82768,1000
35318,0.000903105,0.903105,1000
35319,0.001373176,1.373176,1000
35320,0.003215372,3.215372,1000
35321,0.001202005,1.202005,1000
35322,0.000915184,0.915184,1000
35323,0.00081312,0.81312,1000
35324,0.001140154,1.140154,1000
35325,0.000976606,0.976606,1000
35326,0.000697875,0.697875,1000
35327,0.001010911,1.010911,1000
35328,0.001334072,1.334072,1000
35329,0.004305269,4.305269,1000
35330,0.001500765,1.500765,1000
35331,0.001015184,1.015184,1000
35332,0.002430571,2.430571,1000
35333,0.000780871,0.780871,1000
35334,0.000769227,0.769227,1000
35335,0.000818478,0.818478,1000
35336,0.001016884,1.016884,1000
35337,0.001062502,1.062502,1000
35338,0.000837475,0.837475,1000
35339,0.001005096,1.005096,1000
35340,0.000656798,0.656798,1000
35341,0.002895756,2.895756,1000
35342,0.000685924,0.685924,1000
35343,0.000742607,0.742607,1000
35344,0.011552926,11.552926,1000
35345,0.000995922,0.995922,1000
35346,0.000935858,0.935858,1000
35347,0.000921876,0.921876,1000
35348,0.00115367,1.15367,1000
35349,0.001227377,1.227377,1000
35350,0.000618011,0.618011,1000
35351,0.000725379,0.725379,1000
35352,0.004470042,4.470042,1000
35353,0.009141833,9.141833,1000
35354,0.000835795,0.835795,1000
35355,0.001320325,1.320325,1000
35356,0.001525076,1.525076,1000
35357,0.000858252,0.858252,1000
35358,0.001127481,1.127481,1000
35359,0.000636882,0.636882,1000
35360,0.000703558,0.703558,1000
35361,0.096900328,96.900328,1000
35362,0.000851081,0.851081,1000
35363,0.005333069,5.333069,1000
35364,0.000851301,0.851301,1000
35365,0.008524178,8.524178,1000
35366,0.000695622,0.695622,1000
35367,0.000750024,0.750024,1000
35368,0.001491057,1.491057,1000
35369,0.001044721,1.044721,1000
35370,0.0015091,1.5091,1000
35371,0.000599349,0.599349,1000
35372,0.000610284,0.610284,1000
35373,0.002315587,2.315587,1000
35374,0.001052138,1.052138,1000
35375,0.00139055,1.39055,1000
35376,0.003462106,3.462106,1000
35377,0.000878235,0.878235,1000
35378,0.00071551,0.71551,1000
35379,0.001081154,1.081154,1000
35380,0.004705915,4.705915,1000
35381,0.003259714,3.259714,1000
35382,0.000294122,0.294122,1000
35383,0.001521885,1.521885,1000
35384,0.001043045,1.043045,1000
35385,0.000993124,0.993124,1000
35386,0.000473678,0.473678,1000
35387,0.002771505,2.771505,1000
35388,0.001070033,1.070033,1000
35389,0.003300287,3.300287,1000
35390,0.001042957,1.042957,1000
35391,0.211062123,211.062123,1000
35392,0.001510527,1.510527,1000
35393,0.001402484,1.402484,1000
35394,0.00105043,1.05043,1000
35395,0.000693703,0.693703,1000
35396,0.00082591,0.82591,1000
35397,0.003295813,3.295813,1000
35398,0.000797316,0.797316,1000
35399,0.002804149,2.804149,1000
35400,0.001085517,1.085517,1000
35401,0.000858252,0.858252,1000
35402,0.001062519,1.062519,1000
35403,0.000937243,0.937243,1000
35404,0.00103623,1.03623,1000
35405,0.000627827,0.627827,1000
35406,0.000718514,0.718514,1000
35407,0.00075761,0.75761,1000
35408,0.001006227,1.006227,1000
35409,0.000863011,0.863011,1000
35410,0.040003419,40.003419,1000
35411,0.001031785,1.031785,1000
35412,0.018556315,18.556315,1000
35413,0.000461423,0.461423,1000
35414,0.000700629,0.700629,1000
35415,0.003596581,3.596581,1000
35416,0.013429591,13.429591,1000
35417,0.001692398,1.692398,1000
35418,0.000773585,0.773585,1000
35419,0.00081312,0.81312,1000
35420,0.00117837,1.17837,1000
35421,0.002958836,2.958836,1000
35422,0.003508244,3.508244,1000
35423,0.003822877,3.822877,1000
35424,0.000829659,0.829659,1000
35425,0.001609087,1.609087,1000
35426,0.001456359,1.456359,1000
35427,0.000431841,0.431841,1000
35428,0.000485005,0.485005,1000
35429,0.00066774,0.66774,1000
35430,0.000308271,0.308271,1000
35431,0.001255341,1.255341,1000
35432,0.001125114,1.125114,1000
35433,0.001179788,1.179788,1000
35434,0.000609199,0.609199,1000
35435,0.000693345,0.693345,1000
35436,0.001151318,1.151318,1000
35437,0.000657566,0.657566,1000
35438,0.001011936,1.011936,1000
35439,0.001332743,1.332743,1000
35440,0.000954803,0.954803,1000
35441,0.001262054,1.262054,1000
35442,0.001097456,1.097456,1000
35443,0.00081312,0.81312,1000
35444,0.001231268,1.231268,1000
35445,0.00097604,0.97604,1000
35446,0.000653277,0.653277,1000
35447,0.00199376,1.99376,1000
35448,0.00112093,1.12093,1000
35449,0.002833839,2.833839,1000
35450,0.000717604,0.717604,1000
35451,0.000849029,0.849029,1000
35452,0.00134345,1.34345,1000
35453,0.001009937,1.009937,1000
35454,0.008150334,8.150334,1000
35455,0.000717279,0.717279,1000
35456,0.000745346,0.745346,1000
35457,0.040090422,40.090422,1000
35458,0.002902074,2.902074,1000
35459,0.00833717,8.33717,1000
35460,0.001084799,1.084799,1000
35461,0.003562846,3.562846,1000
35462,0.000284336,0.284336,1000
35463,0.001134926,1.134926,1000
35464,0.001158051,1.158051,1000
35465,0.000475784,0.475784,1000
35466,0.00392092,3.92092,1000
35467,0.000279023,0.279023,1000
35468,0.001016392,1.016392,1000
35469,0.00068858,0.68858,1000
35470,0.001134194,1.134194,1000
35471,0.000959326,0.959326,1000
35472,0.000891698,0.891698,1000
35473,0.000387705,0.387705,1000
35474,0.001007452,1.007452,1000
35475,0.001836829,1.836829,1000
35476,0.000653589,0.653589,1000
35477,0.00104294,1.04294,1000
35478,0.000537845,0.537845,1000
35479,0.001081154,1.081154,1000
35480,0.001372083,1.372083,1000
35481,0.001054219,1.054219,1000
35482,0.001113438,1.113438,1000
35483,0.000730303,0.730303,1000
35484,0.001000264,1.000264,1000
35485,0.001221487,1.221487,1000
35486,0.001524997,1.524997,1000
35487,0.001071083,1.071083,1000
35488,0.000807271,0.807271,1000
35489,0.002185867,2.185867,1000
35490,0.002861912,2.861912,1000
35491,0.001081154,1.081154,1000
35492,0.001044721,1.044721,1000
35493,0.00104294,1.04294,1000
35494,0.001042957,1.042957,1000
35495,0.001213642,1.213642,1000
35496,0.000956262,0.956262,1000
35497,0.000760169,0.760169,1000
35498,0.003660494,3.660494,1000
35499,0.000762974,0.762974,1000
35500,0.00103168,1.03168,1000
35501,0.000998547,0.998547,1000
35502,0.000960851,0.960851,1000
35503,0.00131683,1.31683,1000
35504,0.001062541,1.062541,1000
35505,0.000888365,0.888365,1000
35506,0.001081154,1.081154,1000
35507,0.001113905,1.113905,1000
35508,0.009134045,9.134045,1000
35509,0.000867348,0.867348,1000
35510,0.000623839,0.623839,1000
35511,0.000750419,0.750419,1000
35512,0.001118743,1.118743,1000
35513,0.001029247,1.029247,1000
35514,0.001001009,1.001009,1000
35515,0.001114226,1.114226,1000
35516,0.002389601,2.389601,1000
35517,0.000668223,0.668223,1000
35518,0.000783777,0.783777,1000
35519,0.001104592,1.104592,1000
35520,0.001009349,1.009349,1000
35521,0.000954808,0.954808,1000
35522,0.000751235,0.751235,1000
35523,0.000934953,0.934953,1000
35524,0.000751557,0.751557,1000
35525,0.000627111,0.627111,1000
35526,0.00094895,0.94895,1000
35527,0.001101095,1.101095,1000
35528,0.00095179,0.95179,1000
35529,0.001223986,1.223986,1000
35530,0.001042957,1.042957,1000
35531,0.001406583,1.406583,1000
35532,0.016512347,16.512347,1000
35533,0.004293794,4.293794,1000
35534,0.000899807,0.899807,1000
35535,0.001352624,1.352624,1000
35536,0.010459327,10.459327,1000
35537,0.000561898,0.561898,1000
35538,0.001738141,1.738141,1000
35539,0.000836401,0.836401,1000
35540,0.00074289,0.74289,1000
35541,0.070667744,70.667744,1000
35542,0.001523569,1.523569,1000
35543,0.000936323,0.936323,1000
35544,0.001178929,1.178929,1000
35545,0.00128346,1.28346,1000
35546,0.001584879,1.584879,1000
35547,0.001092272,1.092272,1000
35548,0.002954751,2.954751,1000
35549,0.00277277,2.77277,1000
35550,0.06457589,64.57589,1000
35551,0.001044721,1.044721,1000
35552,0.001009232,1.009232,1000
35553,0.000849015,0.849015,1000
35554,0.000952493,0.952493,1000
35555,0.003340271,3.340271,1000
35556,0.002019256,2.019256,1000
35557,0.000896121,0.896121,1000
35558,0.00135,1.35,1000
35559,0.001014512,1.014512,1000
35560,0.001171094,1.171094,1000
35561,0.00095944,0.95944,1000
35562,0.001258394,1.258394,1000
35563,0.000706424,0.706424,1000
35564,0.001022423,1.022423,1000
35565,0.001548993,1.548993,1000
35566,0.00042643,0.42643,1000
35567,0.000511281,0.511281,1000
35568,0.001199977,1.199977,1000
35569,0.000954263,0.954263,1000
35570,0.000916856,0.916856,1000
35571,0.000787717,0.787717,1000
35572,0.572689586,572.689586,1000
35573,0.000850049,0.850049,1000
35574,0.000728891,0.728891,1000
35575,0.00068206,0.68206,1000
35576,0.002985089,2.985089,1000
35577,0.000616452,0.616452,1000
35578,0.00122105,1.22105,1000
35579,0.000783709,0.783709,1000
35580,0.001159722,1.159722,1000
35581,0.000711715,0.711715,1000
35582,0.000893065,0.893065,1000
35583,0.001000921,1.000921,1000
35584,0.000853668,0.853668,1000
35585,0.241641892,241.641892,1000
35586,0.000477457,0.477457,1000
35587,0.000585503,0.585503,1000
35589,0.00365664,3.65664,1000
35590,0.000845094,0.845094,1000
35591,0.001309909,1.309909,1000
35592,0.001510527,1.510527,1000
35593,0.000848106,0.848106,1000
35594,0.000935513,0.935513,1000
35595,0.028387924,28.387924,1000
35596,0.001520493,1.520493,1000
35597,0.001190355,1.190355,1000
35598,0.001456941,1.456941,1000
35599,0.001062506,1.062506,1000
35600,0.00116388,1.16388,1000
35601,0.016027269,16.027269,1000
35602,0.001162224,1.162224,1000
35603,0.001885558,1.885558,1000
35604,0.06457915,64.57915,1000
35605,0.001457786,1.457786,1000
35606,0.00604154,6.04154,1000
35607,0.001472169,1.472169,1000
35608,0.023989885,23.989885,1000
35609,0.000738296,0.738296,1000
35610,0.000557577,0.557577,1000
35611,0.006852853,6.852853,1000
35612,0.002194576,2.194576,1000
35613,0.001493914,1.493914,1000
35614,0.000807641,0.807641,1000
35615,0.000717695,0.717695,1000
35616,0.002796111,2.796111,1000
35617,0.000754673,0.754673,1000
35618,0.001158949,1.158949,1000
35619,0.000783777,0.783777,1000
35620,0.02739315,27.39315,1000
35621,0.00076521,0.76521,1000
35622,0.00070862,0.70862,1000
35623,0.000627306,0.627306,1000
35624,0.000848708,0.848708,1000
35625,0.001491172,1.491172,1000
35626,0.016144749,16.144749,1000
35627,0.008192914,8.192914,1000
35628,0.000682216,0.682216,1000
35629,0.001489488,1.489488,1000
35630,0.000984173,0.984173,1000
35631,0.001512933,1.512933,1000
35632,0.002405459,2.405459,1000
35633,0.001306376,1.306376,1000
35634,0.008356379,8.356379,1000
35635,0.000747218,0.747218,1000
35636,0.000972182,0.972182,1000
35637,0.001061351,1.061351,1000
35638,0.001286417,1.286417,1000
35639,0.001759576,1.759576,1000
35640,0.016376933,16.376933,1000
35641,0.000632689,0.632689,1000
35642,0.008202736,8.202736,1000
35643,0.001376162,1.376162,1000
35644,0.008384781,8.384781,1000
35645,0.00121409,1.21409,1000
35646,0.000857371,0.857371,1000
35647,0.004809398,4.809398,1000
35648,0.000811275,0.811275,1000
35649,0.00282547,2.82547,1000
35650,0.00076692,0.76692,1000
35651,0.00659716,6.59716,1000
35652,0.001250171,1.250171,1000
35653,0.021997624,21.997624,1000
35654,0.000996967,0.996967,1000
35655,0.000807522,0.807522,1000
35656,0.000487133,0.487133,1000
35657,0.000755884,0.755884,1000
35658,0.000758682,0.758682,1000
35659,0.001161662,1.161662,1000
35660,0.009033582,9.033582,1000
35661,0.000679624,0.679624,1000
35662,0.001096676,1.096676,1000
35663,0.002640772,2.640772,1000
35664,0.008064267,8.064267,1000
35665,0.000641036,0.641036,1000
35666,0.012861173,12.861173,1000
35667,0.001614528,1.614528,1000
35668,0.00081312,0.81312,1000
35669,0.00155913,1.55913,1000
35670,0.002850765,2.850765,1000
35671,0.000710129,0.710129,1000
35672,0.003022126,3.022126,1000
35673,0.00111521,1.11521,1000
35674,0.000261534,0.261534,1000
35675,0.000526475,0.526475,1000
35676,0.003229146,3.229146,1000
35677,0.001243232,1.243232,1000
35678,0.00292747,2.92747,1000
35679,0.001134919,1.134919,1000
35680,0.00113236,1.13236,1000
35681,0.001197266,1.197266,1000
35682,0.00089123,0.89123,1000
35683,0.001607469,1.607469,1000
35684,0.000901993,0.901993,1000
35685,0.000842082,0.842082,1000
35686,0.03099343,30.99343,1000
35687,0.000788461,0.788461,1000
35688,0.0014081,1.4081,1000
35689,0.000666818,0.666818,1000
35690,0.00299895,2.99895,1000
35691,0.002734913,2.734913,1000
35692,0.000864977,0.864977,1000
35693,0.001044721,1.044721,1000
35694,0.001149588,1.149588,1000
35695,0.000874423,0.874423,1000
35696,0.000613517,0.613517,1000
35697,0.001062519,1.062519,1000
35698,0.00112596,1.12596,1000
35699,0.000530552,0.530552,1000
35700,0.001445601,1.445601,1000
35701,0.000408519,0.408519,1000
35702,0.002801656,2.801656,1000
35703,0.0009089,0.9089,1000
35704,0.002720465,2.720465,1000
35705,0.001932948,1.932948,1000
35706,0.001041975,1.041975,1000
35707,0.000766413,0.766413,1000
35708,0.000764801,0.764801,1000
35709,0.001129437,1.129437,1000
35710,0.002293085,2.293085,1000
35711,0.000889206,0.889206,1000
35712,0.000825966,0.825966,1000
35713,0.000762796,0.762796,1000
35714,0.000673269,0.673269,1000
35715,0.000716136,0.716136,1000
35716,0.001035449,1.035449,1000
35717,0.001806669,1.806669,1000
35718,0.000993186,0.993186,1000
35719,0.000828616,0.828616,1000
35720,0.001090073,1.090073,1000
35721,0.000976903,0.976903,1000
35722,0.000536566,0.536566,1000
35723,0.000935513,0.935513,1000
35724,0.001017685,1.017685,1000
35725,0.000892841,0.892841,1000
35726,0.000922241,0.922241,1000
35727,0.006856554,6.856554,1000
35728,0.003416917,3.416917,1000
35729,0.000923589,0.923589,1000
35730,0.000889034,0.889034,1000
35731,0.00960758,9.60758,1000
35732,0.000661637,0.661637,1000
35733,0.000995922,0.995922,1000
35734,0.000835433,0.835433,1000
35735,0.000714383,0.714383,1000
35736,0.000925698,0.925698,1000
35737,0.000887096,0.887096,1000
35738,0.056061014,56.061014,1000
35739,0.000696784,0.696784,1000
35740,0.008061459,8.061459,1000
35741,0.000972642,0.972642,1000
35742,0.001470161,1.470161,1000
35743,0.001325799,1.325799,1000
35744,0.000826627,0.826627,1000
35745,0.17883392,178.83392,1000
35746,0.001158113,1.158113,1000
35747,0.000546927,0.546927,1000
35748,0.008986357,8.986357,1000
35749,0.001749287,1.749287,1000
35750,0.000995922,0.995922,1000
35751,0.001141282,1.141282,1000
35752,0.001826577,1.826577,1000
35753,0.000880155,0.880155,1000
35754,0.000801922,0.801922,1000
35755,0.00073514,0.73514,1000
35756,0.000688402,0.688402,1000
35757,0.000983435,0.983435,1000
35758,0.000979173,0.979173,1000
35759,0.001453099,1.453099,1000
35760,0.001336872,1.336872,1000
35761,0.000813123,0.813123,1000
35762,0.06457915,64.57915,1000
35763,0.006668457,6.668457,1000
35764,0.000493761,0.493761,1000
35765,0.00081312,0.81312,1000
35766,0.001424858,1.424858,1000
35767,0.001066483,1.066483,1000
35768,0.016901991,16.901991,1000
35769,0.000623862,0.623862,1000
35770,0.001523042,1.523042,1000
35771,0.00103168,1.03168,1000
35772,0.001143068,1.143068,1000
35773,0.002207987,2.207987,1000
35774,0.000614314,0.614314,1000
35775,0.003309579,3.309579,1000
35776,0.002734099,2.734099,1000
35777,0.001319304,1.319304,1000
35778,0.006669027,6.669027,1000
35779,0.002956471,2.956471,1000
35780,0.001109067,1.109067,1000
35781,0.056198298,56.198298,1000
35782,0.001351576,1.351576,1000
35783,0.001019653,1.019653,1000
35785,0.096927333,96.927333,1000
35786,0.000732352,0.732352,1000
35787,0.001316909,1.316909,1000
35788,0.003134654,3.134654,1000
35789,0.001296141,1.296141,1000
35790,0.001218698,1.218698,1000
35791,0.002418112,2.418112,1000
35792,0.000993186,0.993186,1000
35793,0.000993186,0.993186,1000
35794,0.001133506,1.133506,1000
35795,0.000993186,0.993186,1000
35796,0.000636055,0.636055,1000
35797,0.001224407,1.224407,1000
35798,0.000960681,0.960681,1000
35799,0.003008673,3.008673,1000
35800,0.010973646,10.973646,1000
35801,0.001017858,1.017858,1000
35802,0.00150873,1.50873,1000
35803,0.000943269,0.943269,1000
35804,0.000935513,0.935513,1000
35805,0.000655793,0.655793,1000
35806,0.001062519,1.062519,1000
35807,0.007067039,7.067039,1000
35808,0.000864012,0.864012,1000
35809,0.000833846,0.833846,1000
35810,0.001206464,1.206464,1000
35811,0.001870428,1.870428,1000
35812,0.000993124,0.993124,1000
35813,0.001097456,1.097456,1000
35814,0.009140742,9.140742,1000
35815,0.001191256,1.191256,1000
35816,0.001110713,1.110713,1000
35817,0.00276012,2.76012,1000
35818,0.001463186,1.463186,1000
35819,0.000741773,0.741773,1000
35820,0.001261301,1.261301,1000
35821,0.000884954,0.884954,1000
35822,0.008217653,8.217653,1000
35823,0.000455107,0.455107,1000
35824,0.056488655,56.488655,1000
35825,0.00036044,0.36044,1000
35826,0.000765577,0.765577,1000
35827,0.003181903,3.181903,1000
35828,0.016012048,16.012048,1000
35829,0.02681626,26.81626,1000
35830,0.001385415,1.385415,1000
35831,0.016207837,16.207837,1000
35832,0.000456609,0.456609,1000
35833,0.01598869,15.98869,1000
35834,0.015876936,15.876936,1000
35835,0.003806287,3.806287,1000
35836,0.003310732,3.310732,1000
35837,0.005373349,5.373349,1000
35838,0.00830118,8.30118,1000
35839,0.003005171,3.005171,1000
35840,0.00321204,3.21204,1000
35841,0.02686294,26.86294,1000
35842,0.000598253,0.598253,1000
35843,0.003192334,3.192334,1000
35844,0.015870691,15.870691,1000
35845,0.007918649,7.918649,1000
35846,0.00052421,0.52421,1000
35847,0.000677497,0.677497,1000
35848,0.007985523,7.985523,1000
35849,0.002959091,2.959091,1000
35850,0.000516195,0.516195,1000
35851,0.008086927,8.086927,1000
35852,0.000618017,0.618017,1000
35853,0.00088543,0.88543,1000
35854,0.000924128,0.924128,1000
35855,0.003142553,3.142553,1000
35856,0.000936934,0.936934,1000
35857,0.016304747,16.304747,1000
35858,0.016002329,16.002329,1000
35859,0.000735369,0.735369,1000
35860,0.016735742,16.735742,1000
35861,0.000564151,0.564151,1000
35862,0.040251693,40.251693,1000
35863,0.015845926,15.845926,1000
35864,0.016177907,16.177907,1000
35865,0.008130238,8.130238,1000
35866,0.000797643,0.797643,1000
35867,0.008137358,8.137358,1000
35868,0.000331139,0.331139,1000
35869,0.000943412,0.943412,1000
35870,0.0010212,1.0212,1000
35871,0.016233908,16.233908,1000
35872,0.000344178,0.344178,1000
35873,0.002944153,2.944153,1000
35874,0.008062894,8.062894,1000
35875,0.001042957,1.042957,1000
35876,0.003167668,3.167668,1000
35877,0.001197334,1.197334,1000
35878,0.008140793,8.140793,1000
35879,0.00303041,3.03041,1000
35880,0.00359574,3.59574,1000
35881,0.000687111,0.687111,1000
35882,0.007993148,7.993148,1000
35883,0.003013493,3.013493,1000
35884,0.008120464,8.120464,1000
35885,0.001062569,1.062569,1000
35886,0.008040382,8.040382,1000
35887,0.008037406,8.037406,1000
35888,0.002945423,2.945423,1000
35889,0.00808157,8.08157,1000
35890,0.000776179,0.776179,1000
35891,0.003835846,3.835846,1000
35892,0.002720233,2.720233,1000
35893,0.008238903,8.238903,1000
35894,0.001165758,1.165758,1000
35895,0.008023318,8.023318,1000
35896,0.000785969,0.785969,1000
35897,0.008537552,8.537552,1000
35898,0.015969897,15.969897,1000
35899,0.015948625,15.948625,1000
35900,0.008217803,8.217803,1000
35901,0.002941147,2.941147,1000
35902,0.002705265,2.705265,1000
35903,0.003093036,3.093036,1000
35904,0.026647717,26.647717,1000
35905,0.016078294,16.078294,1000
35906,0.001062519,1.062519,1000
35907,0.001025272,1.025272,1000
35908,0.003012803,3.012803,1000
35909,0.008664109,8.664109,1000
35910,0.002700386,2.700386,1000
35911,0.000849015,0.849015,1000
35912,0.000525816,0.525816,1000
35913,0.016394356,16.394356,1000
35914,0.008230543,8.230543,1000
35915,0.000581298,0.581298,1000
35916,0.008014832,8.014832,1000
35917,0.003007764,3.007764,1000
35918,0.004033731,4.033731,1000
35919,0.00818422,8.18422,1000
35920,0.039996164,39.996164,1000
35921,0.002771771,2.771771,1000
35922,0.001071083,1.071083,1000
35923,0.00138256,1.38256,1000
35924,0.008082612,8.082612,1000
35925,0.008043927,8.043927,1000
35926,0.01627707,16.27707,1000
35927,0.001057308,1.057308,1000
35928,0.00308438,3.08438,1000
35929,0.026906206,26.906206,1000
35930,0.002722865,2.722865,1000
35931,0.016068498,16.068498,1000
35932,0.000787449,0.787449,1000
35933,0.016114972,16.114972,1000
35934,0.003115631,3.115631,1000
35935,0.003377921,3.377921,1000
35936,0.000871263,0.871263,1000
35937,0.003185867,3.185867,1000
35938,0.003462621,3.462621,1000
35939,0.001409062,1.409062,1000
35940,0.001042979,1.042979,1000
35941,0.001031538,1.031538,1000
35942,0.002915077,2.915077,1000
35943,0.008111853,8.111853,1000
35944,0.000790934,0.790934,1000
35945,0.003025668,3.025668,1000
35946,0.007921776,7.921776,1000
35947,0.000594485,0.594485,1000
35948,0.000556901,0.556901,1000
35949,0.008193937,8.193937,1000
35950,0.016069711,16.069711,1000
35951,0.004221183,4.221183,1000
35952,0.000823257,0.823257,1000
35953,0.002922244,2.922244,1000
35954,0.000759544,0.759544,1000
35955,0.000392874,0.392874,1000
35956,0.008108723,8.108723,1000
35957,0.008420651,8.420651,1000
35958,0.008115981,8.115981,1000
35959,0.002931853,2.931853,1000
35960,0.015905612,15.905612,1000
35961,0.000768292,0.768292,1000
35962,0.000892857,0.892857,1000
35963,0.002926895,2.926895,1000
35964,0.003316237,3.316237,1000
35965,0.002877774,2.877774,1000
35966,0.002775973,2.775973,1000
35967,0.002923231,2.923231,1000
35968,0.000595691,0.595691,1000
35969,0.008176699,8.176699,1000
35970,0.008319342,8.319342,1000
35971,0.008077051,8.077051,1000
35972,0.026707311,26.707311,1000
35973,0.000684821,0.684821,1000
35974,0.001165658,1.165658,1000
35975,0.000595015,0.595015,1000
35976,0.00802458,8.02458,1000
35977,0.000519151,0.519151,1000
35978,0.056385663,56.385663,1000
35979,0.002897261,2.897261,1000
35980,0.026988403,26.988403,1000
35981,0.002971611,2.971611,1000
35982,0.003328016,3.328016,1000
35983,0.000629967,0.629967,1000
35984,0.008008051,8.008051,1000
35985,0.015967301,15.967301,1000
35986,0.002893651,2.893651,1000
35987,0.003016896,3.016896,1000
35988,0.002766808,2.766808,1000
35989,0.016118643,16.118643,1000
35990,0.001062502,1.062502,1000
35991,0.026971809,26.971809,1000
35992,0.01600981,16.00981,1000
35993,0.001292866,1.292866,1000
35994,0.002857236,2.857236,1000
35995,0.02654617,26.54617,1000
35996,0.002736681,2.736681,1000
35997,0.008178913,8.178913,1000
35998,0.008099789,8.099789,1000
35999,0.000659254,0.659254,1000
36000,0.003000289,3.000289,1000
36001,0.000917923,0.917923,1000
36002,0.009039724,9.039724,1000
36003,0.002750441,2.750441,1000
36004,0.002926786,2.926786,1000
36005,0.002832199,2.832199,1000
36006,0.008203391,8.203391,1000
36007,0.000249396,0.249396,1000
36008,0.003021776,3.021776,1000
36009,0.016527051,16.527051,1000
36010,0.000927296,0.927296,1000
36011,0.000681991,0.681991,1000
36012,0.026902379,26.902379,1000
36013,0.007935873,7.935873,1000
36014,0.002729224,2.729224,1000
36015,0.00281819,2.81819,1000
36016,0.000750008,0.750008,1000
36017,0.001042979,1.042979,1000
36018,0.000570883,0.570883,1000
36019,0.002990958,2.990958,1000
36020,0.000425015,0.425015,1000
36021,0.015970497,15.970497,1000
36022,0.003054137,3.054137,1000
36023,0.000709818,0.709818,1000
36024,0.015966317,15.966317,1000
36025,0.000397493,0.397493,1000
36026,0.000842597,0.842597,1000
36027,0.000779552,0.779552,1000
36028,0.016340283,16.340283,1000
36029,0.001314082,1.314082,1000
36030,0.000439489,0.439489,1000
36031,0.002857935,2.857935,1000
36032,0.008037149,8.037149,1000
36033,0.016114475,16.114475,1000
36034,0.000528702,0.528702,1000
36035,0.002812545,2.812545,1000
36036,0.040200685,40.200685,1000
36037,0.008198165,8.198165,1000
36038,0.000756248,0.756248,1000
36039,0.002741658,2.741658,1000
36040,0.00808539,8.08539,1000
36041,0.040087606,40.087606,1000
36042,0.016038674,16.038674,1000
36043,0.000464255,0.464255,1000
36044,0.008270371,8.270371,1000
36045,0.000687512,0.687512,1000
36046,0.040294989,40.294989,1000
36047,0.008052924,8.052924,1000
36048,0.000582805,0.582805,1000
36049,0.000542982,0.542982,1000
36050,0.00058007,0.58007,1000
36051,0.000887016,0.887016,1000
36052,0.002889234,2.889234,1000
36053,0.000999358,0.999358,1000
36054,0.000866664,0.866664,1000
36055,0.001042979,1.042979,1000
36056,0.003108733,3.108733,1000
36057,0.001376094,1.376094,1000
36058,0.001150498,1.150498,1000
36059,0.003153827,3.153827,1000
36060,0.003056098,3.056098,1000
36061,0.00178612,1.78612,1000
36062,0.001520493,1.520493,1000
36063,0.00312316,3.12316,1000
36064,0.01503698,15.03698,1000
36065,0.002855158,2.855158,1000
36066,0.001131756,1.131756,1000
36067,0.00088849,0.88849,1000
36068,0.001142106,1.142106,1000
36069,0.000375202,0.375202,1000
36070,0.000884743,0.884743,1000
36071,0.003097762,3.097762,1000
36072,0.000776504,0.776504,1000
36073,0.000544115,0.544115,1000
36074,0.001400182,1.400182,1000
36075,0.000652451,0.652451,1000
36076,0.000856688,0.856688,1000
36077,0.001138634,1.138634,1000
36078,0.000978323,0.978323,1000
36079,0.001541254,1.541254,1000
36080,0.000716606,0.716606,1000
36081,0.000764935,0.764935,1000
36082,0.003362412,3.362412,1000
36083,0.000674898,0.674898,1000
36084,0.00058288,0.58288,1000
36085,0.06457915,64.57915,1000
36086,0.000335618,0.335618,1000
36087,0.001220931,1.220931,1000
36088,0.001933946,1.933946,1000
36089,0.000446559,0.446559,1000
36090,0.000871379,0.871379,1000
36091,0.000754817,0.754817,1000
36092,0.001497965,1.497965,1000
36093,0.000670829,0.670829,1000
36094,0.000600358,0.600358,1000
36095,0.000594982,0.594982,1000
36096,0.002729178,2.729178,1000
36097,0.000910562,0.910562,1000
36098,0.000866437,0.866437,1000
36099,0.001044721,1.044721,1000
36100,0.000413394,0.413394,1000
36101,0.000781225,0.781225,1000
36102,0.000686235,0.686235,1000
36103,0.00072654,0.72654,1000
36104,0.001000921,1.000921,1000
36105,0.00084737,0.84737,1000
36106,0.001070943,1.070943,1000
36107,0.001443609,1.443609,1000
36108,0.001734331,1.734331,1000
36109,0.000652076,0.652076,1000
36110,0.001062541,1.062541,1000
36111,0.000752447,0.752447,1000
36112,0.001081083,1.081083,1000
36113,0.001081083,1.081083,1000
36114,0.000926414,0.926414,1000
36115,0.007144296,7.144296,1000
36116,0.001149862,1.149862,1000
36117,0.001593884,1.593884,1000
36118,0.001201841,1.201841,1000
36119,0.001027277,1.027277,1000
36120,0.001083565,1.083565,1000
36121,0.002878693,2.878693,1000
36122,0.001340818,1.340818,1000
36123,0.002555577,2.555577,1000
36124,0.000729071,0.729071,1000
36125,0.003388179,3.388179,1000
36126,0.001071066,1.071066,1000
36127,0.00129045,1.29045,1000
36128,0.000761068,0.761068,1000
36129,0.001042957,1.042957,1000
36130,0.027131774,27.131774,1000
36131,0.00409836,4.09836,1000
36132,0.001030656,1.030656,1000
36133,0.173242417,173.242417,1000
36134,0.000611283,0.611283,1000
36135,0.000850563,0.850563,1000
36136,0.000839291,0.839291,1000
36137,0.001520493,1.520493,1000
36138,0.057515642,57.515642,1000
36139,0.000993186,0.993186,1000
36140,0.000787023,0.787023,1000
36141,0.001346201,1.346201,1000
36142,0.001219505,1.219505,1000
36143,0.000832486,0.832486,1000
36144,0.001321882,1.321882,1000
36145,0.488009111,488.009111,1000
36146,0.001251456,1.251456,1000
36147,0.000937243,0.937243,1000
36148,0.000934014,0.934014,1000
36149,0.000711204,0.711204,1000
36150,0.008293271,8.293271,1000
36151,0.000667818,0.667818,1000
36152,0.000903353,0.903353,1000
36153,0.000659198,0.659198,1000
36154,0.000876828,0.876828,1000
36155,0.001552168,1.552168,1000
36156,0.00041105,0.41105,1000
36157,0.001611942,1.611942,1000
36158,0.000821226,0.821226,1000
36159,0.001081154,1.081154,1000
36160,0.000825966,0.825966,1000
36161,0.00137604,1.37604,1000
36162,0.000825966,0.825966,1000
36163,0.025356202,25.356202,1000
36164,0.000735347,0.735347,1000
36165,0.001134919,1.134919,1000
36166,0.001583773,1.583773,1000
36167,0.000716502,0.716502,1000
36168,0.000898504,0.898504,1000
36169,0.000905193,0.905193,1000
36170,0.001606238,1.606238,1000
36171,0.000586071,0.586071,1000
36172,0.000541825,0.541825,1000
36173,0.000993186,0.993186,1000
36174,0.000938726,0.938726,1000
36175,0.000636358,0.636358,1000
36176,0.000419063,0.419063,1000
36178,0.002998392,2.998392,1000
36179,0.050628132,50.628132,1000
36180,0.040781019,40.781019,1000
36181,0.00058771,0.58771,1000
36182,0.001836137,1.836137,1000
36183,0.01521876,15.21876,1000
36184,0.002925207,2.925207,1000
36185,0.001090097,1.090097,1000
36186,0.001284055,1.284055,1000
36187,0.000908523,0.908523,1000
36188,0.001256715,1.256715,1000
36189,0.001029247,1.029247,1000
36190,0.000833998,0.833998,1000
36191,0.000960809,0.960809,1000
36192,0.002229544,2.229544,1000
36193,0.000830558,0.830558,1000
36194,0.001001057,1.001057,1000
36195,0.041123239,41.123239,1000
36196,0.00151022,1.51022,1000
36197,0.008019317,8.019317,1000
36198,0.077678129,77.678129,1000
36199,0.000896201,0.896201,1000
36200,0.003503922,3.503922,1000
36201,0.000691724,0.691724,1000
36202,0.002442579,2.442579,1000
36203,0.000916854,0.916854,1000
36204,0.000764882,0.764882,1000
36205,0.00103168,1.03168,1000
36206,0.001492941,1.492941,1000
36207,0.000632494,0.632494,1000
36208,0.001511731,1.511731,1000
36209,0.00643902,6.43902,1000
36210,0.001235984,1.235984,1000
36211,0.060889297,60.889297,1000
36212,0.015337213,15.337213,1000
36213,0.000640286,0.640286,1000
36214,0.000914085,0.914085,1000
36215,0.023659778,23.659778,1000
36216,0.066576683,66.576683,1000
36217,0.000753045,0.753045,1000
36218,0.000660514,0.660514,1000
36219,0.000683817,0.683817,1000
36220,0.00081874,0.81874,1000
36221,0.000404273,0.404273,1000
36222,0.00113046,1.13046,1000
36223,0.004581934,4.581934,1000
36224,0.002444059,2.444059,1000
36225,0.000764461,0.764461,1000
36226,0.003103171,3.103171,1000
36227,0.010955994,10.955994,1000
36228,0.001327993,1.327993,1000
36229,0.000665281,0.665281,1000
36230,0.00103168,1.03168,1000
36231,0.000825966,0.825966,1000
36232,0.000993186,0.993186,1000
36233,0.001042957,1.042957,1000
36234,0.000936469,0.936469,1000
36235,0.00094177,0.94177,1000
36236,0.000686091,0.686091,1000
36237,0.001524419,1.524419,1000
36238,0.001255939,1.255939,1000
36239,0.00043703,0.43703,1000
36240,0.001375999,1.375999,1000
36241,0.001005812,1.005812,1000
36242,0.001518189,1.518189,1000
36243,0.002357887,2.357887,1000
36244,0.000675258,0.675258,1000
36245,0.001061351,1.061351,1000
36246,0.00385927,3.85927,1000
36247,0.000808824,0.808824,1000
36248,0.000631554,0.631554,1000
36249,0.001320194,1.320194,1000
36250,0.008181053,8.181053,1000
36251,0.000963771,0.963771,1000
36252,0.001321031,1.321031,1000
36253,0.000697521,0.697521,1000
36254,0.00081312,0.81312,1000
36255,0.001580316,1.580316,1000
36256,0.000802631,0.802631,1000
36257,0.001169457,1.169457,1000
36258,0.00081312,0.81312,1000
36259,0.000751577,0.751577,1000
36260,0.001738744,1.738744,1000
36261,0.000611653,0.611653,1000
36262,0.001348435,1.348435,1000
36263,0.000673482,0.673482,1000
36264,0.000760761,0.760761,1000
36265,0.000603105,0.603105,1000
36266,0.000942036,0.942036,1000
36267,0.032561357,32.561357,1000
36268,0.002056232,2.056232,1000
36269,0.001604552,1.604552,1000
36270,0.001915302,1.915302,1000
36271,0.000757892,0.757892,1000
36272,0.003041742,3.041742,1000
36273,0.001143068,1.143068,1000
36274,0.001062379,1.062379,1000
36275,0.001783926,1.783926,1000
36276,0.000881029,0.881029,1000
36277,0.001233287,1.233287,1000
36278,0.001221487,1.221487,1000
36279,0.000873751,0.873751,1000
36280,0.006649844,6.649844,1000
36281,0.001453099,1.453099,1000
36282,0.001364048,1.364048,1000
36283,0.017270696,17.270696,1000
36284,0.061180202,61.180202,1000
36285,0.000765483,0.765483,1000
36286,0.008186414,8.186414,1000
36287,0.000778785,0.778785,1000
36288,0.00081312,0.81312,1000
36289,0.001363683,1.363683,1000
36290,0.004867101,4.867101,1000
36291,0.00110964,1.10964,1000
36292,0.000926565,0.926565,1000
36293,0.001656285,1.656285,1000
36294,0.001240709,1.240709,1000
36295,0.00190453,1.90453,1000
36296,0.006582219,6.582219,1000
36297,0.001308733,1.308733,1000
36298,0.002406368,2.406368,1000
36299,0.001010701,1.010701,1000
36300,0.246774505,246.774505,1000
36301,0.000593359,0.593359,1000
36302,0.000993186,0.993186,1000
36303,0.00114796,1.14796,1000
36304,0.000813123,0.813123,1000
36305,0.001524095,1.524095,1000
36306,0.000907789,0.907789,1000
36307,0.001270867,1.270867,1000
36308,0.001457948,1.457948,1000
36309,0.000898985,0.898985,1000
36310,0.000790497,0.790497,1000
36311,0.003118989,3.118989,1000
36312,0.001130222,1.130222,1000
36313,0.001010122,1.010122,1000
36314,0.000963771,0.963771,1000
36315,0.000778488,0.778488,1000
36316,0.000836957,0.836957,1000
36317,0.000795732,0.795732,1000
36318,0.000977366,0.977366,1000
36319,0.000803997,0.803997,1000
36320,0.00047851,0.47851,1000
36321,0.002537581,2.537581,1000
36322,0.001321031,1.321031,1000
36323,0.001173112,1.173112,1000
36324,0.001256792,1.256792,1000
36325,0.001633535,1.633535,1000
36326,0.001090491,1.090491,1000
36327,0.001132618,1.132618,1000
36328,0.001044721,1.044721,1000
36329,0.040601343,40.601343,1000
36330,0.002676787,2.676787,1000
36331,0.00653017,6.53017,1000
36332,0.00090763,0.90763,1000
36333,0.000582695,0.582695,1000
36334,0.003095322,3.095322,1000
36335,0.000739151,0.739151,1000
36336,0.000657094,0.657094,1000
36337,0.00066771,0.66771,1000
36338,0.000849015,0.849015,1000
36339,0.001071892,1.071892,1000
36340,0.00056477,0.56477,1000
36341,0.001013494,1.013494,1000
36342,0.000946726,0.946726,1000
36343,0.000982767,0.982767,1000
36344,0.001041789,1.041789,1000
36345,0.001081154,1.081154,1000
36346,0.000970349,0.970349,1000
36347,0.00141239,1.41239,1000
36348,0.000800291,0.800291,1000
36349,0.000698158,0.698158,1000
36350,0.001622287,1.622287,1000
36351,0.008107139,8.107139,1000
36352,0.001327025,1.327025,1000
36353,0.001638299,1.638299,1000
36354,0.001252598,1.252598,1000
36355,0.00081312,0.81312,1000
36356,0.000668443,0.668443,1000
36357,0.001104592,1.104592,1000
36358,0.000646915,0.646915,1000
36359,0.00102169,1.02169,1000
36360,0.001046595,1.046595,1000
36361,0.001079606,1.079606,1000
36362,0.001275472,1.275472,1000
36363,0.000688435,0.688435,1000
36364,0.001520388,1.520388,1000
36365,0.000747641,0.747641,1000
36366,0.001219727,1.219727,1000
36367,0.001199352,1.199352,1000
36368,0.001311808,1.311808,1000
36369,0.005144699,5.144699,1000
36370,0.001189247,1.189247,1000
36371,0.001155282,1.155282,1000
36372,0.000904698,0.904698,1000
36373,0.000644798,0.644798,1000
36374,0.003504184,3.504184,1000
36375,0.001197056,1.197056,1000
36376,0.013222088,13.222088,1000
36377,0.000825966,0.825966,1000
36378,0.001179788,1.179788,1000
36379,0.001243621,1.243621,1000
36380,0.008275839,8.275839,1000
36381,0.001578953,1.578953,1000
36382,0.002842476,2.842476,1000
36383,0.001090614,1.090614,1000
36384,0.001328009,1.328009,1000
36385,0.000262629,0.262629,1000
36386,0.000718293,0.718293,1000
36387,0.003110876,3.110876,1000
36388,0.001606103,1.606103,1000
36389,0.000840696,0.840696,1000
36390,0.000783466,0.783466,1000
36391,0.001062519,1.062519,1000
36392,0.000394948,0.394948,1000
36393,0.021462085,21.462085,1000
36394,0.000954263,0.954263,1000
36395,0.001042817,1.042817,1000
36396,0.000893948,0.893948,1000
36397,0.001149003,1.149003,1000
36398,0.000825966,0.825966,1000
36399,0.010514493,10.514493,1000
36400,0.001062038,1.062038,1000
36401,0.001071105,1.071105,1000
36402,0.000801051,0.801051,1000
36403,0.001455585,1.455585,1000
36405,0.001423093,1.423093,1000
36406,0.001042957,1.042957,1000
36407,0.000739523,0.739523,1000
36408,0.001216988,1.216988,1000
36409,0.00043136,0.43136,1000
36410,0.001143233,1.143233,1000
36411,0.005775341,5.775341,1000
36412,0.006090959,6.090959,1000
36413,0.001042805,1.042805,1000
36414,0.00336581,3.36581,1000
36415,0.000966448,0.966448,1000
36416,0.001097456,1.097456,1000
36417,0.000714937,0.714937,1000
36418,0.000814487,0.814487,1000
36419,0.00089139,0.89139,1000
36420,0.000577411,0.577411,1000
36421,0.00103168,1.03168,1000
36422,0.003053064,3.053064,1000
36423,0.000980882,0.980882,1000
36424,0.001460896,1.460896,1000
36425,0.000781082,0.781082,1000
36426,0.000983298,0.983298,1000
36427,0.003709637,3.709637,1000
36428,0.00245752,2.45752,1000
36429,0.000708691,0.708691,1000
36430,0.013782556,13.782556,1000
36431,0.001005723,1.005723,1000
36432,0.000538568,0.538568,1000
36433,0.00172519,1.72519,1000
36434,0.001452794,1.452794,1000
36435,0.001018268,1.018268,1000
36436,0.003035585,3.035585,1000
36437,0.001149588,1.149588,1000
36438,0.000983359,0.983359,1000
36439,0.000621052,0.621052,1000
36440,0.001638137,1.638137,1000
36441,0.00081312,0.81312,1000
36442,0.000413495,0.413495,1000
36443,0.001148693,1.148693,1000
36444,0.000984526,0.984526,1000
36445,0.011519756,11.519756,1000
36446,0.005712246,5.712246,1000
36447,0.001081118,1.081118,1000
36448,0.00081874,0.81874,1000
36449,0.003220791,3.220791,1000
36450,0.002780997,2.780997,1000
36451,0.002219837,2.219837,1000
36452,0.00101211,1.01211,1000
36453,0.002205002,2.205002,1000
36454,0.000596821,0.596821,1000
36455,0.001018268,1.018268,1000
36456,0.000907005,0.907005,1000
36457,0.0011608,1.1608,1000
36458,0.000892437,0.892437,1000
36459,0.013395514,13.395514,1000
36460,0.000905378,0.905378,1000
36461,0.001148693,1.148693,1000
36462,0.000721176,0.721176,1000
36463,0.001018268,1.018268,1000
36464,0.174730781,174.730781,1000
36465,0.012401929,12.401929,1000
36466,0.001903924,1.903924,1000
36467,0.026899738,26.899738,1000
36468,0.000959077,0.959077,1000
36469,0.001664119,1.664119,1000
36470,0.00028825,0.28825,1000
36471,0.000475323,0.475323,1000
36472,0.000368411,0.368411,1000
36473,0.000824812,0.824812,1000
36474,0.000566349,0.566349,1000
36475,0.002956085,2.956085,1000
36476,0.001018268,1.018268,1000
36477,0.000783777,0.783777,1000
36478,0.001453099,1.453099,1000
36479,0.008180515,8.180515,1000
36480,0.000988925,0.988925,1000
36481,0.000625374,0.625374,1000
36482,0.000507287,0.507287,1000
36483,0.000971248,0.971248,1000
36484,0.000429092,0.429092,1000
36485,0.001018268,1.018268,1000
36486,0.000310432,0.310432,1000
36487,0.001000921,1.000921,1000
36488,0.001987191,1.987191,1000
36489,0.001042979,1.042979,1000
36490,0.001383755,1.383755,1000
36491,0.00089139,0.89139,1000
36492,0.000859882,0.859882,1000
36493,0.027767097,27.767097,1000
36494,0.001594926,1.594926,1000
36495,0.00144981,1.44981,1000
36496,0.000714144,0.714144,1000
36497,0.000971984,0.971984,1000
36498,0.000842738,0.842738,1000
36499,0.001247051,1.247051,1000
36500,0.00103168,1.03168,1000
36501,0.000875121,0.875121,1000
36502,0.000753713,0.753713,1000
36503,0.002315743,2.315743,1000
36504,0.000848796,0.848796,1000
36505,0.211409971,211.409971,1000
36506,0.000818984,0.818984,1000
36507,0.001163134,1.163134,1000
36508,0.001312558,1.312558,1000
36509,0.000924355,0.924355,1000
36510,0.003083635,3.083635,1000
36511,0.000628275,0.628275,1000
36512,0.000872155,0.872155,1000
36513,0.000825966,0.825966,1000
36514,0.000614136,0.614136,1000
36515,0.001038343,1.038343,1000
36516,0.00051287,0.51287,1000
36517,0.003010235,3.010235,1000
36518,0.001702433,1.702433,1000
36519,0.000783777,0.783777,1000
36520,0.000717334,0.717334,1000
36521,0.001214568,1.214568,1000
36522,0.00272009,2.72009,1000
36523,0.00103168,1.03168,1000
36524,0.00273139,2.73139,1000
36525,0.0010108,1.0108,1000
36526,0.000357159,0.357159,1000
36527,0.000787016,0.787016,1000
36528,0.001047998,1.047998,1000
36529,0.004546117,4.546117,1000
36530,0.003991906,3.991906,1000
36531,0.001024494,1.024494,1000
36532,0.000423316,0.423316,1000
36533,0.001749287,1.749287,1000
36534,0.001355021,1.355021,1000
36535,0.002724741,2.724741,1000
36536,0.002869114,2.869114,1000
36537,0.003021464,3.021464,1000
36538,0.000447548,0.447548,1000
36539,0.000783777,0.783777,1000
36540,0.003199544,3.199544,1000
36541,0.001406574,1.406574,1000
36542,0.001970894,1.970894,1000
36543,0.008032082,8.032082,1000
36544,0.001011936,1.011936,1000
36545,0.00144174,1.44174,1000
36546,0.001200165,1.200165,1000
36547,0.000540638,0.540638,1000
36548,0.000309546,0.309546,1000
36549,0.001011936,1.011936,1000
36550,0.00279354,2.79354,1000
36551,0.001239916,1.239916,1000
36552,0.002803732,2.803732,1000
36553,0.002877255,2.877255,1000
36554,0.000545657,0.545657,1000
36555,0.005497256,5.497256,1000
36556,0.000497968,0.497968,1000
36557,0.000743744,0.743744,1000
36558,0.001018268,1.018268,1000
36559,0.001071105,1.071105,1000
36560,0.001670348,1.670348,1000
36561,0.000752811,0.752811,1000
36562,0.001134352,1.134352,1000
36563,0.000702761,0.702761,1000
36564,0.00820292,8.20292,1000
36565,0.003477065,3.477065,1000
36566,0.000272487,0.272487,1000
36567,0.004025208,4.025208,1000
36568,0.001044721,1.044721,1000
36569,0.001042957,1.042957,1000
36570,0.000769453,0.769453,1000
36571,0.001314525,1.314525,1000
36572,0.001147967,1.147967,1000
36573,0.00086258,0.86258,1000
36574,0.001085172,1.085172,1000
36575,0.001054434,1.054434,1000
36576,0.000894643,0.894643,1000
36577,0.000825966,0.825966,1000
36578,0.000728103,0.728103,1000
36579,0.00081312,0.81312,1000
36580,0.00064501,0.64501,1000
36581,0.000488527,0.488527,1000
36582,0.005043477,5.043477,1000
36583,0.003155132,3.155132,1000
36584,0.000696393,0.696393,1000
36585,0.002978512,2.978512,1000
36586,0.001843442,1.843442,1000
36587,0.000998716,0.998716,1000
36588,0.001357398,1.357398,1000
36589,0.001213087,1.213087,1000
36590,0.000780484,0.780484,1000
36591,0.001523042,1.523042,1000
36592,0.000529538,0.529538,1000
36593,0.003036703,3.036703,1000
36594,0.000761674,0.761674,1000
36595,0.002378555,2.378555,1000
36596,0.000776301,0.776301,1000
36597,0.00099714,0.99714,1000
36598,0.001044721,1.044721,1000
36599,0.001134919,1.134919,1000
36600,0.000724399,0.724399,1000
36601,0.000500228,0.500228,1000
36602,0.000597567,0.597567,1000
36603,0.000866626,0.866626,1000
36604,0.001065156,1.065156,1000
36605,0.001612347,1.612347,1000
36606,0.000957301,0.957301,1000
36607,0.001453099,1.453099,1000
36608,0.000478484,0.478484,1000
36609,0.00273557,2.73557,1000
36610,0.006229874,6.229874,1000
36611,0.00079986,0.79986,1000
36612,0.000825966,0.825966,1000
36613,0.000975149,0.975149,1000
36614,0.00319156,3.19156,1000
36615,0.000545587,0.545587,1000
36616,0.000834023,0.834023,1000
36617,0.00066481,0.66481,1000
36618,0.00057586,0.57586,1000
36619,0.000688946,0.688946,1000
36620,0.003265375,3.265375,1000
36621,0.00066985,0.66985,1000
36622,0.003739639,3.739639,1000
36623,0.00148681,1.48681,1000
36624,0.000712277,0.712277,1000
36625,0.000802032,0.802032,1000
36626,0.000997625,0.997625,1000
36627,0.000491112,0.491112,1000
36628,0.001452764,1.452764,1000
36629,0.001031114,1.031114,1000
36630,0.000647987,0.647987,1000
36631,0.001533672,1.533672,1000
36632,0.000835492,0.835492,1000
36633,0.000688102,0.688102,1000
36634,0.001419391,1.419391,1000
36635,0.000299595,0.299595,1000
36636,0.000350031,0.350031,1000
36637,0.001006227,1.006227,1000
36638,0.001093752,1.093752,1000
36639,0.000509593,0.509593,1000
36640,0.000854404,0.854404,1000
36641,0.000445813,0.445813,1000
36642,0.000925167,0.925167,1000
36643,0.000601938,0.601938,1000
36644,0.015706368,15.706368,1000
36645,0.00115303,1.15303,1000
36646,0.000687313,0.687313,1000
36647,0.00081312,0.81312,1000
36648,0.000644078,0.644078,1000
36649,0.000444841,0.444841,1000
36650,0.001195083,1.195083,1000
36651,0.000971485,0.971485,1000
36652,0.010550576,10.550576,1000
36653,0.000572273,0.572273,1000
36654,0.001385415,1.385415,1000
36655,0.00103168,1.03168,1000
36656,0.000953545,0.953545,1000
36657,0.003048148,3.048148,1000
36658,0.001144711,1.144711,1000
36659,0.00049127,0.49127,1000
36660,0.000953672,0.953672,1000
36661,0.000623811,0.623811,1000
36662,0.001636913,1.636913,1000
36663,0.000641456,0.641456,1000
36664,0.00095401,0.95401,1000
36665,0.000812684,0.812684,1000
36666,0.000664873,0.664873,1000
36667,0.000837801,0.837801,1000
36668,0.000385476,0.385476,1000
36669,0.005344127,5.344127,1000
36670,0.001071644,1.071644,1000
36671,0.000510076,0.510076,1000
36672,0.001878183,1.878183,1000
36673,0.00034994,0.34994,1000
36674,0.000825966,0.825966,1000
36675,0.000563525,0.563525,1000
36676,0.000653974,0.653974,1000
36677,0.001632576,1.632576,1000
36678,0.000666352,0.666352,1000
36679,0.001049116,1.049116,1000
36680,0.000792936,0.792936,1000
36681,0.000803183,0.803183,1000
36682,0.019068554,19.068554,1000
36683,0.001094716,1.094716,1000
36684,0.009338644,9.338644,1000
36685,0.000775947,0.775947,1000
36686,0.000380489,0.380489,1000
36687,0.000596387,0.596387,1000
36688,0.001510527,1.510527,1000
36689,0.00177134,1.77134,1000
36690,0.000270176,0.270176,1000
36691,0.000798741,0.798741,1000
36692,0.006123274,6.123274,1000
36693,0.001936291,1.936291,1000
36694,0.012920568,12.920568,1000
36695,0.000882244,0.882244,1000
36697,0.001006227,1.006227,1000
36698,0.001018268,1.018268,1000
36699,0.015167123,15.167123,1000
36700,0.001018717,1.018717,1000
36701,0.001114795,1.114795,1000
36702,0.001601863,1.601863,1000
36703,0.000849852,0.849852,1000
36704,0.000341154,0.341154,1000
36705,0.000863264,0.863264,1000
36706,0.001144711,1.144711,1000
36707,0.001002754,1.002754,1000
36708,0.001062519,1.062519,1000
36709,0.001826577,1.826577,1000
36710,0.000797026,0.797026,1000
36711,0.000775006,0.775006,1000
36712,0.000654527,0.654527,1000
36713,0.001058522,1.058522,1000
36714,0.000796724,0.796724,1000
36715,0.001329828,1.329828,1000
36716,0.001924664,1.924664,1000
36717,0.001302162,1.302162,1000
36718,0.00081312,0.81312,1000
36719,0.000722425,0.722425,1000
36720,0.000852353,0.852353,1000
36721,0.015125343,15.125343,1000
36722,0.00050635,0.50635,1000
36723,0.000542311,0.542311,1000
36724,0.000808824,0.808824,1000
36725,0.00122394,1.22394,1000
36726,0.00131776,1.31776,1000
36727,0.001104464,1.104464,1000
36728,0.000382779,0.382779,1000
36729,0.000802063,0.802063,1000
36730,0.002742945,2.742945,1000
36731,0.002877123,2.877123,1000
36732,0.007884924,7.884924,1000
36733,0.000572176,0.572176,1000
36734,0.000550169,0.550169,1000
36735,0.001048171,1.048171,1000
36736,0.001071644,1.071644,1000
36737,0.000794246,0.794246,1000
36738,0.000783777,0.783777,1000
36739,0.000951937,0.951937,1000
36740,0.000437549,0.437549,1000
36741,0.001000707,1.000707,1000
36742,0.001015101,1.015101,1000
36743,0.001697411,1.697411,1000
36744,0.001749287,1.749287,1000
36745,0.000725839,0.725839,1000
36746,0.000891082,0.891082,1000
36747,0.000778303,0.778303,1000
36748,0.000771249,0.771249,1000
36749,0.000585632,0.585632,1000
36750,0.000573359,0.573359,1000
36751,0.001049467,1.049467,1000
36752,0.004396414,4.396414,1000
36753,0.001131756,1.131756,1000
36754,0.000805233,0.805233,1000
36755,0.001011054,1.011054,1000
36756,0.001510527,1.510527,1000
36757,0.001876439,1.876439,1000
36758,0.001398674,1.398674,1000
36759,0.001312161,1.312161,1000
36760,0.000822176,0.822176,1000
36761,0.000648953,0.648953,1000
36762,0.000884038,0.884038,1000
36763,0.001042916,1.042916,1000
36764,0.00081312,0.81312,1000
36765,0.00096089,0.96089,1000
36766,0.001018717,1.018717,1000
36767,0.001062519,1.062519,1000
36768,0.00148846,1.48846,1000
36769,0.000863541,0.863541,1000
36770,0.001311334,1.311334,1000
36771,0.210987011,210.987011,1000
36772,0.001505839,1.505839,1000
36773,0.001011936,1.011936,1000
36774,0.000977131,0.977131,1000
36775,0.000560263,0.560263,1000
36776,0.001011936,1.011936,1000
36777,0.001317245,1.317245,1000
36778,0.000722578,0.722578,1000
36779,0.000888285,0.888285,1000
36780,0.001513667,1.513667,1000
36781,0.000353119,0.353119,1000
36782,0.001196929,1.196929,1000
36783,0.001375999,1.375999,1000
36784,0.001042291,1.042291,1000
36785,0.003903773,3.903773,1000
36786,0.001524419,1.524419,1000
36787,0.000601462,0.601462,1000
36788,0.001072813,1.072813,1000
36789,0.001696293,1.696293,1000
36790,0.001821889,1.821889,1000
36791,0.000882504,0.882504,1000
36792,0.001224407,1.224407,1000
36793,0.000617701,0.617701,1000
36794,0.000707021,0.707021,1000
36795,0.001750714,1.750714,1000
36796,0.000760599,0.760599,1000
36797,0.000821778,0.821778,1000
36798,0.000914655,0.914655,1000
36799,0.001691201,1.691201,1000
36800,0.000964089,0.964089,1000
36801,0.000917714,0.917714,1000
36802,0.001182985,1.182985,1000
36803,0.000963771,0.963771,1000
36804,0.000986385,0.986385,1000
36805,0.02201883,22.01883,1000
36806,0.001932011,1.932011,1000
36807,0.002021967,2.021967,1000
36808,0.000731291,0.731291,1000
36809,0.001134352,1.134352,1000
36810,0.000956613,0.956613,1000
36811,0.000897754,0.897754,1000
36812,0.000746703,0.746703,1000
36813,0.004537429,4.537429,1000
36814,0.001017374,1.017374,1000
36815,0.000862342,0.862342,1000
36816,0.001446869,1.446869,1000
36817,0.00097299,0.97299,1000
36818,0.001042288,1.042288,1000
36819,0.001777592,1.777592,1000
36820,0.00124699,1.24699,1000
36821,0.001062379,1.062379,1000
36822,0.001697427,1.697427,1000
36823,0.000893626,0.893626,1000
36824,0.001010616,1.010616,1000
36825,0.000437305,0.437305,1000
36826,0.000820307,0.820307,1000
36827,0.001565082,1.565082,1000
36828,0.002675971,2.675971,1000
36829,0.000893508,0.893508,1000
36830,0.000575062,0.575062,1000
36831,0.000580889,0.580889,1000
36832,0.008399531,8.399531,1000
36833,0.000529962,0.529962,1000
36834,0.001746026,1.746026,1000
36835,0.001001121,1.001121,1000
36836,0.002154895,2.154895,1000
36837,0.001750714,1.750714,1000
36838,0.001453099,1.453099,1000
36839,0.006228164,6.228164,1000
36840,0.001713139,1.713139,1000
36841,0.001413817,1.413817,1000
36842,0.001826577,1.826577,1000
36843,0.000474483,0.474483,1000
36844,0.026814519,26.814519,1000
36845,0.000570507,0.570507,1000
36846,0.000757921,0.757921,1000
36847,0.001211161,1.211161,1000
36848,0.002991729,2.991729,1000
36849,0.002917971,2.917971,1000
36850,0.00063949,0.63949,1000
36851,0.000514618,0.514618,1000
36852,0.000336022,0.336022,1000
36853,0.002856997,2.856997,1000
36854,0.001749287,1.749287,1000
36855,0.001048135,1.048135,1000
36856,0.003496496,3.496496,1000
36857,0.00141239,1.41239,1000
36858,0.006085081,6.085081,1000
36859,0.001018268,1.018268,1000
36860,0.00141239,1.41239,1000
36861,0.00172961,1.72961,1000
36862,0.001746026,1.746026,1000
36863,0.001107513,1.107513,1000
36864,0.003208858,3.208858,1000
36865,0.00308352,3.08352,1000
36866,0.014150522,14.150522,1000
36867,0.001461154,1.461154,1000
36868,0.000545245,0.545245,1000
36869,0.00170917,1.70917,1000
36870,0.001602586,1.602586,1000
36871,0.001535139,1.535139,1000
36872,0.001685181,1.685181,1000
36873,0.001750714,1.750714,1000
36874,0.000673518,0.673518,1000
36875,0.002174998,2.174998,1000
36876,0.001750714,1.750714,1000
36877,0.000781376,0.781376,1000
36878,0.000459889,0.459889,1000
36879,0.06457589,64.57589,1000
36880,0.001385415,1.385415,1000
36882,0.000549441,0.549441,1000
36883,0.000537316,0.537316,1000
36884,0.000777932,0.777932,1000
36885,0.000874746,0.874746,1000
36886,0.002799197,2.799197,1000
36887,0.000697631,0.697631,1000
36888,0.000418179,0.418179,1000
36889,0.000733541,0.733541,1000
36890,0.001036963,1.036963,1000
36891,0.000874512,0.874512,1000
36892,0.001144528,1.144528,1000
36893,0.001217419,1.217419,1000
36894,0.003149116,3.149116,1000
36895,0.000525219,0.525219,1000
36896,0.00063098,0.63098,1000
36897,0.001152443,1.152443,1000
36898,0.001667934,1.667934,1000
36899,0.001006227,1.006227,1000
36900,0.000819364,0.819364,1000
36901,0.001154811,1.154811,1000
36902,0.015019306,15.019306,1000
36903,0.000909564,0.909564,1000
36904,0.005998421,5.998421,1000
36905,0.002200921,2.200921,1000
36906,0.00108711,1.08711,1000
36907,0.000716509,0.716509,1000
36908,0.000571487,0.571487,1000
36909,0.003617114,3.617114,1000
36910,0.000798243,0.798243,1000
36911,0.001042288,1.042288,1000
36912,0.001006165,1.006165,1000
36913,0.001032,1.032,1000
36914,0.002932773,2.932773,1000
36915,0.003263277,3.263277,1000
36916,0.005945,5.945,1000
36917,0.001017984,1.017984,1000
36918,0.258406623,258.406623,1000
36919,0.004277972,4.277972,1000
36920,0.001170413,1.170413,1000
36921,0.000505201,0.505201,1000
36922,0.000766214,0.766214,1000
36923,0.017450302,17.450302,1000
36924,0.001017984,1.017984,1000
36925,0.00056395,0.56395,1000
36926,0.002760239,2.760239,1000
36927,0.000451811,0.451811,1000
36928,0.003816933,3.816933,1000
36929,0.000848579,0.848579,1000
36930,0.000914303,0.914303,1000
36931,0.001321696,1.321696,1000
36932,0.000744538,0.744538,1000
36933,0.002622498,2.622498,1000
36934,0.001339369,1.339369,1000
36935,0.000735104,0.735104,1000
36936,0.008230077,8.230077,1000
36937,0.00089463,0.89463,1000
36938,0.001208039,1.208039,1000
36939,0.001348652,1.348652,1000
36940,0.031298825,31.298825,1000
36941,0.000953481,0.953481,1000
36942,0.001011936,1.011936,1000
36943,0.002168299,2.168299,1000
36944,0.00306852,3.06852,1000
36945,0.000695714,0.695714,1000
36946,0.000787016,0.787016,1000
36947,0.000770456,0.770456,1000
36948,0.000635828,0.635828,1000
36949,0.001598572,1.598572,1000
36950,0.001437345,1.437345,1000
36951,0.000909015,0.909015,1000
36952,0.002917592,2.917592,1000
36953,0.000405146,0.405146,1000
36954,0.000715386,0.715386,1000
36955,0.000768036,0.768036,1000
36956,0.000848648,0.848648,1000
36957,0.00066726,0.66726,1000
36958,0.002020082,2.020082,1000
36959,0.000958455,0.958455,1000
36960,0.000566982,0.566982,1000
36961,0.003442474,3.442474,1000
36962,0.000620534,0.620534,1000
36963,0.0015091,1.5091,1000
36964,0.001002329,1.002329,1000
36965,0.001204885,1.204885,1000
36966,0.00102957,1.02957,1000
36967,0.000415528,0.415528,1000
36968,0.002929427,2.929427,1000
36969,0.00041342,0.41342,1000
36970,0.000918569,0.918569,1000
36971,0.007025704,7.025704,1000
36972,0.005930602,5.930602,1000
36973,0.00147385,1.47385,1000
36974,0.000844814,0.844814,1000
36975,0.000311047,0.311047,1000
36976,0.000852548,0.852548,1000
36977,0.002700787,2.700787,1000
36978,0.000783777,0.783777,1000
36979,0.000868532,0.868532,1000
36980,0.000761046,0.761046,1000
36981,0.00102874,1.02874,1000
36982,0.000897286,0.897286,1000
36983,0.000921737,0.921737,1000
36984,0.001345134,1.345134,1000
36985,0.000334895,0.334895,1000
36986,0.001015286,1.015286,1000
36987,0.000883665,0.883665,1000
36988,0.00137604,1.37604,1000
36989,0.001386217,1.386217,1000
36990,0.000937371,0.937371,1000
36991,0.001221455,1.221455,1000
36992,0.000518732,0.518732,1000
36993,0.000916682,0.916682,1000
36994,0.00081312,0.81312,1000
36995,0.000873434,0.873434,1000
36996,0.001153677,1.153677,1000
36997,0.000732328,0.732328,1000
36998,0.000977131,0.977131,1000
36999,0.000819687,0.819687,1000
37000,0.000956189,0.956189,1000
37001,0.000867233,0.867233,1000
37002,0.000912268,0.912268,1000
37003,0.004830476,4.830476,1000
37004,0.000746095,0.746095,1000
37005,0.003711098,3.711098,1000
37006,0.000771999,0.771999,1000
37007,0.001443103,1.443103,1000
37008,0.050555739,50.555739,1000
37009,0.000937371,0.937371,1000
37010,0.001265312,1.265312,1000
37011,0.000953545,0.953545,1000
37012,0.000604251,0.604251,1000
37013,0.000965823,0.965823,1000
37014,0.001523569,1.523569,1000
37015,0.001286516,1.286516,1000
37016,0.001183081,1.183081,1000
37017,0.001062569,1.062569,1000
37018,0.000878348,0.878348,1000
37019,0.000775464,0.775464,1000
37020,0.001554596,1.554596,1000
37021,0.029444843,29.444843,1000
37022,0.001478629,1.478629,1000
37023,0.009148704,9.148704,1000
37024,0.008078674,8.078674,1000
37025,0.000829869,0.829869,1000
37026,0.001042957,1.042957,1000
37027,0.000605048,0.605048,1000
37028,0.001014993,1.014993,1000
37029,0.00114968,1.14968,1000
37030,0.001089427,1.089427,1000
37031,0.001062519,1.062519,1000
37032,0.001203506,1.203506,1000
37033,0.000646355,0.646355,1000
37034,0.010013953,10.013953,1000
37035,0.000653589,0.653589,1000
37036,0.001327,1.327,1000
37037,0.000993994,0.993994,1000
37038,0.001153642,1.153642,1000
37039,0.001042957,1.042957,1000
37040,0.001011936,1.011936,1000
37041,0.001066483,1.066483,1000
37042,0.00067405,0.67405,1000
37043,0.000730246,0.730246,1000
37044,0.000702887,0.702887,1000
37045,0.001011936,1.011936,1000
37046,0.000919593,0.919593,1000
37047,0.000652294,0.652294,1000
37048,0.000749723,0.749723,1000
37049,0.00129514,1.29514,1000
37050,0.001330889,1.330889,1000
37051,0.009376491,9.376491,1000
37052,0.00098284,0.98284,1000
37053,0.000542862,0.542862,1000
37054,0.00103168,1.03168,1000
37055,0.00081312,0.81312,1000
37056,0.000825966,0.825966,1000
37057,0.000644774,0.644774,1000
37058,0.008903995,8.903995,1000
37059,0.000602753,0.602753,1000
37060,0.000960681,0.960681,1000
37061,0.000362452,0.362452,1000
37062,0.000680689,0.680689,1000
37063,0.001480218,1.480218,1000
37064,0.000824172,0.824172,1000
37065,0.000960809,0.960809,1000
37066,0.000346801,0.346801,1000
37067,0.001610478,1.610478,1000
37068,0.001467293,1.467293,1000
37069,0.595286263,595.286263,1000
37070,0.001564661,1.564661,1000
37071,0.000952796,0.952796,1000
37072,0.004211328,4.211328,1000
37073,0.001042957,1.042957,1000
37074,0.005497953,5.497953,1000
37075,0.000762468,0.762468,1000
37076,0.000967591,0.967591,1000
37077,0.000956293,0.956293,1000
37078,0.000655093,0.655093,1000
37079,0.000979597,0.979597,1000
37080,0.001079023,1.079023,1000
37081,0.076376831,76.376831,1000
37082,0.004700335,4.700335,1000
37083,0.705032819,705.032819,1000
37084,0.001307521,1.307521,1000
37085,0.009395796,9.395796,1000
37086,0.001108336,1.108336,1000
37087,0.001118272,1.118272,1000
37088,0.00141239,1.41239,1000
37089,0.00067433,0.67433,1000
37090,0.014716289,14.716289,1000
37091,0.000630628,0.630628,1000
37092,0.000993124,0.993124,1000
37093,0.014652212,14.652212,1000
37094,0.000927032,0.927032,1000
37095,0.00081312,0.81312,1000
37096,0.000772129,0.772129,1000
37097,0.000851874,0.851874,1000
37098,0.000613887,0.613887,1000
37100,0.001126839,1.126839,1000
37101,0.000490815,0.490815,1000
37102,0.006726263,6.726263,1000
37103,0.211242672,211.242672,1000
37104,0.07565817,75.65817,1000
37105,0.016092918,16.092918,1000
37106,0.000772561,0.772561,1000
37107,0.001006227,1.006227,1000
37108,0.007899198,7.899198,1000
37109,0.001017399,1.017399,1000
37110,0.002067211,2.067211,1000
37111,0.008110074,8.110074,1000
37112,0.000998483,0.998483,1000
37113,0.000919593,0.919593,1000
37114,0.000607147,0.607147,1000
37115,0.001178304,1.178304,1000
37116,0.06457915,64.57915,1000
37117,0.016413919,16.413919,1000
37118,0.000956761,0.956761,1000
37119,0.000785327,0.785327,1000
37120,0.000439631,0.439631,1000
37121,0.000916276,0.916276,1000
37122,0.000301199,0.301199,1000
37123,0.000586304,0.586304,1000
37124,0.004508943,4.508943,1000
37125,0.000628419,0.628419,1000
37126,0.000946751,0.946751,1000
37127,0.00060386,0.60386,1000
37128,0.008304298,8.304298,1000
37129,0.010911251,10.911251,1000
37130,0.001338835,1.338835,1000
37131,0.000680023,0.680023,1000
37132,0.001042288,1.042288,1000
37133,0.000586604,0.586604,1000
37134,0.001772319,1.772319,1000
37135,0.000773078,0.773078,1000
37136,0.001492927,1.492927,1000
37137,0.000937371,0.937371,1000
37138,0.000594611,0.594611,1000
37139,0.001584228,1.584228,1000
37140,0.003155359,3.155359,1000
37141,0.00158615,1.58615,1000
37142,0.00083951,0.83951,1000
37143,0.001155282,1.155282,1000
37144,0.000878524,0.878524,1000
37145,0.000888794,0.888794,1000
37146,0.001043381,1.043381,1000
37147,0.000647836,0.647836,1000
37148,0.000636703,0.636703,1000
37149,0.003006877,3.006877,1000
37150,0.000962217,0.962217,1000
37151,0.001333604,1.333604,1000
37152,0.178307934,178.307934,1000
37153,0.000778601,0.778601,1000
37154,0.000783777,0.783777,1000
37155,0.004011177,4.011177,1000
37156,0.000994565,0.994565,1000
37157,0.000920481,0.920481,1000
37158,0.00031756,0.31756,1000
37159,0.00104638,1.04638,1000
37160,0.000657753,0.657753,1000
37161,0.000661971,0.661971,1000
37162,0.016014239,16.014239,1000
37163,0.000849816,0.849816,1000
37164,0.001041789,1.041789,1000
37165,0.001096676,1.096676,1000
37166,0.006081583,6.081583,1000
37167,0.001028096,1.028096,1000
37168,0.000602478,0.602478,1000
37169,0.001555514,1.555514,1000
37170,0.000955369,0.955369,1000
37171,0.000475711,0.475711,1000
37172,0.001059525,1.059525,1000
37173,0.002896889,2.896889,1000
37174,0.000628819,0.628819,1000
37175,0.001038805,1.038805,1000
37176,0.000697983,0.697983,1000
37177,0.000725566,0.725566,1000
37178,0.002920624,2.920624,1000
37179,0.000995922,0.995922,1000
37180,0.056976663,56.976663,1000
37181,0.000783336,0.783336,1000
37182,0.009574246,9.574246,1000
37183,0.002834967,2.834967,1000
37184,0.001071083,1.071083,1000
37185,0.001248397,1.248397,1000
37186,0.003881066,3.881066,1000
37187,0.0009476,0.9476,1000
37188,0.003050083,3.050083,1000
37189,0.000775947,0.775947,1000
37190,0.001062519,1.062519,1000
37191,0.011940798,11.940798,1000
37192,0.000690463,0.690463,1000
37193,0.015275316,15.275316,1000
37194,0.000647697,0.647697,1000
37195,0.000295848,0.295848,1000
37196,0.000707043,0.707043,1000
37197,0.000860676,0.860676,1000
37198,0.000993186,0.993186,1000
37199,0.027687126,27.687126,1000
37200,0.001011936,1.011936,1000
37201,0.000861396,0.861396,1000
37202,0.000776924,0.776924,1000
37203,0.001016965,1.016965,1000
37204,0.003213141,3.213141,1000
37205,0.002779632,2.779632,1000
37206,0.000875386,0.875386,1000
37207,0.001114251,1.114251,1000
37208,0.000308393,0.308393,1000
37209,0.003002728,3.002728,1000
37210,0.016237949,16.237949,1000
37211,0.000953672,0.953672,1000
37212,0.001771345,1.771345,1000
37213,0.003300287,3.300287,1000
37214,0.000865541,0.865541,1000
37215,0.001062569,1.062569,1000
37216,0.00097035,0.97035,1000
37217,0.015902157,15.902157,1000
37218,0.001006227,1.006227,1000
37219,0.002162994,2.162994,1000
37220,0.015899509,15.899509,1000
37221,0.000669372,0.669372,1000
37222,0.000625182,0.625182,1000
37223,0.075148427,75.148427,1000
37224,0.001081154,1.081154,1000
37225,0.00060982,0.60982,1000
37226,0.000993186,0.993186,1000
37227,0.000627143,0.627143,1000
37228,0.001161866,1.161866,1000
37229,0.001436909,1.436909,1000
37230,0.00082912,0.82912,1000
37231,0.000985533,0.985533,1000
37232,0.001461355,1.461355,1000
37233,0.000716937,0.716937,1000
37234,0.000635165,0.635165,1000
37235,0.00100116,1.00116,1000
37236,0.002704047,2.704047,1000
37237,0.00131307,1.31307,1000
37238,0.001525181,1.525181,1000
37239,0.002700787,2.700787,1000
37240,0.000433261,0.433261,1000
37241,0.00071027,0.71027,1000
37242,0.001201499,1.201499,1000
37243,0.000697624,0.697624,1000
37244,0.007891177,7.891177,1000
37245,0.001459506,1.459506,1000
37246,0.000594209,0.594209,1000
37247,0.000575345,0.575345,1000
37248,0.001226795,1.226795,1000
37249,0.000783777,0.783777,1000
37250,0.040320045,40.320045,1000
37251,0.001152443,1.152443,1000
37252,0.025734558,25.734558,1000
37253,0.000742814,0.742814,1000
37254,0.034398087,34.398087,1000
37255,0.000942539,0.942539,1000
37256,0.017520271,17.520271,1000
37257,0.001118195,1.118195,1000
37258,0.000993186,0.993186,1000
37259,0.000292851,0.292851,1000
37260,0.001505839,1.505839,1000
37261,0.001308153,1.308153,1000
37262,0.000871944,0.871944,1000
37263,0.001246149,1.246149,1000
37264,0.004158534,4.158534,1000
37265,0.002792482,2.792482,1000
37266,0.000374452,0.374452,1000
37267,0.008799881,8.799881,1000
37268,0.009349927,9.349927,1000
37269,0.001224407,1.224407,1000
37270,0.000877029,0.877029,1000
37271,0.001905191,1.905191,1000
37272,0.000858252,0.858252,1000
37273,0.262387188,262.387188,1000
37274,0.016266206,16.266206,1000
37275,0.011832996,11.832996,1000
37276,0.000930099,0.930099,1000
37277,0.00085651,0.85651,1000
37278,0.008270208,8.270208,1000
37279,0.001144986,1.144986,1000
37280,0.000527749,0.527749,1000
37281,0.003303548,3.303548,1000
37282,0.003277558,3.277558,1000
37283,0.000962999,0.962999,1000
37284,0.000542017,0.542017,1000
37285,0.000908895,0.908895,1000
37286,0.001619186,1.619186,1000
37287,0.00092103,0.92103,1000
37288,0.000793882,0.793882,1000
37289,0.000950072,0.950072,1000
37290,0.003427366,3.427366,1000
37291,0.001257247,1.257247,1000
37292,0.001081154,1.081154,1000
37293,0.001361911,1.361911,1000
37294,0.001105955,1.105955,1000
37295,0.00071306,0.71306,1000
37296,0.000653475,0.653475,1000
37297,0.000652122,0.652122,1000
37298,0.003710623,3.710623,1000
37299,0.033055864,33.055864,1000
37300,0.001896841,1.896841,1000
37301,0.000619565,0.619565,1000
37302,0.0006803,0.6803,1000
37303,0.000881981,0.881981,1000
37304,0.070948093,70.948093,1000
37305,0.001029247,1.029247,1000
37306,0.003844487,3.844487,1000
37307,0.000755454,0.755454,1000
37308,0.000516498,0.516498,1000
37309,0.001074268,1.074268,1000
37310,0.000704461,0.704461,1000
37311,0.001519242,1.519242,1000
37312,0.001172505,1.172505,1000
37313,0.001471048,1.471048,1000
37314,0.01763563,17.63563,1000
37315,0.003880712,3.880712,1000
37316,0.009091903,9.091903,1000
37317,0.001134108,1.134108,1000
37318,0.004339604,4.339604,1000
37319,0.0007512,0.7512,1000
37320,0.001022758,1.022758,1000
37321,0.011164903,11.164903,1000
37322,0.000634241,0.634241,1000
37323,0.000769403,0.769403,1000
37324,0.000519537,0.519537,1000
37325,0.020542742,20.542742,1000
37326,0.001584521,1.584521,1000
37327,0.00200041,2.00041,1000
37328,0.001333085,1.333085,1000
37329,0.004031786,4.031786,1000
37330,0.002813788,2.813788,1000
37331,0.001008111,1.008111,1000
37332,0.00362016,3.62016,1000
37333,0.000879026,0.879026,1000
37334,1.002470414,1002.470414,1000
37335,0.000886587,0.886587,1000
37336,0.001189915,1.189915,1000
37337,0.031344448,31.344448,1000
37338,0.00081312,0.81312,1000
37339,0.000908234,0.908234,1000
37340,0.001166514,1.166514,1000
37341,0.000983725,0.983725,1000
37342,0.00054946,0.54946,1000
37343,0.00071572,0.71572,1000
37344,0.002369288,2.369288,1000
37345,0.000549453,0.549453,1000
37346,0.000801922,0.801922,1000
37347,0.000883612,0.883612,1000
37348,0.0011896,1.1896,1000
37349,0.000926441,0.926441,1000
37350,0.000456161,0.456161,1000
37351,0.003627803,3.627803,1000
37352,0.003282431,3.282431,1000
37353,0.000602966,0.602966,1000
37354,0.00066966,0.66966,1000
37355,0.002589196,2.589196,1000
37356,0.001847003,1.847003,1000
37357,0.000475778,0.475778,1000
37358,0.000735718,0.735718,1000
37359,0.034611024,34.611024,1000
37360,0.001156902,1.156902,1000
37361,0.000946917,0.946917,1000
37362,0.002759433,2.759433,1000
37363,0.000838568,0.838568,1000
37364,0.001175725,1.175725,1000
37365,0.001963097,1.963097,1000
37366,0.00328652,3.28652,1000
37367,0.000603688,0.603688,1000
37368,0.000459627,0.459627,1000
37369,0.000619904,0.619904,1000
37370,0.001505839,1.505839,1000
37371,0.026671712,26.671712,1000
37372,0.012174476,12.174476,1000
37373,0.000878771,0.878771,1000
37374,0.001041789,1.041789,1000
37375,0.016735068,16.735068,1000
37376,0.004696587,4.696587,1000
37377,0.000848506,0.848506,1000
37378,0.001598572,1.598572,1000
37379,0.006694333,6.694333,1000
37380,0.000665459,0.665459,1000
37381,0.000515308,0.515308,1000
37382,0.000337208,0.337208,1000
37383,0.001011936,1.011936,1000
37384,0.009986388,9.986388,1000
37385,0.000907949,0.907949,1000
37386,0.001553348,1.553348,1000
37387,0.0003339,0.3339,1000
37388,0.000450724,0.450724,1000
37389,0.000730552,0.730552,1000
37390,0.001156669,1.156669,1000
37391,0.001348721,1.348721,1000
37392,0.000765326,0.765326,1000
37393,0.001011936,1.011936,1000
37394,0.006897616,6.897616,1000
37395,0.001042979,1.042979,1000
37396,0.000785346,0.785346,1000
37397,0.001147967,1.147967,1000
37398,0.001062519,1.062519,1000
37399,0.000536421,0.536421,1000
37400,0.002995166,2.995166,1000
37401,0.001380686,1.380686,1000
37402,0.024026036,24.026036,1000
37403,0.000687377,0.687377,1000
37404,0.001299579,1.299579,1000
37405,0.000466413,0.466413,1000
37406,0.00113943,1.13943,1000
37407,0.011304125,11.304125,1000
37408,0.004044791,4.044791,1000
37409,0.000782359,0.782359,1000
37410,0.00167857,1.67857,1000
37411,0.003190961,3.190961,1000
37412,0.000684274,0.684274,1000
37413,0.001062519,1.062519,1000
37414,0.003063749,3.063749,1000
37415,0.001231268,1.231268,1000
37416,0.002723207,2.723207,1000
37417,0.003210621,3.210621,1000
37418,0.000843749,0.843749,1000
37419,0.000664151,0.664151,1000
37420,0.000592117,0.592117,1000
37421,0.000864678,0.864678,1000
37422,0.008114455,8.114455,1000
37423,0.001006227,1.006227,1000
37424,0.000669405,0.669405,1000
37425,0.000818551,0.818551,1000
37426,0.000643936,0.643936,1000
37427,0.00732368,7.32368,1000
37428,0.001070943,1.070943,1000
37429,0.00045468,0.45468,1000
37430,0.019812365,19.812365,1000
37431,0.007954975,7.954975,1000
37432,0.001360785,1.360785,1000
37433,0.00137604,1.37604,1000
37434,0.000985227,0.985227,1000
37435,0.008771243,8.771243,1000
37436,0.001006227,1.006227,1000
37437,0.001042957,1.042957,1000
37438,0.001042957,1.042957,1000
37439,0.00044769,0.44769,1000
37440,0.000783777,0.783777,1000
37441,0.056676397,56.676397,1000
37442,0.001061499,1.061499,1000
37443,0.001190254,1.190254,1000
37444,0.001327495,1.327495,1000
37445,0.001369087,1.369087,1000
37446,0.001027758,1.027758,1000
37447,0.000651507,0.651507,1000
37448,0.000684458,0.684458,1000
37449,0.000606799,0.606799,1000
37450,0.008809256,8.809256,1000
37451,0.00076184,0.76184,1000
37452,0.007206625,7.206625,1000
37453,0.325684495,325.684495,1000
37454,0.001548993,1.548993,1000
37455,0.000307748,0.307748,1000
37456,0.000866985,0.866985,1000
37457,0.002192617,2.192617,1000
37458,0.00069097,0.69097,1000
37459,0.001062379,1.062379,1000
37460,0.002750387,2.750387,1000
37461,0.001313531,1.313531,1000
37462,0.000646696,0.646696,1000
37463,0.002095646,2.095646,1000
37464,0.00237642,2.37642,1000
37465,0.004806728,4.806728,1000
37466,0.001322906,1.322906,1000
37467,0.001062502,1.062502,1000
37468,0.000780756,0.780756,1000
37469,0.001513667,1.513667,1000
37470,0.001387512,1.387512,1000
37471,0.000849744,0.849744,1000
37472,0.001130784,1.130784,1000
37473,0.003159282,3.159282,1000
37474,0.000996976,0.996976,1000
37475,0.000859739,0.859739,1000
37476,0.001341559,1.341559,1000
37477,0.006633096,6.633096,1000
37478,0.000733465,0.733465,1000
37479,0.001264768,1.264768,1000
37480,0.000594149,0.594149,1000
37481,0.000678795,0.678795,1000
37482,0.000576248,0.576248,1000
37483,0.002702875,2.702875,1000
37484,0.001195539,1.195539,1000
37485,0.004819393,4.819393,1000
37486,0.001795891,1.795891,1000
37487,0.00148489,1.48489,1000
37488,0.005689126,5.689126,1000
37489,0.000903465,0.903465,1000
37490,0.000955054,0.955054,1000
37491,0.000816669,0.816669,1000
37492,0.001375699,1.375699,1000
37493,0.000982811,0.982811,1000
37494,0.000494735,0.494735,1000
37495,0.016047028,16.047028,1000
37496,0.001181179,1.181179,1000
37497,0.001330285,1.330285,1000
37498,0.000864216,0.864216,1000
37499,0.001881116,1.881116,1000
37500,0.001097456,1.097456,1000
37501,0.055688968,55.688968,1000
37502,0.000600335,0.600335,1000
37503,0.000964089,0.964089,1000
37504,0.003337684,3.337684,1000
37505,0.001052305,1.052305,1000
37506,0.002384437,2.384437,1000
37507,0.000947517,0.947517,1000
37508,0.002262238,2.262238,1000
37509,0.000947219,0.947219,1000
37510,0.000576584,0.576584,1000
37511,0.001439104,1.439104,1000
37512,0.000592868,0.592868,1000
37513,0.000561926,0.561926,1000
37514,0.001034277,1.034277,1000
37515,0.00141239,1.41239,1000
37516,0.001061148,1.061148,1000
37517,0.00104294,1.04294,1000
37518,0.002588265,2.588265,1000
37519,0.000948554,0.948554,1000
37520,0.020109094,20.109094,1000
37521,0.001096481,1.096481,1000
37522,0.001221487,1.221487,1000
37523,0.000848506,0.848506,1000
37524,0.000540355,0.540355,1000
37525,0.001575216,1.575216,1000
37526,0.000722295,0.722295,1000
37527,0.000929721,0.929721,1000
37528,0.001782233,1.782233,1000
37529,0.001071083,1.071083,1000
37530,0.000912587,0.912587,1000
37531,0.001453099,1.453099,1000
37532,0.000772707,0.772707,1000
37533,0.057427489,57.427489,1000
37534,0.001038423,1.038423,1000
37535,0.000574986,0.574986,1000
37536,0.000790321,0.790321,1000
37537,0.000625556,0.625556,1000
37538,0.001043987,1.043987,1000
37539,0.001147967,1.147967,1000
37540,0.001141219,1.141219,1000
37541,0.000627241,0.627241,1000
37542,0.001399192,1.399192,1000
37543,0.000811574,0.811574,1000
37544,0.002220285,2.220285,1000
37545,0.001092828,1.092828,1000
37546,0.002916814,2.916814,1000
37547,0.000825966,0.825966,1000
37548,0.096797029,96.797029,1000
37549,0.004810035,4.810035,1000
37550,0.001443119,1.443119,1000
37551,0.00518657,5.18657,1000
37552,0.008233609,8.233609,1000
37553,0.00158555,1.58555,1000
37554,0.001139483,1.139483,1000
37555,0.00676999,6.76999,1000
37556,0.002749125,2.749125,1000
37557,0.000746222,0.746222,1000
37558,0.000865976,0.865976,1000
37559,0.015136342,15.136342,1000
37560,0.001154811,1.154811,1000
37561,0.000963391,0.963391,1000
37562,0.00103168,1.03168,1000
37563,0.001042957,1.042957,1000
37564,0.003387912,3.387912,1000
37565,0.00313643,3.13643,1000
37566,0.001011936,1.011936,1000
37567,0.000734706,0.734706,1000
37568,0.001014465,1.014465,1000
37569,0.001330889,1.330889,1000
37570,0.007402232,7.402232,1000
37571,0.003899483,3.899483,1000
37572,0.002289949,2.289949,1000
37573,0.000609396,0.609396,1000
37574,0.001210335,1.210335,1000
37575,0.008400581,8.400581,1000
37576,0.000689908,0.689908,1000
37577,0.00104294,1.04294,1000
37578,0.000802005,0.802005,1000
37579,0.000476852,0.476852,1000
37580,0.001336872,1.336872,1000
37581,0.001666066,1.666066,1000
37582,0.005030635,5.030635,1000
37583,0.000314849,0.314849,1000
37584,0.003764987,3.764987,1000
37585,0.000566458,0.566458,1000
37586,0.001071083,1.071083,1000
37587,0.000846659,0.846659,1000
37588,0.003501625,3.501625,1000
37589,0.000758678,0.758678,1000
37590,0.007399063,7.399063,1000
37591,0.00082553,0.82553,1000
37592,0.001156663,1.156663,1000
37593,0.002926881,2.926881,1000
37594,0.056338963,56.338963,1000
37595,0.000675822,0.675822,1000
37596,0.000400097,0.400097,1000
37597,0.001242727,1.242727,1000
37598,0.000874711,0.874711,1000
37599,0.000862105,0.862105,1000
37600,0.001330889,1.330889,1000
37601,0.001126122,1.126122,1000
37602,0.00092146,0.92146,1000
37603,0.000840129,0.840129,1000
37604,0.000657075,0.657075,1000
37605,0.001312558,1.312558,1000
37606,0.06457915,64.57915,1000
37607,0.000965633,0.965633,1000
37608,0.001175194,1.175194,1000
37609,0.07882583,78.82583,1000
37610,0.000747995,0.747995,1000
37611,0.001612347,1.612347,1000
37612,0.000932886,0.932886,1000
37613,0.001044721,1.044721,1000
37614,0.000905798,0.905798,1000
37615,0.000799864,0.799864,1000
37616,0.000777611,0.777611,1000
37617,0.003168188,3.168188,1000
37618,0.000876754,0.876754,1000
37619,0.000677459,0.677459,1000
37620,0.001081154,1.081154,1000
37621,0.000647623,0.647623,1000
37622,0.00115367,1.15367,1000
37623,0.001018268,1.018268,1000
37624,0.002297696,2.297696,1000
37625,0.001326305,1.326305,1000
37626,0.000594839,0.594839,1000
37627,0.019287061,19.287061,1000
37628,0.001006227,1.006227,1000
37629,0.000702635,0.702635,1000
37630,0.001250076,1.250076,1000
37631,0.001388152,1.388152,1000
37632,0.00078378,0.78378,1000
37633,0.001066625,1.066625,1000
37634,0.000724526,0.724526,1000
37635,0.001242053,1.242053,1000
37636,0.001535889,1.535889,1000
37637,0.001006227,1.006227,1000
37638,0.000988925,0.988925,1000
37639,0.004487989,4.487989,1000
37640,0.000486545,0.486545,1000
37641,0.00086875,0.86875,1000
37642,0.00344633,3.44633,1000
37643,0.001670348,1.670348,1000
37644,0.00138496,1.38496,1000
37645,0.000874516,0.874516,1000
37646,0.000920654,0.920654,1000
37647,0.001382519,1.382519,1000
37648,0.00078728,0.78728,1000
37649,0.003063118,3.063118,1000
37650,0.000779363,0.779363,1000
37651,0.001141219,1.141219,1000
37652,0.001614401,1.614401,1000
37653,0.00114677,1.14677,1000
37654,0.001071083,1.071083,1000
37655,0.001483542,1.483542,1000
37656,0.000778812,0.778812,1000
37657,0.001145914,1.145914,1000
37658,0.002549726,2.549726,1000
37659,0.000515122,0.515122,1000
37660,0.003468386,3.468386,1000
37661,0.002776423,2.776423,1000
37662,0.001568573,1.568573,1000
37663,0.003410455,3.410455,1000
37664,0.001187638,1.187638,1000
37665,0.000391304,0.391304,1000
37666,0.000415615,0.415615,1000
37667,0.084942797,84.942797,1000
37668,0.000790203,0.790203,1000
37669,0.000378855,0.378855,1000
37670,0.001029493,1.029493,1000
37671,0.00264676,2.64676,1000
37672,0.002802281,2.802281,1000
37673,0.000775943,0.775943,1000
37674,0.001322564,1.322564,1000
37675,0.008723096,8.723096,1000
37676,0.002974123,2.974123,1000
37677,0.001175848,1.175848,1000
37678,0.000825605,0.825605,1000
37679,0.00274344,2.74344,1000
37680,0.001062519,1.062519,1000
37681,0.019938733,19.938733,1000
37682,0.001043074,1.043074,1000
37683,0.000858654,0.858654,1000
37684,0.00083522,0.83522,1000
37685,0.002941315,2.941315,1000
37686,0.000801904,0.801904,1000
37687,0.000540249,0.540249,1000
37688,0.000806392,0.806392,1000
37689,0.000658718,0.658718,1000
37690,0.00131923,1.31923,1000
37691,0.00960308,9.60308,1000
37692,0.00112596,1.12596,1000
37693,0.000657481,0.657481,1000
37694,0.000954525,0.954525,1000
37695,0.005582434,5.582434,1000
37696,0.000702607,0.702607,1000
37697,0.00101742,1.01742,1000
37698,0.004297455,4.297455,1000
37699,0.000931188,0.931188,1000
37700,0.016242353,16.242353,1000
37701,0.000908242,0.908242,1000
37702,0.000993186,0.993186,1000
37703,0.000820288,0.820288,1000
37704,0.023387192,23.387192,1000
37705,0.007977031,7.977031,1000
37706,0.000527142,0.527142,1000
37707,0.000831279,0.831279,1000
37708,0.000825313,0.825313,1000
37709,0.001165514,1.165514,1000
37710,0.000810208,0.810208,1000
37711,0.003632877,3.632877,1000
37712,0.001071083,1.071083,1000
37713,0.000762093,0.762093,1000
37714,0.001042957,1.042957,1000
37715,0.003300517,3.300517,1000
37716,0.000819028,0.819028,1000
37717,0.000731546,0.731546,1000
37718,0.000993186,0.993186,1000
37719,0.00074265,0.74265,1000
37720,0.001354846,1.354846,1000
37721,0.001322339,1.322339,1000
37722,0.0096088,9.6088,1000
37723,0.003089268,3.089268,1000
37724,0.001229101,1.229101,1000
37725,0.001113055,1.113055,1000
37726,0.00109818,1.09818,1000
37727,0.00071691,0.71691,1000
37728,0.000691064,0.691064,1000
37729,0.002856314,2.856314,1000
37730,0.010300526,10.300526,1000
37731,0.000781704,0.781704,1000
37732,0.000882017,0.882017,1000
37733,0.000255828,0.255828,1000
37734,0.000858252,0.858252,1000
37735,0.000464688,0.464688,1000
37736,0.001044721,1.044721,1000
37737,0.001499738,1.499738,1000
37738,0.000788719,0.788719,1000
37739,0.001067417,1.067417,1000
37740,0.002180591,2.180591,1000
37741,0.000536438,0.536438,1000
37742,0.000963771,0.963771,1000
37743,0.001937886,1.937886,1000
37744,0.00091388,0.91388,1000
37745,0.001081154,1.081154,1000
37746,0.028931941,28.931941,1000
37747,0.038332159,38.332159,1000
37748,0.001687326,1.687326,1000
37749,0.000384882,0.384882,1000
37750,0.00159346,1.59346,1000
37751,0.001010701,1.010701,1000
37752,0.001056103,1.056103,1000
37753,0.00077593,0.77593,1000
37754,0.001014255,1.014255,1000
37755,0.004630489,4.630489,1000
37756,0.002687279,2.687279,1000
37757,0.077604507,77.604507,1000
37758,0.000913259,0.913259,1000
37759,0.000726794,0.726794,1000
37760,0.00075611,0.75611,1000
37761,0.001590675,1.590675,1000
37762,0.001420069,1.420069,1000
37763,0.001149204,1.149204,1000
37764,0.000550621,0.550621,1000
37765,0.001024048,1.024048,1000
37766,0.000707556,0.707556,1000
37767,0.000834757,0.834757,1000
37768,0.001062379,1.062379,1000
37769,0.00114016,1.14016,1000
37770,0.000552797,0.552797,1000
37771,0.001505839,1.505839,1000
37772,0.001195839,1.195839,1000
37773,0.001210165,1.210165,1000
37774,0.001004339,1.004339,1000
37775,0.001510527,1.510527,1000
37776,0.001023123,1.023123,1000
37777,0.000983893,0.983893,1000
37778,0.001190254,1.190254,1000
37779,0.000592946,0.592946,1000
37780,0.000969253,0.969253,1000
37781,0.013744893,13.744893,1000
37782,0.000710763,0.710763,1000
37783,0.002727488,2.727488,1000
37784,0.001015315,1.015315,1000
37785,0.001204816,1.204816,1000
37786,0.002540933,2.540933,1000
37787,0.001262054,1.262054,1000
37788,0.000622958,0.622958,1000
37789,0.001136774,1.136774,1000
37790,0.000779863,0.779863,1000
37791,0.00105785,1.05785,1000
37792,0.001736677,1.736677,1000
37793,0.001322201,1.322201,1000
37794,0.000674363,0.674363,1000
37795,0.000949168,0.949168,1000
37796,0.000780803,0.780803,1000
37797,0.000768225,0.768225,1000
37798,0.001015484,1.015484,1000
37799,0.001150772,1.150772,1000
37800,0.000587035,0.587035,1000
37801,0.001345224,1.345224,1000
37802,0.000896049,0.896049,1000
37803,0.004191081,4.191081,1000
37804,0.00028207,0.28207,1000
37805,0.004422187,4.422187,1000
37806,0.001190355,1.190355,1000
37807,0.001162344,1.162344,1000
37808,0.000899862,0.899862,1000
37809,0.001062569,1.062569,1000
37810,0.000609349,0.609349,1000
37811,0.000781773,0.781773,1000
37812,0.000265304,0.265304,1000
37813,0.000283816,0.283816,1000
37814,0.056995433,56.995433,1000
37815,0.000736295,0.736295,1000
37816,0.001141219,1.141219,1000
37817,0.00065236,0.65236,1000
37818,0.001144711,1.144711,1000
37819,0.001603342,1.603342,1000
37820,0.000772639,0.772639,1000
37821,0.003245206,3.245206,1000
37822,0.000895737,0.895737,1000
37823,0.000733079,0.733079,1000
37824,0.000861396,0.861396,1000
37825,0.001592079,1.592079,1000
37826,0.010766148,10.766148,1000
37827,0.000835031,0.835031,1000
37828,0.00103168,1.03168,1000
37829,0.001181368,1.181368,1000
37830,0.017070251,17.070251,1000
37831,0.000671219,0.671219,1000
37832,0.00160466,1.60466,1000
37833,0.000969693,0.969693,1000
37834,0.001555514,1.555514,1000
37835,0.001089553,1.089553,1000
37836,0.002924672,2.924672,1000
37837,0.000856427,0.856427,1000
37838,0.005143772,5.143772,1000
37839,0.000925382,0.925382,1000
37840,0.002746115,2.746115,1000
37841,0.001205656,1.205656,1000
37842,0.00112596,1.12596,1000
37843,0.001139987,1.139987,1000
37844,0.010625728,10.625728,1000
37845,0.017692096,17.692096,1000
37846,0.003070095,3.070095,1000
37847,0.000747923,0.747923,1000
37848,0.011061957,11.061957,1000
37849,0.003410951,3.410951,1000
37850,0.001218698,1.218698,1000
37851,0.003395702,3.395702,1000
37852,0.004290534,4.290534,1000
37853,0.000993186,0.993186,1000
37854,0.001402596,1.402596,1000
37855,0.00078378,0.78378,1000
37856,0.000805934,0.805934,1000
37857,0.001678311,1.678311,1000
37858,0.002711326,2.711326,1000
37859,0.001134926,1.134926,1000
37860,0.000645894,0.645894,1000
37861,0.001006165,1.006165,1000
37862,0.000924318,0.924318,1000
37863,0.001520493,1.520493,1000
37864,0.001453121,1.453121,1000
37865,0.001057898,1.057898,1000
37866,0.000904703,0.904703,1000
37867,0.000814672,0.814672,1000
37868,0.000820085,0.820085,1000
37869,0.00067294,0.67294,1000
37870,0.003601162,3.601162,1000
37871,0.000653262,0.653262,1000
37872,0.001375932,1.375932,1000
37873,0.000908663,0.908663,1000
37874,0.002703969,2.703969,1000
37875,0.000954992,0.954992,1000
37876,0.002224818,2.224818,1000
37877,0.00057246,0.57246,1000
37878,0.001151687,1.151687,1000
37879,0.004547403,4.547403,1000
37880,0.001089858,1.089858,1000
37881,0.003090457,3.090457,1000
37882,0.001473719,1.473719,1000
37883,0.000671243,0.671243,1000
37884,0.570695689,570.695689,1000
37885,0.000918443,0.918443,1000
37886,0.008048307,8.048307,1000
37887,0.001530284,1.530284,1000
37888,0.001232779,1.232779,1000
37889,0.000875955,0.875955,1000
37890,0.000839754,0.839754,1000
37891,0.001220914,1.220914,1000
37892,0.00078378,0.78378,1000
37893,0.000938112,0.938112,1000
37894,0.001480195,1.480195,1000
37895,0.001505839,1.505839,1000
37896,0.00099596,0.99596,1000
37897,0.000759169,0.759169,1000
37898,0.007988395,7.988395,1000
37899,0.000884374,0.884374,1000
37900,0.001601399,1.601399,1000
37901,0.000887676,0.887676,1000
37902,0.000601352,0.601352,1000
37903,0.286538092,286.538092,1000
37904,0.001207642,1.207642,1000
37905,0.001483496,1.483496,1000
37906,0.001097638,1.097638,1000
37907,0.001134919,1.134919,1000
37908,0.00289506,2.89506,1000
37909,0.000892536,0.892536,1000
37910,0.001016497,1.016497,1000
37911,0.00132022,1.32022,1000
37912,0.000534217,0.534217,1000
37913,0.00105043,1.05043,1000
37914,0.001330804,1.330804,1000
37915,0.000783777,0.783777,1000
37916,0.001567795,1.567795,1000
37917,0.001077325,1.077325,1000
37918,0.000941702,0.941702,1000
37919,0.001148693,1.148693,1000
37920,0.000954654,0.954654,1000
37921,0.001505839,1.505839,1000
37922,0.000924179,0.924179,1000
37923,0.000544004,0.544004,1000
37924,0.001027029,1.027029,1000
37925,0.001102231,1.102231,1000
37926,0.001042979,1.042979,1000
37927,0.000918328,0.918328,1000
37928,0.000636176,0.636176,1000
37929,0.001024947,1.024947,1000
37930,0.000839696,0.839696,1000
37931,0.000772707,0.772707,1000
37932,0.001612347,1.612347,1000
37933,0.001505839,1.505839,1000
37934,0.000776349,0.776349,1000
37935,0.000785555,0.785555,1000
37936,0.000891463,0.891463,1000
37937,0.001462177,1.462177,1000
37938,0.000911097,0.911097,1000
37939,0.004679295,4.679295,1000
37940,0.000713228,0.713228,1000
37941,0.000945032,0.945032,1000
37942,0.001014512,1.014512,1000
37943,0.000858413,0.858413,1000
37944,0.004088302,4.088302,1000
37945,0.001592071,1.592071,1000
37946,0.000889447,0.889447,1000
37947,0.00042995,0.42995,1000
37948,0.001532695,1.532695,1000
37949,0.003334589,3.334589,1000
37950,0.001219914,1.219914,1000
37951,0.000848701,0.848701,1000
37952,0.001136593,1.136593,1000
37953,0.000633854,0.633854,1000
37954,0.003112036,3.112036,1000
37955,0.001006227,1.006227,1000
37956,0.000534057,0.534057,1000
37957,0.000445807,0.445807,1000
37958,0.001233602,1.233602,1000
37959,0.000693587,0.693587,1000
37960,0.369123529,369.123529,1000
37961,0.00105247,1.05247,1000
37962,0.001071133,1.071133,1000
37963,0.00108033,1.08033,1000
37964,0.00084829,0.84829,1000
37965,0.000731193,0.731193,1000
37966,0.008498102,8.498102,1000
37967,0.002727908,2.727908,1000
37968,0.002747092,2.747092,1000
37969,0.000634742,0.634742,1000
37970,0.001304864,1.304864,1000
37971,0.000802779,0.802779,1000
37972,0.001599493,1.599493,1000
37973,0.001039259,1.039259,1000
37974,0.002018553,2.018553,1000
37975,0.00057077,0.57077,1000
37976,0.001266782,1.266782,1000
37977,0.002022089,2.022089,1000
37978,0.000937243,0.937243,1000
37979,0.000756271,0.756271,1000
37980,0.000836962,0.836962,1000
37981,0.001548993,1.548993,1000
37982,0.00088115,0.88115,1000
37983,0.001003245,1.003245,1000
37984,0.000859472,0.859472,1000
37985,0.001066606,1.066606,1000
37986,0.001042979,1.042979,1000
37987,0.00096153,0.96153,1000
37988,0.000659789,0.659789,1000
37989,0.001218698,1.218698,1000
37990,0.00103168,1.03168,1000
37991,0.000791045,0.791045,1000
37992,0.001385374,1.385374,1000
37993,0.000497733,0.497733,1000
37994,0.001043045,1.043045,1000
37995,0.00217594,2.17594,1000
37996,0.001749879,1.749879,1000
37997,0.001000921,1.000921,1000
37998,0.001045114,1.045114,1000
37999,0.000738605,0.738605,1000
38000,0.000814386,0.814386,1000
38001,0.000817876,0.817876,1000
38002,0.001374409,1.374409,1000
38003,0.000845094,0.845094,1000
38004,0.00105669,1.05669,1000
38005,0.001456359,1.456359,1000
38006,0.001017002,1.017002,1000
38007,0.002747648,2.747648,1000
38008,0.00121445,1.21445,1000
38009,0.000689951,0.689951,1000
38010,0.000811077,0.811077,1000
38011,0.001001018,1.001018,1000
38012,0.001762405,1.762405,1000
38013,0.001875786,1.875786,1000
38014,0.001609087,1.609087,1000
38015,0.006276034,6.276034,1000
38016,0.000882625,0.882625,1000
38017,0.002579464,2.579464,1000
38018,0.004683851,4.683851,1000
38019,0.000821794,0.821794,1000
38020,0.000660799,0.660799,1000
38021,0.000737211,0.737211,1000
38022,0.000717525,0.717525,1000
38023,0.001194978,1.194978,1000
38024,0.001042957,1.042957,1000
38025,0.000784763,0.784763,1000
38026,0.001858969,1.858969,1000
38027,0.001750971,1.750971,1000
38028,0.000632848,0.632848,1000
38029,0.000780167,0.780167,1000
38030,0.000768776,0.768776,1000
38031,0.000443799,0.443799,1000
38032,0.001044721,1.044721,1000
38033,0.000679916,0.679916,1000
38034,0.0006455,0.6455,1000
38035,0.024341292,24.341292,1000
38036,0.000818148,0.818148,1000
38037,0.000993186,0.993186,1000
38038,0.001350018,1.350018,1000
38039,0.000532681,0.532681,1000
38040,0.000824123,0.824123,1000
38041,0.003339935,3.339935,1000
38042,0.008148095,8.148095,1000
38043,0.00071195,0.71195,1000
38044,0.002700787,2.700787,1000
38045,0.001887225,1.887225,1000
38046,0.010484427,10.484427,1000
38047,0.001006227,1.006227,1000
38048,0.00105043,1.05043,1000
38049,0.001252508,1.252508,1000
38050,0.001179788,1.179788,1000
38051,0.000931307,0.931307,1000
38052,0.0627614,62.7614,1000
38053,0.00081312,0.81312,1000
38054,0.001416289,1.416289,1000
38055,0.008354496,8.354496,1000
38056,0.00123555,1.23555,1000
38057,0.001120919,1.120919,1000
38058,0.752663426,752.663426,1000
38059,0.002811194,2.811194,1000
38060,0.000963458,0.963458,1000
38061,0.000767769,0.767769,1000
38062,0.00087192,0.87192,1000
38063,0.005269984,5.269984,1000
38064,0.001078613,1.078613,1000
38065,0.001217744,1.217744,1000
38066,0.000888907,0.888907,1000
38067,0.002131314,2.131314,1000
38068,0.003841674,3.841674,1000
38069,0.000561286,0.561286,1000
38070,0.000700678,0.700678,1000
38071,0.000655326,0.655326,1000
38072,0.000820407,0.820407,1000
38073,0.001656285,1.656285,1000
38074,0.000945045,0.945045,1000
38075,0.000965415,0.965415,1000
38076,0.000898909,0.898909,1000
38077,0.001167321,1.167321,1000
38078,0.064552953,64.552953,1000
38079,0.001049728,1.049728,1000
38080,0.000970777,0.970777,1000
38081,0.000571712,0.571712,1000
38082,0.002207987,2.207987,1000
38083,0.000500546,0.500546,1000
38084,0.001484882,1.484882,1000
38085,0.000763068,0.763068,1000
38086,0.000697735,0.697735,1000
38087,0.000781999,0.781999,1000
38088,0.001767918,1.767918,1000
38089,0.000749896,0.749896,1000
38090,0.000648472,0.648472,1000
38091,0.011394435,11.394435,1000
38092,0.040424806,40.424806,1000
38093,0.003540034,3.540034,1000
38094,0.000558813,0.558813,1000
38095,0.000414292,0.414292,1000
38096,0.284329217,284.329217,1000
38097,0.010628443,10.628443,1000
38098,0.119210439,119.210439,1000
38099,0.003293734,3.293734,1000
38100,0.001054313,1.054313,1000
38101,0.001039243,1.039243,1000
38102,0.001102168,1.102168,1000
38103,0.001089994,1.089994,1000
38104,0.000474966,0.474966,1000
38105,0.008065422,8.065422,1000
38106,0.028148146,28.148146,1000
38107,0.003051844,3.051844,1000
38108,0.000707164,0.707164,1000
38109,0.002833594,2.833594,1000
38110,0.00154718,1.54718,1000
38111,0.00066615,0.66615,1000
38112,0.000754081,0.754081,1000
38113,0.000794012,0.794012,1000
38114,0.000993186,0.993186,1000
38115,0.003207659,3.207659,1000
38116,0.000808576,0.808576,1000
38117,0.004152995,4.152995,1000
38118,0.001527952,1.527952,1000
38119,0.001210813,1.210813,1000
38120,0.001184545,1.184545,1000
38121,0.00159217,1.59217,1000
38122,0.000867057,0.867057,1000
38123,0.000649529,0.649529,1000
38124,0.004106405,4.106405,1000
38125,0.000578198,0.578198,1000
38126,0.000350554,0.350554,1000
38127,0.027117649,27.117649,1000
38128,0.000586575,0.586575,1000
38129,0.000837801,0.837801,1000
38130,0.097285221,97.285221,1000
38131,0.001203276,1.203276,1000
38132,0.001191843,1.191843,1000
38133,0.001399444,1.399444,1000
38134,0.000742145,0.742145,1000
38135,0.001070943,1.070943,1000
38136,0.010490859,10.490859,1000
38137,0.000833611,0.833611,1000
38138,0.002243031,2.243031,1000
38139,0.004948969,4.948969,1000
38140,0.001205656,1.205656,1000
38141,0.00085994,0.85994,1000
38142,0.000614854,0.614854,1000
38143,0.000993186,0.993186,1000
38144,0.008078963,8.078963,1000
38145,0.001097456,1.097456,1000
38146,0.001510527,1.510527,1000
38147,0.001637817,1.637817,1000
38148,0.0009116,0.9116,1000
38149,0.001641682,1.641682,1000
38150,0.000837833,0.837833,1000
38151,0.000558242,0.558242,1000
38152,0.001157603,1.157603,1000
38153,0.001524419,1.524419,1000
38154,0.000608628,0.608628,1000
38155,0.001934007,1.934007,1000
38156,0.009865597,9.865597,1000
38157,0.070592549,70.592549,1000
38158,0.006708128,6.708128,1000
38159,0.00064292,0.64292,1000
38160,0.000995621,0.995621,1000
38161,0.003706376,3.706376,1000
38162,0.029195391,29.195391,1000
38163,0.004002035,4.002035,1000
38164,0.001071083,1.071083,1000
38165,0.020770208,20.770208,1000
38166,0.002824355,2.824355,1000
38167,0.001210908,1.210908,1000
38168,0.06457589,64.57589,1000
38169,0.000993186,0.993186,1000
38170,0.00259787,2.59787,1000
38171,0.000754989,0.754989,1000
38172,0.001348794,1.348794,1000
38173,0.000963771,0.963771,1000
38174,0.000723063,0.723063,1000
38175,0.178757752,178.757752,1000
38176,0.001085933,1.085933,1000
38177,0.001601273,1.601273,1000
38178,0.000914248,0.914248,1000
38179,0.000783777,0.783777,1000
38180,0.001749287,1.749287,1000
38181,0.001100856,1.100856,1000
38182,0.004706122,4.706122,1000
38183,0.008024647,8.024647,1000
38184,0.369001528,369.001528,1000
38185,0.16338954,163.38954,1000
38186,0.001155282,1.155282,1000
38187,0.001120919,1.120919,1000
38188,0.001071083,1.071083,1000
38189,0.000905335,0.905335,1000
38190,0.000896169,0.896169,1000
38191,0.003235808,3.235808,1000
38192,0.001303063,1.303063,1000
38193,0.001126365,1.126365,1000
38194,0.093653871,93.653871,1000
38195,0.001155124,1.155124,1000
38196,0.001335576,1.335576,1000
38197,0.003060376,3.060376,1000
38198,0.001773955,1.773955,1000
38199,0.019336216,19.336216,1000
38200,0.001868447,1.868447,1000
38201,0.001492606,1.492606,1000
38202,0.008669224,8.669224,1000
38203,0.000586565,0.586565,1000
38204,0.000723341,0.723341,1000
38205,0.148339874,148.339874,1000
38206,0.003446881,3.446881,1000
38207,0.000847775,0.847775,1000
38208,0.001520388,1.520388,1000
38209,0.00073741,0.73741,1000
38210,0.001354462,1.354462,1000
38211,0.000932938,0.932938,1000
38212,0.000867831,0.867831,1000
38213,0.008085568,8.085568,1000
38214,0.000775914,0.775914,1000
38215,0.121237396,121.237396,1000
38216,0.000618865,0.618865,1000
38217,0.001044049,1.044049,1000
38218,0.002876392,2.876392,1000
38219,0.000886524,0.886524,1000
38220,0.01637753,16.37753,1000
38221,0.001681571,1.681571,1000
38222,0.000654423,0.654423,1000
38223,0.002342609,2.342609,1000
38224,0.001520388,1.520388,1000
38225,0.002691563,2.691563,1000
38226,0.001350283,1.350283,1000
38227,0.000825966,0.825966,1000
38228,0.001038477,1.038477,1000
38229,0.001284672,1.284672,1000
38230,0.001186392,1.186392,1000
38231,0.00071601,0.71601,1000
38232,0.000993186,0.993186,1000
38233,0.001138727,1.138727,1000
38234,0.000488388,0.488388,1000
38235,0.633185241,633.185241,1000
38236,0.001037325,1.037325,1000
38237,0.000780803,0.780803,1000
38238,0.001456454,1.456454,1000
38239,0.001253481,1.253481,1000
38240,0.000546203,0.546203,1000
38241,0.00098252,0.98252,1000
38242,0.020906783,20.906783,1000
38243,0.000770152,0.770152,1000
38244,0.002452188,2.452188,1000
38245,0.000637922,0.637922,1000
38246,0.00114016,1.14016,1000
38247,0.000596479,0.596479,1000
38248,0.001042979,1.042979,1000
38249,0.001301159,1.301159,1000
38250,0.000828613,0.828613,1000
38251,0.001212931,1.212931,1000
38252,0.000784907,0.784907,1000
38253,0.021903478,21.903478,1000
38254,0.000745751,0.745751,1000
38255,0.001311534,1.311534,1000
38256,0.001459759,1.459759,1000
38257,0.015901338,15.901338,1000
38258,0.002954686,2.954686,1000
38259,0.000908781,0.908781,1000
38260,0.000588662,0.588662,1000
38261,0.012055934,12.055934,1000
38262,0.001129102,1.129102,1000
38263,0.001802935,1.802935,1000
38264,0.001314037,1.314037,1000
38265,0.000880673,0.880673,1000
38266,0.001368139,1.368139,1000
38267,0.00078378,0.78378,1000
38268,0.001402357,1.402357,1000
38269,0.001205656,1.205656,1000
38270,0.000780949,0.780949,1000
38271,0.000603907,0.603907,1000
38272,0.000995922,0.995922,1000
38273,0.002911418,2.911418,1000
38274,0.008719827,8.719827,1000
38275,0.001637817,1.637817,1000
38276,0.001062519,1.062519,1000
38277,0.001134919,1.134919,1000
38278,0.00118512,1.18512,1000
38279,0.00075059,0.75059,1000
38280,0.000904249,0.904249,1000
38281,0.000642053,0.642053,1000
38282,0.001323284,1.323284,1000
38283,0.000931716,0.931716,1000
38284,0.00091901,0.91901,1000
38285,0.000555071,0.555071,1000
38286,0.000948782,0.948782,1000
38288,0.000625175,0.625175,1000
38289,0.000782666,0.782666,1000
38290,0.00078378,0.78378,1000
38291,0.00101429,1.01429,1000
38292,0.004465082,4.465082,1000
38293,0.000591243,0.591243,1000
38294,0.000737477,0.737477,1000
38295,0.000598936,0.598936,1000
38296,0.001527941,1.527941,1000
38297,0.000695289,0.695289,1000
38298,0.001062502,1.062502,1000
38299,0.001913041,1.913041,1000
38300,0.000701867,0.701867,1000
38301,0.00103168,1.03168,1000
38302,0.00100443,1.00443,1000
38303,0.000854389,0.854389,1000
38304,0.010915834,10.915834,1000
38305,0.000723205,0.723205,1000
38306,0.002835321,2.835321,1000
38307,0.038701819,38.701819,1000
38308,0.001369797,1.369797,1000
38309,0.000868079,0.868079,1000
38310,0.001141219,1.141219,1000
38311,0.00059634,0.59634,1000
38312,0.00064143,0.64143,1000
38313,0.000965511,0.965511,1000
38314,0.001004339,1.004339,1000
38315,0.001513667,1.513667,1000
38316,0.008442298,8.442298,1000
38317,0.00433701,4.33701,1000
38318,0.001218698,1.218698,1000
38319,0.000734694,0.734694,1000
38320,0.004876808,4.876808,1000
38321,0.00103168,1.03168,1000
38322,0.046958185,46.958185,1000
38323,0.000910778,0.910778,1000
38324,0.002252918,2.252918,1000
38325,0.001071066,1.071066,1000
38326,0.000864054,0.864054,1000
38327,0.028378227,28.378227,1000
38328,0.003270229,3.270229,1000
38329,0.000611846,0.611846,1000
38330,0.001525312,1.525312,1000
38331,0.00132099,1.32099,1000
38332,0.000716495,0.716495,1000
38333,0.000783777,0.783777,1000
38334,0.000775952,0.775952,1000
38335,0.002980839,2.980839,1000
38336,0.000955309,0.955309,1000
38337,0.00039996,0.39996,1000
38338,0.003054492,3.054492,1000
38339,0.001083052,1.083052,1000
38340,0.001252777,1.252777,1000
38341,0.00134688,1.34688,1000
38342,0.000737598,0.737598,1000
38343,0.000779959,0.779959,1000
38344,0.016554061,16.554061,1000
38345,0.00078378,0.78378,1000
38346,0.001145307,1.145307,1000
38347,0.001470078,1.470078,1000
38348,0.003770473,3.770473,1000
38349,0.006113926,6.113926,1000
38350,0.000849202,0.849202,1000
38351,0.001015443,1.015443,1000
38352,0.000790292,0.790292,1000
38353,0.000897492,0.897492,1000
38354,0.00583359,5.83359,1000
38355,0.000780211,0.780211,1000
38356,0.012649099,12.649099,1000
38357,0.001022321,1.022321,1000
38358,0.003739143,3.739143,1000
38359,0.001483479,1.483479,1000
38360,0.000899838,0.899838,1000
38361,0.000731508,0.731508,1000
38362,0.001303688,1.303688,1000
38363,0.02436514,24.36514,1000
38364,0.001144266,1.144266,1000
38365,0.000903341,0.903341,1000
38366,0.000764772,0.764772,1000
38367,0.000753503,0.753503,1000
38368,0.000948733,0.948733,1000
38369,0.001025806,1.025806,1000
38370,0.001071083,1.071083,1000
38371,0.000837801,0.837801,1000
38372,0.000690696,0.690696,1000
38373,0.001058703,1.058703,1000
38374,0.003061804,3.061804,1000
38375,0.000834654,0.834654,1000
38376,0.005907881,5.907881,1000
38377,0.000980107,0.980107,1000
38378,0.001288928,1.288928,1000
38379,0.000790145,0.790145,1000
38380,0.00059628,0.59628,1000
38381,0.001612048,1.612048,1000
38382,0.001071083,1.071083,1000
38383,0.001002025,1.002025,1000
38384,0.001022759,1.022759,1000
38385,0.001186536,1.186536,1000
38386,0.000720419,0.720419,1000
38387,0.00078121,0.78121,1000
38388,0.002051391,2.051391,1000
38389,0.010489115,10.489115,1000
38390,0.00103168,1.03168,1000
38391,0.001152803,1.152803,1000
38392,0.001384598,1.384598,1000
38393,0.001510527,1.510527,1000
38394,0.007947441,7.947441,1000
38395,0.001010564,1.010564,1000
38396,0.001134353,1.134353,1000
38397,0.001029247,1.029247,1000
38398,0.00127915,1.27915,1000
38399,0.000829878,0.829878,1000
38400,0.001379817,1.379817,1000
38401,0.000802794,0.802794,1000
38402,0.000935513,0.935513,1000
38403,0.06457915,64.57915,1000
38404,0.002935651,2.935651,1000
38405,0.000457205,0.457205,1000
38406,0.000619521,0.619521,1000
38407,0.000738712,0.738712,1000
38408,0.001505839,1.505839,1000
38409,0.002865156,2.865156,1000
38410,0.001111558,1.111558,1000
38411,0.00114796,1.14796,1000
38412,0.001749287,1.749287,1000
38413,0.000640326,0.640326,1000
38414,0.000504257,0.504257,1000
38415,0.000670026,0.670026,1000
38416,0.001797346,1.797346,1000
38417,0.001425923,1.425923,1000
38418,0.000993186,0.993186,1000
38419,0.000387997,0.387997,1000
38420,0.004366507,4.366507,1000
38421,0.000866817,0.866817,1000
38422,0.023564758,23.564758,1000
38423,0.000680092,0.680092,1000
38424,0.001243303,1.243303,1000
38425,0.000631821,0.631821,1000
38426,0.002106797,2.106797,1000
38427,0.000841465,0.841465,1000
38428,0.000659322,0.659322,1000
38429,0.002781637,2.781637,1000
38430,0.002882483,2.882483,1000
38431,0.001216268,1.216268,1000
38432,0.006654014,6.654014,1000
38433,0.000799384,0.799384,1000
38434,0.001108173,1.108173,1000
38435,0.000384389,0.384389,1000
38436,0.000601188,0.601188,1000
38437,0.00029169,0.29169,1000
38438,0.000809022,0.809022,1000
38439,0.000948554,0.948554,1000
38440,0.001006165,1.006165,1000
38441,0.000780547,0.780547,1000
38442,0.002477882,2.477882,1000
38443,0.001049967,1.049967,1000
38444,0.001245259,1.245259,1000
38445,0.002803213,2.803213,1000
38446,0.002900169,2.900169,1000
38447,0.001071083,1.071083,1000
38448,0.001062519,1.062519,1000
38449,0.031068046,31.068046,1000
38450,0.008693557,8.693557,1000
38451,0.001636872,1.636872,1000
38452,0.001062541,1.062541,1000
38453,0.000997121,0.997121,1000
38454,0.000661503,0.661503,1000
38455,0.001026647,1.026647,1000
38457,0.000565328,0.565328,1000
38458,0.003206894,3.206894,1000
38459,0.097010442,97.010442,1000
38460,0.000730847,0.730847,1000
38461,0.008032708,8.032708,1000
38462,0.001013343,1.013343,1000
38463,0.000497935,0.497935,1000
38464,0.024693312,24.693312,1000
38465,0.000790211,0.790211,1000
38466,0.000973205,0.973205,1000
38467,0.000738452,0.738452,1000
38468,0.000706082,0.706082,1000
38469,0.01164614,11.64614,1000
38470,0.06457915,64.57915,1000
38471,0.001375426,1.375426,1000
38472,0.000666228,0.666228,1000
38473,0.008141281,8.141281,1000
38474,0.000961062,0.961062,1000
38475,0.006176725,6.176725,1000
38476,0.001242727,1.242727,1000
38477,0.024564393,24.564393,1000
38478,0.001483455,1.483455,1000
38479,0.00111112,1.11112,1000
38480,0.000433957,0.433957,1000
38481,0.003153616,3.153616,1000
38482,0.003365328,3.365328,1000
38483,0.001623349,1.623349,1000
38484,0.017550434,17.550434,1000
38485,0.001507022,1.507022,1000
38486,0.000810696,0.810696,1000
38487,0.002953949,2.953949,1000
38488,0.003180378,3.180378,1000
38489,0.000743769,0.743769,1000
38490,0.004236996,4.236996,1000
38491,0.003193569,3.193569,1000
38492,0.000598023,0.598023,1000
38493,0.000558863,0.558863,1000
38494,0.04006193,40.06193,1000
38495,0.007165211,7.165211,1000
38496,0.001020796,1.020796,1000
38497,0.000976396,0.976396,1000
38498,0.010028639,10.028639,1000
38499,0.000953654,0.953654,1000
38500,0.02664547,26.64547,1000
38501,0.000533824,0.533824,1000
38502,0.001297213,1.297213,1000
38503,0.000987756,0.987756,1000
38504,0.001131068,1.131068,1000
38505,0.000886409,0.886409,1000
38506,0.002296871,2.296871,1000
38507,0.001042288,1.042288,1000
38508,0.000783486,0.783486,1000
38509,0.000825966,0.825966,1000
38510,0.001337644,1.337644,1000
38511,0.001202121,1.202121,1000
38512,0.000929046,0.929046,1000
38513,0.000480995,0.480995,1000
38514,0.001007553,1.007553,1000
38515,0.000784804,0.784804,1000
38516,0.000960681,0.960681,1000
38517,0.017039362,17.039362,1000
38518,0.008388405,8.388405,1000
38519,0.00294341,2.94341,1000
38520,0.001061351,1.061351,1000
38521,0.008189504,8.189504,1000
38522,0.001910516,1.910516,1000
38523,0.000663357,0.663357,1000
38524,0.001320795,1.320795,1000
38525,0.000733826,0.733826,1000
38526,0.00136085,1.36085,1000
38527,0.000879233,0.879233,1000
38528,0.001520388,1.520388,1000
38529,0.001042957,1.042957,1000
38530,0.001375391,1.375391,1000
38531,0.016698727,16.698727,1000
38532,0.090857194,90.857194,1000
38533,0.01683356,16.83356,1000
38534,0.00079247,0.79247,1000
38535,0.001012978,1.012978,1000
38536,0.00804895,8.04895,1000
38537,0.003029264,3.029264,1000
38538,0.000545206,0.545206,1000
38539,0.000993186,0.993186,1000
38540,0.000878348,0.878348,1000
38541,0.002504752,2.504752,1000
38542,0.000733549,0.733549,1000
38543,0.002163019,2.163019,1000
38544,0.001215205,1.215205,1000
38545,0.003225101,3.225101,1000
38546,0.000704655,0.704655,1000
38547,0.001545307,1.545307,1000
38548,0.000717334,0.717334,1000
38549,0.001214621,1.214621,1000
38550,0.001186367,1.186367,1000
38551,0.000867525,0.867525,1000
38552,0.00089139,0.89139,1000
38553,0.001188257,1.188257,1000
38554,0.001569676,1.569676,1000
38555,0.00089139,0.89139,1000
38556,0.00205406,2.05406,1000
38557,0.000616172,0.616172,1000
38558,0.000848874,0.848874,1000
38559,0.003516496,3.516496,1000
38560,0.001071105,1.071105,1000
38561,0.000905066,0.905066,1000
38562,0.005256564,5.256564,1000
38563,0.001042957,1.042957,1000
38564,0.016065372,16.065372,1000
38565,0.002740647,2.740647,1000
38566,0.00125593,1.25593,1000
38567,0.000448513,0.448513,1000
38568,0.000995187,0.995187,1000
38569,0.001245483,1.245483,1000
38570,0.00687963,6.87963,1000
38571,0.001142425,1.142425,1000
38572,0.000780427,0.780427,1000
38573,0.000515851,0.515851,1000
38574,0.001430575,1.430575,1000
38575,0.001601863,1.601863,1000
38576,0.002300837,2.300837,1000
38577,0.001011936,1.011936,1000
38578,0.010854751,10.854751,1000
38579,0.001042957,1.042957,1000
38580,0.000566983,0.566983,1000
38581,0.008044771,8.044771,1000
38582,0.000856274,0.856274,1000
38583,0.056433336,56.433336,1000
38584,0.00071881,0.71881,1000
38585,0.000735741,0.735741,1000
38586,0.000955493,0.955493,1000
38587,0.000657375,0.657375,1000
38588,0.002866925,2.866925,1000
38589,0.000880074,0.880074,1000
38590,0.001978953,1.978953,1000
38591,0.097408787,97.408787,1000
38592,0.001138159,1.138159,1000
38593,0.001827289,1.827289,1000
38594,0.000830834,0.830834,1000
38595,0.000422053,0.422053,1000
38596,0.045763148,45.763148,1000
38597,0.000688527,0.688527,1000
38598,0.000784209,0.784209,1000
38599,0.006558794,6.558794,1000
38600,0.008421649,8.421649,1000
38601,0.05661725,56.61725,1000
38602,0.001826577,1.826577,1000
38603,0.001446869,1.446869,1000
38604,0.000304263,0.304263,1000
38605,0.001227141,1.227141,1000
38606,0.000989409,0.989409,1000
38607,0.09672937,96.72937,1000
38608,0.075107053,75.107053,1000
38609,0.001339782,1.339782,1000
38610,0.000858691,0.858691,1000
38611,0.000681922,0.681922,1000
38612,0.00092289,0.92289,1000
38613,0.000813123,0.813123,1000
38614,0.000928284,0.928284,1000
38615,0.004028312,4.028312,1000
38616,0.002233281,2.233281,1000
38617,0.001633611,1.633611,1000
38618,0.002125956,2.125956,1000
38619,0.00125902,1.25902,1000
38620,0.000538259,0.538259,1000
38621,0.001023123,1.023123,1000
38622,0.00153381,1.53381,1000
38623,0.00152729,1.52729,1000
38624,0.001216988,1.216988,1000
38625,0.001149588,1.149588,1000
38626,0.001409134,1.409134,1000
38627,0.00152729,1.52729,1000
38628,0.002520611,2.520611,1000
38629,0.00079992,0.79992,1000
38630,0.002508294,2.508294,1000
38631,0.000575689,0.575689,1000
38632,0.00073513,0.73513,1000
38633,0.000852551,0.852551,1000
38634,0.000720813,0.720813,1000
38635,0.001050237,1.050237,1000
38636,0.00087645,0.87645,1000
38637,0.00099068,0.99068,1000
38638,0.000513664,0.513664,1000
38639,0.000856205,0.856205,1000
38640,0.000864449,0.864449,1000
38641,0.000399213,0.399213,1000
38642,0.002704047,2.704047,1000
38643,0.000671666,0.671666,1000
38644,0.000824788,0.824788,1000
38645,0.001151,1.151,1000
38646,0.000648359,0.648359,1000
38647,0.00100794,1.00794,1000
38648,0.000783777,0.783777,1000
38649,0.001352624,1.352624,1000
38650,0.001062569,1.062569,1000
38651,0.000812855,0.812855,1000
38652,0.001328142,1.328142,1000
38653,0.0015091,1.5091,1000
38654,0.002569519,2.569519,1000
38655,0.001017724,1.017724,1000
38656,0.00208103,2.08103,1000
38657,0.002449163,2.449163,1000
38658,0.000824527,0.824527,1000
38659,0.002790559,2.790559,1000
38660,0.001457786,1.457786,1000
38661,0.000888632,0.888632,1000
38662,0.00090841,0.90841,1000
38663,0.001456381,1.456381,1000
38664,0.001035198,1.035198,1000
38665,0.001004655,1.004655,1000
38666,0.001331282,1.331282,1000
38667,0.001597587,1.597587,1000
38668,0.000855439,0.855439,1000
38669,0.000575573,0.575573,1000
38670,0.001666745,1.666745,1000
38671,0.000767123,0.767123,1000
38672,0.031285278,31.285278,1000
38673,0.001204278,1.204278,1000
38674,0.001885612,1.885612,1000
38675,0.001513667,1.513667,1000
38676,0.000780091,0.780091,1000
38677,0.001018268,1.018268,1000
38678,0.001456359,1.456359,1000
38679,0.451416395,451.416395,1000
38680,0.000798264,0.798264,1000
38681,0.001103225,1.103225,1000
38682,0.001355916,1.355916,1000
38683,0.001006227,1.006227,1000
38684,0.000843428,0.843428,1000
38685,0.008318632,8.318632,1000
38686,0.000953672,0.953672,1000
38687,0.000617793,0.617793,1000
38688,0.001460469,1.460469,1000
38689,0.00118981,1.18981,1000
38690,0.000909812,0.909812,1000
38691,0.001042979,1.042979,1000
38692,0.001483677,1.483677,1000
38693,0.003121802,3.121802,1000
38694,0.001219568,1.219568,1000
38695,0.001352029,1.352029,1000
38696,0.001062502,1.062502,1000
38697,0.000783777,0.783777,1000
38698,0.010929681,10.929681,1000
38699,0.001910207,1.910207,1000
38700,0.00081312,0.81312,1000
38701,0.000783777,0.783777,1000
38702,0.001011874,1.011874,1000
38703,0.000925382,0.925382,1000
38704,0.010451819,10.451819,1000
38705,0.003443617,3.443617,1000
38706,0.000843923,0.843923,1000
38707,0.001135016,1.135016,1000
38708,0.001421347,1.421347,1000
38709,0.001042957,1.042957,1000
38710,0.002409865,2.409865,1000
38711,0.001146349,1.146349,1000
38712,0.000892428,0.892428,1000
38713,0.001164239,1.164239,1000
38714,0.002971056,2.971056,1000
38715,0.001198873,1.198873,1000
38716,0.002969099,2.969099,1000
38717,0.029710992,29.710992,1000
38718,0.000712573,0.712573,1000
38719,0.0015772,1.5772,1000
38720,0.001089744,1.089744,1000
38721,0.000756357,0.756357,1000
38723,0.001733478,1.733478,1000
38724,0.00084364,0.84364,1000
38725,0.006433584,6.433584,1000
38726,0.008126533,8.126533,1000
38727,0.002518915,2.518915,1000
38728,0.000979335,0.979335,1000
38729,0.001548993,1.548993,1000
38730,0.000932593,0.932593,1000
38731,0.045845123,45.845123,1000
38732,0.000851214,0.851214,1000
38733,0.001042957,1.042957,1000
38734,0.001029247,1.029247,1000
38735,0.00121926,1.21926,1000
38736,0.000742992,0.742992,1000
38737,0.000807136,0.807136,1000
38738,0.001581087,1.581087,1000
38739,0.001062569,1.062569,1000
38740,0.368918445,368.918445,1000
38741,0.097673349,97.673349,1000
38742,0.002207987,2.207987,1000
38743,0.000600973,0.600973,1000
38744,0.000490685,0.490685,1000
38745,0.001143068,1.143068,1000
38746,0.007715381,7.715381,1000
38747,0.002385215,2.385215,1000
38748,0.00092399,0.92399,1000
38749,0.000728201,0.728201,1000
38750,0.000885075,0.885075,1000
38751,0.001505839,1.505839,1000
38752,0.001074126,1.074126,1000
38753,0.00055641,0.55641,1000
38754,0.000788715,0.788715,1000
38755,0.001042805,1.042805,1000
38756,0.001305502,1.305502,1000
38757,0.003434734,3.434734,1000
38758,0.001059296,1.059296,1000
38759,0.00078378,0.78378,1000
38760,0.06457915,64.57915,1000
38761,0.000770684,0.770684,1000
38762,0.001280583,1.280583,1000
38763,0.00081312,0.81312,1000
38764,0.000805903,0.805903,1000
38765,0.026941453,26.941453,1000
38766,0.001089156,1.089156,1000
38767,0.001208657,1.208657,1000
38768,0.001006227,1.006227,1000
38769,0.004879335,4.879335,1000
38770,0.000993186,0.993186,1000
38771,0.001666066,1.666066,1000
38772,0.00075043,0.75043,1000
38773,0.214091425,214.091425,1000
38774,0.001371462,1.371462,1000
38775,0.000581314,0.581314,1000
38776,0.001110498,1.110498,1000
38777,0.148845934,148.845934,1000
38778,0.007973673,7.973673,1000
38779,0.077879004,77.879004,1000
38780,0.008111512,8.111512,1000
38781,0.00383227,3.83227,1000
38782,0.000664952,0.664952,1000
38783,0.000704332,0.704332,1000
38784,0.006765303,6.765303,1000
38785,0.001087846,1.087846,1000
38786,0.001306846,1.306846,1000
38787,0.6881728,688.1728,1000
38788,0.000849015,0.849015,1000
38789,0.001167018,1.167018,1000
38790,0.076615317,76.615317,1000
38791,0.0054614,5.4614,1000
38792,0.00097808,0.97808,1000
38793,0.00182456,1.82456,1000
38794,0.001093298,1.093298,1000
38795,0.001686536,1.686536,1000
38796,0.008192887,8.192887,1000
38797,0.001051659,1.051659,1000
38798,0.001541708,1.541708,1000
38799,0.096951279,96.951279,1000
38800,0.001301683,1.301683,1000
38801,0.002398223,2.398223,1000
38802,0.000301487,0.301487,1000
38803,0.000782085,0.782085,1000
38804,0.013797064,13.797064,1000
38805,0.001042817,1.042817,1000
38806,0.09001115,90.01115,1000
38807,0.002535418,2.535418,1000
38808,0.000773735,0.773735,1000
38809,0.001519555,1.519555,1000
38810,0.008175103,8.175103,1000
38811,0.016107925,16.107925,1000
38812,0.006056202,6.056202,1000
38813,0.007956179,7.956179,1000
38814,0.000902639,0.902639,1000
38815,0.000701312,0.701312,1000
38816,0.000771323,0.771323,1000
38817,0.000758483,0.758483,1000
38818,0.071142592,71.142592,1000
38819,0.000917213,0.917213,1000
38820,0.00305688,3.05688,1000
38821,0.000768893,0.768893,1000
38822,0.001716664,1.716664,1000
38823,0.001111418,1.111418,1000
38824,0.000718688,0.718688,1000
38825,0.001478035,1.478035,1000
38826,0.000838137,0.838137,1000
38827,0.001652849,1.652849,1000
38828,0.000839964,0.839964,1000
38829,0.000401444,0.401444,1000
38830,0.000859958,0.859958,1000
38831,0.000706528,0.706528,1000
38832,0.001827139,1.827139,1000
38833,0.000891218,0.891218,1000
38834,0.001139413,1.139413,1000
38835,0.000715392,0.715392,1000
38836,0.001182245,1.182245,1000
38837,0.000900763,0.900763,1000
38838,0.000718585,0.718585,1000
38839,0.000896169,0.896169,1000
38840,0.00065027,0.65027,1000
38841,0.000769453,0.769453,1000
38842,0.009823779,9.823779,1000
38843,0.000618581,0.618581,1000
38844,0.001328432,1.328432,1000
38845,0.001042319,1.042319,1000
38846,0.004430531,4.430531,1000
38847,0.001151,1.151,1000
38848,0.010161788,10.161788,1000
38849,0.0015091,1.5091,1000
38850,0.001608008,1.608008,1000
38851,0.000931782,0.931782,1000
38852,0.005844562,5.844562,1000
38853,0.001044721,1.044721,1000
38854,0.000757557,0.757557,1000
38855,0.001059412,1.059412,1000
38856,0.000576141,0.576141,1000
38857,0.005219082,5.219082,1000
38858,0.001110849,1.110849,1000
38859,0.001355036,1.355036,1000
38860,0.003959773,3.959773,1000
38861,0.002449348,2.449348,1000
38862,0.001324896,1.324896,1000
38863,0.000430984,0.430984,1000
38864,0.001011936,1.011936,1000
38865,0.00088921,0.88921,1000
38866,0.000993186,0.993186,1000
38867,0.001598603,1.598603,1000
38868,0.000771378,0.771378,1000
38869,0.000783777,0.783777,1000
38870,0.001609087,1.609087,1000
38871,0.000626516,0.626516,1000
38872,0.002053051,2.053051,1000
38873,0.000397215,0.397215,1000
38874,0.008086868,8.086868,1000
38875,0.00628684,6.28684,1000
38876,0.001071083,1.071083,1000
38877,0.00078576,0.78576,1000
38878,0.001115373,1.115373,1000
38879,0.002366577,2.366577,1000
38880,0.06457915,64.57915,1000
38881,0.02033883,20.33883,1000
38882,0.000872999,0.872999,1000
38883,0.003101822,3.101822,1000
38884,0.005798511,5.798511,1000
38885,0.000713029,0.713029,1000
38886,0.060013287,60.013287,1000
38887,0.001017139,1.017139,1000
38888,0.000824172,0.824172,1000
38889,0.001010709,1.010709,1000
38890,0.000745227,0.745227,1000
38891,0.006051693,6.051693,1000
38892,0.0008491,0.8491,1000
38893,0.000908551,0.908551,1000
38894,0.006644114,6.644114,1000
38895,0.001019478,1.019478,1000
38896,0.000690246,0.690246,1000
38897,0.000859672,0.859672,1000
38898,0.000924572,0.924572,1000
38899,0.002284261,2.284261,1000
38900,0.000876702,0.876702,1000
38901,0.001237476,1.237476,1000
38902,0.001062519,1.062519,1000
38903,0.051468539,51.468539,1000
38904,0.006925725,6.925725,1000
38905,0.000832496,0.832496,1000
38906,0.000900807,0.900807,1000
38907,0.001217337,1.217337,1000
38908,0.000622374,0.622374,1000
38909,0.000587381,0.587381,1000
38910,0.002272899,2.272899,1000
38911,0.000864355,0.864355,1000
38912,0.043287193,43.287193,1000
38913,0.001609337,1.609337,1000
38914,0.000969744,0.969744,1000
38915,0.000868532,0.868532,1000
38916,0.001072454,1.072454,1000
38917,0.001011936,1.011936,1000
38918,0.000684826,0.684826,1000
38919,0.000837801,0.837801,1000
38920,0.000985952,0.985952,1000
38921,0.017236954,17.236954,1000
38922,0.001078458,1.078458,1000
38923,0.001124557,1.124557,1000
38924,0.001205287,1.205287,1000
38925,0.001096716,1.096716,1000
38926,0.000861489,0.861489,1000
38927,0.000945045,0.945045,1000
38928,0.000656224,0.656224,1000
38929,0.015819763,15.819763,1000
38930,0.001070815,1.070815,1000
38931,0.001086802,1.086802,1000
38932,0.006373204,6.373204,1000
38933,0.001071083,1.071083,1000
38934,0.003097569,3.097569,1000
38935,0.001262262,1.262262,1000
38936,0.00109,1.09,1000
38937,0.001845849,1.845849,1000
38938,0.000986887,0.986887,1000
38939,0.00116297,1.16297,1000
38940,0.003238693,3.238693,1000
38941,0.001613775,1.613775,1000
38942,0.001134926,1.134926,1000
38943,0.000877876,0.877876,1000
38944,0.001151,1.151,1000
38945,0.001927662,1.927662,1000
38946,0.001832921,1.832921,1000
38947,0.000775732,0.775732,1000
38948,0.002986121,2.986121,1000
38949,0.013980719,13.980719,1000
38950,0.000894368,0.894368,1000
38951,0.001155938,1.155938,1000
38952,0.005664625,5.664625,1000
38953,0.000837178,0.837178,1000
38954,0.001071066,1.071066,1000
38955,0.000583882,0.583882,1000
38956,0.001237929,1.237929,1000
38957,0.000625642,0.625642,1000
38958,0.002848642,2.848642,1000
38959,0.000864598,0.864598,1000
38960,0.211034046,211.034046,1000
38961,0.001525076,1.525076,1000
38962,0.064580577,64.580577,1000
38963,0.000553217,0.553217,1000
38964,0.00824447,8.24447,1000
38965,0.001028966,1.028966,1000
38966,0.000937184,0.937184,1000
38967,0.001274588,1.274588,1000
38968,0.002664162,2.664162,1000
38969,0.001213697,1.213697,1000
38970,0.000760709,0.760709,1000
38971,0.003511951,3.511951,1000
38972,0.001872898,1.872898,1000
38973,0.030816194,30.816194,1000
38974,0.007566056,7.566056,1000
38975,0.001077217,1.077217,1000
38976,0.000922752,0.922752,1000
38977,0.000423978,0.423978,1000
38978,0.000802343,0.802343,1000
38979,0.001105663,1.105663,1000
38980,0.001324082,1.324082,1000
38981,0.002045183,2.045183,1000
38982,0.001592064,1.592064,1000
38983,0.000958481,0.958481,1000
38984,0.000937243,0.937243,1000
38985,0.004006358,4.006358,1000
38986,0.001033298,1.033298,1000
38987,0.000687663,0.687663,1000
38988,0.001808698,1.808698,1000
38989,0.001134919,1.134919,1000
38990,0.001134919,1.134919,1000
38991,0.000796703,0.796703,1000
38992,0.000891014,0.891014,1000
38993,0.000635691,0.635691,1000
38994,0.001506747,1.506747,1000
38995,0.00317646,3.17646,1000
38996,0.016101086,16.101086,1000
38997,0.001208158,1.208158,1000
38998,0.001011936,1.011936,1000
38999,0.000993368,0.993368,1000
39000,0.000836428,0.836428,1000
39001,0.001771006,1.771006,1000
39002,0.009203586,9.203586,1000
39003,0.0008725,0.8725,1000
39004,0.001042979,1.042979,1000
39005,0.096937798,96.937798,1000
39006,0.011534868,11.534868,1000
39007,0.000598475,0.598475,1000
39008,0.002739096,2.739096,1000
39009,0.000962522,0.962522,1000
39010,0.096868451,96.868451,1000
39011,0.631749098,631.749098,1000
39012,0.000484947,0.484947,1000
39013,0.001042957,1.042957,1000
39014,0.002849472,2.849472,1000
39015,0.001201539,1.201539,1000
39016,0.121888751,121.888751,1000
39017,0.001052223,1.052223,1000
39018,0.002910873,2.910873,1000
39019,0.000807222,0.807222,1000
39020,0.002216026,2.216026,1000
39021,0.097038536,97.038536,1000
39022,0.000756981,0.756981,1000
39023,0.049584149,49.584149,1000
39024,0.001122662,1.122662,1000
39025,0.006550792,6.550792,1000
39026,0.015902789,15.902789,1000
39027,0.003098942,3.098942,1000
39028,0.001582995,1.582995,1000
39029,0.001011874,1.011874,1000
39030,0.000953545,0.953545,1000
39031,0.464235304,464.235304,1000
39032,0.001061881,1.061881,1000
39033,0.001049667,1.049667,1000
39034,0.000924079,0.924079,1000
39035,0.000752201,0.752201,1000
39036,0.001635447,1.635447,1000
39037,0.000381963,0.381963,1000
39038,0.001508515,1.508515,1000
39039,0.002297736,2.297736,1000
39040,0.003178671,3.178671,1000
39041,0.035606411,35.606411,1000
39042,0.001204615,1.204615,1000
39043,0.002212675,2.212675,1000
39044,0.000783777,0.783777,1000
39045,0.001054738,1.054738,1000
39046,0.000565276,0.565276,1000
39047,0.000710364,0.710364,1000
39048,0.000969304,0.969304,1000
39049,0.002937343,2.937343,1000
39050,0.001633612,1.633612,1000
39051,0.008011168,8.011168,1000
39052,0.000421822,0.421822,1000
39053,0.000599716,0.599716,1000
39054,0.016796256,16.796256,1000
39055,0.00097555,0.97555,1000
39056,0.001097456,1.097456,1000
39057,0.000794023,0.794023,1000
39058,0.001221487,1.221487,1000
39059,0.001320764,1.320764,1000
39060,0.000946187,0.946187,1000
39061,0.000625889,0.625889,1000
39062,0.001330285,1.330285,1000
39063,0.000923694,0.923694,1000
39064,0.004322288,4.322288,1000
39065,0.00099767,0.99767,1000
39066,0.000767139,0.767139,1000
39067,0.000867153,0.867153,1000
39068,0.009048358,9.048358,1000
39069,0.055919266,55.919266,1000
39070,0.00128699,1.28699,1000
39071,0.001639571,1.639571,1000
39072,0.002528293,2.528293,1000
39073,0.00302459,3.02459,1000
39074,0.001233211,1.233211,1000
39075,0.003709637,3.709637,1000
39076,0.008363063,8.363063,1000
39077,0.001663829,1.663829,1000
39078,0.001029247,1.029247,1000
39079,0.000813328,0.813328,1000
39080,0.001089264,1.089264,1000
39081,0.042992665,42.992665,1000
39082,0.00103168,1.03168,1000
39083,0.001006227,1.006227,1000
39084,0.006280745,6.280745,1000
39085,0.000908327,0.908327,1000
39086,0.022038042,22.038042,1000
39087,0.011157847,11.157847,1000
39088,0.001595186,1.595186,1000
39089,0.06457915,64.57915,1000
39090,0.000829988,0.829988,1000
39091,0.000924848,0.924848,1000
39092,0.001149588,1.149588,1000
39093,0.00063054,0.63054,1000
39094,0.001277833,1.277833,1000
39095,0.00053602,0.53602,1000
39096,0.001057527,1.057527,1000
39097,0.000775946,0.775946,1000
39098,0.002154771,2.154771,1000
39099,0.006452819,6.452819,1000
39100,0.003289115,3.289115,1000
39101,0.002406271,2.406271,1000
39102,0.003273758,3.273758,1000
39103,0.003015157,3.015157,1000
39104,0.001085874,1.085874,1000
39105,0.000813096,0.813096,1000
39106,0.000638987,0.638987,1000
39107,0.001661097,1.661097,1000
39108,0.000375345,0.375345,1000
39109,0.00102305,1.02305,1000
39110,0.001934182,1.934182,1000
39111,0.00079137,0.79137,1000
39112,0.008279873,8.279873,1000
39113,0.000550308,0.550308,1000
39114,0.001011936,1.011936,1000
39115,0.000583143,0.583143,1000
39116,0.000350988,0.350988,1000
39118,0.001155087,1.155087,1000
39119,0.000719916,0.719916,1000
39120,0.002731803,2.731803,1000
39121,0.001062541,1.062541,1000
39122,0.001191366,1.191366,1000
39123,0.003908314,3.908314,1000
39124,0.00118329,1.18329,1000
39125,0.000976801,0.976801,1000
39126,0.001000921,1.000921,1000
39127,0.010477559,10.477559,1000
39128,0.001155282,1.155282,1000
39129,0.001046372,1.046372,1000
39130,0.000843766,0.843766,1000
39131,0.000758787,0.758787,1000
39132,0.001123758,1.123758,1000
39133,0.001131126,1.131126,1000
39134,0.003354018,3.354018,1000
39135,0.000618728,0.618728,1000
39136,0.000266293,0.266293,1000
39137,0.001029247,1.029247,1000
39138,0.001736095,1.736095,1000
39139,0.001385415,1.385415,1000
39140,0.002673239,2.673239,1000
39141,0.001147967,1.147967,1000
39142,0.003976266,3.976266,1000
39143,0.01566981,15.66981,1000
39144,0.001412853,1.412853,1000
39145,0.003358534,3.358534,1000
39146,0.001649158,1.649158,1000
39147,0.008113008,8.113008,1000
39148,0.001821889,1.821889,1000
39149,0.000312638,0.312638,1000
39150,0.001534733,1.534733,1000
39151,0.000738326,0.738326,1000
39152,0.000600833,0.600833,1000
39153,0.00072184,0.72184,1000
39154,0.000585628,0.585628,1000
39155,0.001316124,1.316124,1000
39156,0.008917131,8.917131,1000
39157,0.00034647,0.34647,1000
39158,0.000685942,0.685942,1000
39159,0.000762661,0.762661,1000
39160,0.035765282,35.765282,1000
39161,0.001043062,1.043062,1000
39162,0.001006227,1.006227,1000
39163,0.000612022,0.612022,1000
39164,0.001290858,1.290858,1000
39165,0.016711503,16.711503,1000
39166,0.000740442,0.740442,1000
39167,0.016298811,16.298811,1000
39168,0.001150666,1.150666,1000
39169,0.001042957,1.042957,1000
39170,0.001500986,1.500986,1000
39171,0.001629313,1.629313,1000
39172,0.000641823,0.641823,1000
39173,0.003338488,3.338488,1000
39174,0.000672352,0.672352,1000
39175,0.020775946,20.775946,1000
39176,0.00079703,0.79703,1000
39177,0.000904146,0.904146,1000
39178,0.000501233,0.501233,1000
39179,0.001113389,1.113389,1000
39180,0.000953545,0.953545,1000
39181,0.007584411,7.584411,1000
39182,0.00070427,0.70427,1000
39183,0.000935513,0.935513,1000
39184,0.000861994,0.861994,1000
39185,0.00112025,1.12025,1000
39186,0.001043007,1.043007,1000
39187,0.001006227,1.006227,1000
39188,0.015251677,15.251677,1000
39189,0.002021316,2.021316,1000
39190,0.000935464,0.935464,1000
39191,0.002075133,2.075133,1000
39192,0.001177699,1.177699,1000
39193,0.001062379,1.062379,1000
39194,0.004506076,4.506076,1000
39195,0.000442001,0.442001,1000
39196,0.023998155,23.998155,1000
39197,0.00829145,8.29145,1000
39198,0.000826074,0.826074,1000
39199,0.000617038,0.617038,1000
39200,0.001106576,1.106576,1000
39201,0.000878118,0.878118,1000
39202,0.001667726,1.667726,1000
39203,0.000626713,0.626713,1000
39204,0.02656498,26.56498,1000
39205,0.002049059,2.049059,1000
39206,0.000936735,0.936735,1000
39207,0.002281962,2.281962,1000
39208,0.000953485,0.953485,1000
39209,0.000953545,0.953545,1000
39210,0.000801922,0.801922,1000
39211,0.00179382,1.79382,1000
39212,0.0155474,15.5474,1000
39213,0.32737991,327.37991,1000
39214,0.000614633,0.614633,1000
39215,0.05648567,56.48567,1000
39216,0.001290757,1.290757,1000
39217,0.001152515,1.152515,1000
39218,0.038660563,38.660563,1000
39219,0.001312558,1.312558,1000
39220,0.000799408,0.799408,1000
39221,0.0015091,1.5091,1000
39222,0.016250567,16.250567,1000
39223,0.03014894,30.14894,1000
39224,0.012145655,12.145655,1000
39225,0.00081312,0.81312,1000
39226,0.01625706,16.25706,1000
39227,0.003231488,3.231488,1000
39228,0.023702902,23.702902,1000
39229,0.001043497,1.043497,1000
39230,0.000783777,0.783777,1000
39231,0.000827278,0.827278,1000
39232,0.001287881,1.287881,1000
39233,0.000624417,0.624417,1000
39234,0.001821889,1.821889,1000
39235,0.001152191,1.152191,1000
39236,0.000972389,0.972389,1000
39237,0.001606087,1.606087,1000
39238,0.123369357,123.369357,1000
39239,0.000803344,0.803344,1000
39240,0.001006227,1.006227,1000
39241,0.000809346,0.809346,1000
39242,0.001487383,1.487383,1000
39243,0.000687515,0.687515,1000
39244,0.002750448,2.750448,1000
39245,0.0067728,6.7728,1000
39246,0.019594964,19.594964,1000
39247,0.056397604,56.397604,1000
39248,0.000961007,0.961007,1000
39249,0.001505839,1.505839,1000
39250,0.008161378,8.161378,1000
39251,0.056980409,56.980409,1000
39252,0.001564251,1.564251,1000
39253,0.000630273,0.630273,1000
39254,0.000955037,0.955037,1000
39255,0.001071083,1.071083,1000
39256,0.000802004,0.802004,1000
39257,0.000981548,0.981548,1000
39258,0.001231268,1.231268,1000
39259,0.000573862,0.573862,1000
39260,0.001011874,1.011874,1000
39261,0.000856033,0.856033,1000
39262,0.00088189,0.88189,1000
39263,0.002441727,2.441727,1000
39264,0.000927183,0.927183,1000
39265,0.000900316,0.900316,1000
39266,0.000766085,0.766085,1000
39267,0.000379782,0.379782,1000
39268,0.000341245,0.341245,1000
39269,0.020872246,20.872246,1000
39270,0.001909912,1.909912,1000
39271,0.595286263,595.286263,1000
39272,0.003025965,3.025965,1000
39273,0.004194058,4.194058,1000
39274,0.000462421,0.462421,1000
39275,0.002837786,2.837786,1000
39276,0.000981468,0.981468,1000
39277,0.001062541,1.062541,1000
39278,0.000821434,0.821434,1000
39279,0.001522992,1.522992,1000
39280,0.003250666,3.250666,1000
39281,0.000386123,0.386123,1000
39282,0.008096294,8.096294,1000
39283,0.001058741,1.058741,1000
39284,0.001209231,1.209231,1000
39285,0.000280796,0.280796,1000
39286,0.003573192,3.573192,1000
39287,0.012164485,12.164485,1000
39288,0.000776151,0.776151,1000
39289,0.001006227,1.006227,1000
39290,0.003010336,3.010336,1000
39291,0.00080724,0.80724,1000
39292,0.001068128,1.068128,1000
39293,0.001510527,1.510527,1000
39294,0.000627251,0.627251,1000
39295,0.000972597,0.972597,1000
39296,0.001205667,1.205667,1000
39297,0.178279632,178.279632,1000
39298,0.001350892,1.350892,1000
39299,0.001706678,1.706678,1000
39300,0.000423803,0.423803,1000
39301,0.00081312,0.81312,1000
39302,0.000712232,0.712232,1000
39303,0.008075496,8.075496,1000
39304,0.001298996,1.298996,1000
39305,0.000938059,0.938059,1000
39306,0.003062795,3.062795,1000
39307,0.001946713,1.946713,1000
39308,0.001042817,1.042817,1000
39309,0.000435694,0.435694,1000
39310,0.000766904,0.766904,1000
39311,0.001158949,1.158949,1000
39312,0.00096435,0.96435,1000
39313,0.000547255,0.547255,1000
39314,0.000545592,0.545592,1000
39315,0.001237815,1.237815,1000
39316,0.000764306,0.764306,1000
39317,0.000948554,0.948554,1000
39318,0.000806688,0.806688,1000
39319,0.001513667,1.513667,1000
39320,0.000968251,0.968251,1000
39321,0.000786297,0.786297,1000
39322,0.00081312,0.81312,1000
39323,0.001151997,1.151997,1000
39324,0.000961894,0.961894,1000
39325,0.000774025,0.774025,1000
39326,0.001278404,1.278404,1000
39327,0.001197723,1.197723,1000
39328,0.000918379,0.918379,1000
39329,0.000785132,0.785132,1000
39330,0.002700787,2.700787,1000
39331,0.001456381,1.456381,1000
39332,0.000451432,0.451432,1000
39333,0.001051026,1.051026,1000
39334,0.001111805,1.111805,1000
39335,0.000858202,0.858202,1000
39336,0.000712368,0.712368,1000
39337,0.000649529,0.649529,1000
39338,0.00069286,0.69286,1000
39339,0.000721241,0.721241,1000
39340,0.000785145,0.785145,1000
39341,0.007795441,7.795441,1000
39342,0.000850708,0.850708,1000
39343,0.000953545,0.953545,1000
39344,0.003348002,3.348002,1000
39345,0.00062535,0.62535,1000
39346,0.062456759,62.456759,1000
39347,0.001284055,1.284055,1000
39348,0.00064177,0.64177,1000
39349,0.001039476,1.039476,1000
39350,0.000694916,0.694916,1000
39351,0.000887384,0.887384,1000
39352,0.00129514,1.29514,1000
39353,0.035996184,35.996184,1000
39354,0.001274708,1.274708,1000
39355,0.009115081,9.115081,1000
39356,0.000728823,0.728823,1000
39357,0.001070943,1.070943,1000
39358,0.000610913,0.610913,1000
39359,0.004822653,4.822653,1000
39360,0.057463057,57.463057,1000
39361,0.00305363,3.05363,1000
39362,0.000993186,0.993186,1000
39363,0.000847673,0.847673,1000
39364,0.000993186,0.993186,1000
39365,0.000993186,0.993186,1000
39366,0.000864268,0.864268,1000
39367,0.009274907,9.274907,1000
39368,0.000993186,0.993186,1000
39369,0.001024488,1.024488,1000
39370,0.005786028,5.786028,1000
39371,0.148396805,148.396805,1000
39372,0.148564514,148.564514,1000
39373,0.001611942,1.611942,1000
39374,0.003030092,3.030092,1000
39375,0.000790913,0.790913,1000
39376,0.000647175,0.647175,1000
39377,0.000724862,0.724862,1000
39378,0.002887478,2.887478,1000
39379,0.000863148,0.863148,1000
39380,0.000825969,0.825969,1000
39381,0.001009955,1.009955,1000
39382,0.000862466,0.862466,1000
39383,0.000806287,0.806287,1000
39384,0.006570591,6.570591,1000
39385,0.000993124,0.993124,1000
39386,0.001218918,1.218918,1000
39387,0.000820407,0.820407,1000
39388,0.009730343,9.730343,1000
39389,0.008141127,8.141127,1000
39390,0.00156957,1.56957,1000
39391,0.001505839,1.505839,1000
39392,0.001480195,1.480195,1000
39393,0.001620103,1.620103,1000
39394,0.001288328,1.288328,1000
39395,0.000599267,0.599267,1000
39396,0.000848161,0.848161,1000
39397,0.001230914,1.230914,1000
39398,0.007997169,7.997169,1000
39399,0.007264428,7.264428,1000
39400,0.001522903,1.522903,1000
39401,0.06457915,64.57915,1000
39402,0.000574229,0.574229,1000
39403,0.001062541,1.062541,1000
39404,0.000686457,0.686457,1000
39406,0.002371292,2.371292,1000
39407,0.001356662,1.356662,1000
39408,0.001186392,1.186392,1000
39409,0.021118016,21.118016,1000
39410,0.000532907,0.532907,1000
39411,0.002184565,2.184565,1000
39412,0.001006227,1.006227,1000
39413,0.211342165,211.342165,1000
39414,0.001132591,1.132591,1000
39415,0.817960762,817.960762,1000
39416,0.016311845,16.311845,1000
39417,0.00132566,1.32566,1000
39418,0.008559966,8.559966,1000
39419,0.026694654,26.694654,1000
39420,0.003385603,3.385603,1000
39421,0.284415195,284.415195,1000
39422,0.027053186,27.053186,1000
39423,0.001054752,1.054752,1000
39424,0.076373555,76.373555,1000
39425,0.075511329,75.511329,1000
39426,0.008692735,8.692735,1000
39427,0.001365776,1.365776,1000
39428,0.056610781,56.610781,1000
39429,0.075593547,75.593547,1000
39430,0.075055329,75.055329,1000
39432,0.000319485,0.319485,1000
39433,0.000780787,0.780787,1000
39434,0.00471658,4.71658,1000
39435,0.001134926,1.134926,1000
39436,0.003027133,3.027133,1000
39437,0.002707508,2.707508,1000
39438,0.056259425,56.259425,1000
39439,0.000903575,0.903575,1000
39440,0.008089142,8.089142,1000
39441,0.00103168,1.03168,1000
39442,0.003209174,3.209174,1000
39443,0.000713988,0.713988,1000
39444,0.000801821,0.801821,1000
39445,0.000820117,0.820117,1000
39446,0.000798789,0.798789,1000
39447,0.002212675,2.212675,1000
39448,0.00100189,1.00189,1000
39449,0.000837245,0.837245,1000
39450,0.000821632,0.821632,1000
39451,0.001002733,1.002733,1000
39452,0.001134926,1.134926,1000
39453,0.000586751,0.586751,1000
39454,0.000953545,0.953545,1000
39455,0.001181368,1.181368,1000
39456,0.002363495,2.363495,1000
39457,0.001741263,1.741263,1000
39458,0.014259203,14.259203,1000
39459,0.000881683,0.881683,1000
39460,0.019633173,19.633173,1000
39461,0.001484906,1.484906,1000
39462,0.001003825,1.003825,1000
39463,0.00068914,0.68914,1000
39464,0.003425585,3.425585,1000
39465,0.007924545,7.924545,1000
39466,0.00114829,1.14829,1000
39467,0.001181135,1.181135,1000
39468,0.00114796,1.14796,1000
39469,0.001361785,1.361785,1000
39470,0.000804431,0.804431,1000
39471,0.010033003,10.033003,1000
39472,0.000930228,0.930228,1000
39473,0.001520625,1.520625,1000
39474,0.00103168,1.03168,1000
39475,0.002655433,2.655433,1000
39476,0.001148693,1.148693,1000
39477,0.025433759,25.433759,1000
39478,0.002569149,2.569149,1000
39479,0.003098128,3.098128,1000
39480,0.000812046,0.812046,1000
39481,0.002813668,2.813668,1000
39482,0.058570434,58.570434,1000
39483,0.008623749,8.623749,1000
39484,0.000812963,0.812963,1000
39485,0.000825966,0.825966,1000
39486,0.325246657,325.246657,1000
39487,0.000464442,0.464442,1000
39488,0.007070247,7.070247,1000
39489,0.001062917,1.062917,1000
39490,0.000269865,0.269865,1000
39491,0.000960135,0.960135,1000
39492,0.000854048,0.854048,1000
39493,0.001523885,1.523885,1000
39494,0.000959225,0.959225,1000
39495,0.006982454,6.982454,1000
39496,0.00506947,5.06947,1000
39497,0.000869805,0.869805,1000
39498,0.000988051,0.988051,1000
39499,0.095624377,95.624377,1000
39500,0.00228123,2.28123,1000
39501,0.006138916,6.138916,1000
39502,0.000302222,0.302222,1000
39503,0.001161645,1.161645,1000
39504,0.00039481,0.39481,1000
39505,0.000682702,0.682702,1000
39506,0.00122105,1.22105,1000
39507,0.000961982,0.961982,1000
39508,0.004693408,4.693408,1000
39509,0.001042979,1.042979,1000
39510,0.001109154,1.109154,1000
39511,0.000860367,0.860367,1000
39512,0.000530884,0.530884,1000
39513,0.000930333,0.930333,1000
39514,0.001384325,1.384325,1000
39515,0.000933222,0.933222,1000
39516,0.000435363,0.435363,1000
39517,0.100513324,100.513324,1000
39518,0.040045595,40.045595,1000
39519,0.002597033,2.597033,1000
39520,0.000991018,0.991018,1000
39521,0.00103168,1.03168,1000
39522,0.0033249,3.3249,1000
39523,0.00065534,0.65534,1000
39524,0.000783777,0.783777,1000
39525,0.000627727,0.627727,1000
39526,0.001523885,1.523885,1000
39527,0.000565313,0.565313,1000
39528,0.000619014,0.619014,1000
39529,0.000919815,0.919815,1000
39530,0.001593884,1.593884,1000
39531,0.001028455,1.028455,1000
39532,0.001035321,1.035321,1000
39533,0.001300831,1.300831,1000
39534,0.0010083,1.0083,1000
39535,0.008722454,8.722454,1000
39536,0.003743131,3.743131,1000
39537,0.000744367,0.744367,1000
39538,0.001505839,1.505839,1000
39539,0.017518167,17.518167,1000
39540,0.000553002,0.553002,1000
39541,0.005125934,5.125934,1000
39542,0.000720215,0.720215,1000
39543,0.004132267,4.132267,1000
39544,0.000798789,0.798789,1000
39545,0.000900195,0.900195,1000
39546,0.001249753,1.249753,1000
39547,0.001558629,1.558629,1000
39548,0.000489543,0.489543,1000
39549,0.003986598,3.986598,1000
39550,0.019924002,19.924002,1000
39551,0.000839559,0.839559,1000
39552,0.00300876,3.00876,1000
39553,0.00134696,1.34696,1000
39554,0.001042979,1.042979,1000
39555,0.013260669,13.260669,1000
39556,0.000617722,0.617722,1000
39557,0.001246624,1.246624,1000
39558,0.00068408,0.68408,1000
39559,0.000310922,0.310922,1000
39560,0.001547867,1.547867,1000
39561,0.000772979,0.772979,1000
39562,0.001749287,1.749287,1000
39563,0.000825966,0.825966,1000
39564,0.00113232,1.13232,1000
39565,0.001453099,1.453099,1000
39566,0.001457786,1.457786,1000
39567,0.000425965,0.425965,1000
39568,0.001749287,1.749287,1000
39569,0.000454894,0.454894,1000
39570,0.007926686,7.926686,1000
39571,0.00298621,2.98621,1000
39572,0.006454787,6.454787,1000
39573,0.001569128,1.569128,1000
39574,0.003818843,3.818843,1000
39575,0.000457346,0.457346,1000
39576,0.000844225,0.844225,1000
39577,0.000424957,0.424957,1000
39578,0.251763285,251.763285,1000
39579,0.000784326,0.784326,1000
39580,0.148445491,148.445491,1000
39581,0.016050049,16.050049,1000
39582,0.022648014,22.648014,1000
39583,0.001542492,1.542492,1000
39584,0.016380854,16.380854,1000
39585,0.002792819,2.792819,1000
39586,0.001061881,1.061881,1000
39587,0.096856128,96.856128,1000
39588,0.00283101,2.83101,1000
39589,0.099315727,99.315727,1000
39590,0.001717017,1.717017,1000
39591,0.018288368,18.288368,1000
39592,0.000313711,0.313711,1000
39593,0.003864379,3.864379,1000
39594,0.001071083,1.071083,1000
39595,0.000410703,0.410703,1000
39596,0.002799091,2.799091,1000
39597,0.001344532,1.344532,1000
39598,0.009990415,9.990415,1000
39599,0.004989539,4.989539,1000
39600,0.000719162,0.719162,1000
39601,0.000548772,0.548772,1000
39602,0.000704191,0.704191,1000
39603,0.121674461,121.674461,1000
39604,0.000981072,0.981072,1000
39605,0.000757992,0.757992,1000
39606,0.006091133,6.091133,1000
39607,0.000738534,0.738534,1000
39608,0.006531469,6.531469,1000
39609,0.004305264,4.305264,1000
39610,0.012085379,12.085379,1000
39611,0.001217744,1.217744,1000
39612,0.002694333,2.694333,1000
39613,0.000492331,0.492331,1000
39614,0.006903523,6.903523,1000
39615,0.00294955,2.94955,1000
39616,0.008100368,8.100368,1000
39617,0.000550202,0.550202,1000
39618,0.016093561,16.093561,1000
39619,0.019140478,19.140478,1000
39620,0.015831733,15.831733,1000
39621,0.000888244,0.888244,1000
39622,0.000711703,0.711703,1000
39623,0.000399365,0.399365,1000
39624,0.000938812,0.938812,1000
39625,0.008055807,8.055807,1000
39626,0.011281777,11.281777,1000
39627,0.000803543,0.803543,1000
39628,0.000848874,0.848874,1000
39629,0.00103168,1.03168,1000
39630,0.00104294,1.04294,1000
39631,0.473901702,473.901702,1000
39632,0.000734546,0.734546,1000
39633,0.000537425,0.537425,1000
39634,0.000451561,0.451561,1000
39635,0.009271885,9.271885,1000
39636,0.000781689,0.781689,1000
39637,0.003320087,3.320087,1000
39638,0.001000921,1.000921,1000
39639,0.000952988,0.952988,1000
39640,0.00084888,0.84888,1000
39641,0.001357666,1.357666,1000
39642,0.010442665,10.442665,1000
39643,0.000663417,0.663417,1000
39644,0.000589732,0.589732,1000
39645,0.004176531,4.176531,1000
39646,0.00108252,1.08252,1000
39647,0.003411602,3.411602,1000
39648,0.000889981,0.889981,1000
39649,0.001099294,1.099294,1000
39650,0.000692971,0.692971,1000
39651,0.008246313,8.246313,1000
39652,0.004470209,4.470209,1000
39653,0.008200392,8.200392,1000
39654,0.001282638,1.282638,1000
39655,0.000738771,0.738771,1000
39656,0.001333675,1.333675,1000
39657,0.000955037,0.955037,1000
39658,0.001598603,1.598603,1000
39659,0.000987041,0.987041,1000
39660,0.001062519,1.062519,1000
39661,0.001071083,1.071083,1000
39663,0.001505839,1.505839,1000
39664,0.000629669,0.629669,1000
39665,0.000366806,0.366806,1000
39666,0.008323208,8.323208,1000
39667,0.000874515,0.874515,1000
39668,0.001525076,1.525076,1000
39669,0.001054906,1.054906,1000
39670,0.005058525,5.058525,1000
39671,0.000672025,0.672025,1000
39672,0.008442714,8.442714,1000
39673,0.063102652,63.102652,1000
39674,0.001525312,1.525312,1000
39675,0.001011936,1.011936,1000
39676,0.000877179,0.877179,1000
39677,0.14844277,148.44277,1000
39678,0.012124671,12.124671,1000
39679,0.000935513,0.935513,1000
39680,0.001326511,1.326511,1000
39681,0.000751224,0.751224,1000
39682,0.002885711,2.885711,1000
39683,0.000396967,0.396967,1000
39684,0.00077742,0.77742,1000
39685,0.000834963,0.834963,1000
39686,0.0050227,5.0227,1000
39687,0.00440329,4.40329,1000
39688,0.121410308,121.410308,1000
39689,0.016060196,16.060196,1000
39690,0.001205656,1.205656,1000
39691,0.000681588,0.681588,1000
39692,0.016273824,16.273824,1000
39693,0.374141206,374.141206,1000
39694,0.000883164,0.883164,1000
39695,0.001013362,1.013362,1000
39696,0.00060813,0.60813,1000
39697,0.000945267,0.945267,1000
39698,0.00074722,0.74722,1000
39699,0.000825969,0.825969,1000
39700,0.008311934,8.311934,1000
39701,0.000762591,0.762591,1000
39702,0.000850835,0.850835,1000
39703,0.002909142,2.909142,1000
39704,0.00043644,0.43644,1000
39705,0.001867936,1.867936,1000
39706,0.000781294,0.781294,1000
39707,0.00074667,0.74667,1000
39708,0.001567233,1.567233,1000
39709,0.007209189,7.209189,1000
39710,0.008627633,8.627633,1000
39711,0.004822653,4.822653,1000
39712,0.040096449,40.096449,1000
39713,0.000872097,0.872097,1000
39714,0.002754923,2.754923,1000
39715,0.000919411,0.919411,1000
39716,0.000831677,0.831677,1000
39717,0.001015081,1.015081,1000
39718,0.000844584,0.844584,1000
39719,0.00084056,0.84056,1000
39720,0.004295221,4.295221,1000
39721,0.001181935,1.181935,1000
39722,0.001243259,1.243259,1000
39723,0.025554199,25.554199,1000
39724,0.014198828,14.198828,1000
39725,0.001042979,1.042979,1000
39726,0.000798611,0.798611,1000
39727,0.003996935,3.996935,1000
39728,0.003223732,3.223732,1000
39729,0.001092665,1.092665,1000
39730,0.000911319,0.911319,1000
39731,0.000813257,0.813257,1000
39732,0.001167063,1.167063,1000
39733,0.001853114,1.853114,1000
39734,0.000662077,0.662077,1000
39735,0.001295106,1.295106,1000
39736,0.001898323,1.898323,1000
39737,0.001658202,1.658202,1000
39738,0.000747726,0.747726,1000
39739,0.144630265,144.630265,1000
39740,0.000851031,0.851031,1000
39741,0.001050885,1.050885,1000
39742,0.000651029,0.651029,1000
39743,0.00084386,0.84386,1000
39744,0.000833611,0.833611,1000
39745,0.01509616,15.09616,1000
39746,0.000805314,0.805314,1000
39747,0.002863205,2.863205,1000
39748,0.000790972,0.790972,1000
39749,0.001044721,1.044721,1000
39750,0.001042957,1.042957,1000
39751,0.001042957,1.042957,1000
39752,0.001044721,1.044721,1000
39753,0.001062519,1.062519,1000
39754,0.001711425,1.711425,1000
39755,0.000546196,0.546196,1000
39756,0.001542492,1.542492,1000
39757,0.001071083,1.071083,1000
39758,0.008735811,8.735811,1000
39759,0.001054518,1.054518,1000
39760,0.000874464,0.874464,1000
39761,0.00137604,1.37604,1000
39762,0.000790946,0.790946,1000
39763,0.002038148,2.038148,1000
39764,0.00246759,2.46759,1000
39765,0.002841274,2.841274,1000
39766,0.001101957,1.101957,1000
39767,0.000708387,0.708387,1000
39768,0.000943105,0.943105,1000
39769,0.003331376,3.331376,1000
39770,0.000729963,0.729963,1000
39771,0.003300287,3.300287,1000
39772,0.0006773,0.6773,1000
39773,0.001070943,1.070943,1000
39774,0.001224407,1.224407,1000
39775,0.000993186,0.993186,1000
39776,0.001074163,1.074163,1000
39777,0.002225151,2.225151,1000
39778,0.002211246,2.211246,1000
39779,0.00405888,4.05888,1000
39780,0.001613313,1.613313,1000
39781,0.000584688,0.584688,1000
39782,0.000844277,0.844277,1000
39783,0.000955037,0.955037,1000
39784,0.001876439,1.876439,1000
39785,0.002388937,2.388937,1000
39786,0.000975182,0.975182,1000
39787,0.015699364,15.699364,1000
39788,0.000669177,0.669177,1000
39789,0.000365692,0.365692,1000
39790,0.000659032,0.659032,1000
39791,0.00061028,0.61028,1000
39792,0.000849206,0.849206,1000
39793,0.000656302,0.656302,1000
39794,0.000753265,0.753265,1000
39795,0.001612347,1.612347,1000
39796,0.001134919,1.134919,1000
39797,0.002020865,2.020865,1000
39798,0.000976813,0.976813,1000
39799,0.010559719,10.559719,1000
39800,0.00124055,1.24055,1000
39801,0.006266718,6.266718,1000
39802,0.001306839,1.306839,1000
39803,0.001042957,1.042957,1000
39804,0.000990147,0.990147,1000
39805,0.008139347,8.139347,1000
39806,0.050574507,50.574507,1000
39807,0.001141219,1.141219,1000
39808,0.001811264,1.811264,1000
39809,0.00104294,1.04294,1000
39810,0.002163042,2.163042,1000
39811,0.000508884,0.508884,1000
39812,0.001446567,1.446567,1000
39813,0.004544042,4.544042,1000
39814,0.001558021,1.558021,1000
39815,0.000697018,0.697018,1000
39816,0.000678577,0.678577,1000
39817,0.001172718,1.172718,1000
39818,0.000618357,0.618357,1000
39819,0.001062541,1.062541,1000
39820,0.002789418,2.789418,1000
39821,0.001613369,1.613369,1000
39822,0.00117843,1.17843,1000
39823,0.000554631,0.554631,1000
39824,0.012629843,12.629843,1000
39825,0.001505839,1.505839,1000
39826,0.000498765,0.498765,1000
39827,0.002901638,2.901638,1000
39828,0.003018107,3.018107,1000
39829,0.013826027,13.826027,1000
39830,0.001255479,1.255479,1000
39831,0.000823687,0.823687,1000
39832,0.246266131,246.266131,1000
39833,0.003238991,3.238991,1000
39834,0.002411677,2.411677,1000
39835,0.004293599,4.293599,1000
39836,0.002742814,2.742814,1000
39837,0.006692621,6.692621,1000
39839,0.001121244,1.121244,1000
39840,0.032755951,32.755951,1000
39841,0.003711064,3.711064,1000
39842,0.000649831,0.649831,1000
39843,0.00051741,0.51741,1000
39844,0.000379325,0.379325,1000
39845,0.00075836,0.75836,1000
39846,0.000604052,0.604052,1000
39847,0.000748083,0.748083,1000
39848,0.039994944,39.994944,1000
39849,0.000802503,0.802503,1000
39850,0.003482008,3.482008,1000
39851,0.004090979,4.090979,1000
39852,0.002629579,2.629579,1000
39853,0.000937396,0.937396,1000
39854,0.001047365,1.047365,1000
39855,0.000732704,0.732704,1000
39856,0.284694512,284.694512,1000
39857,0.00087758,0.87758,1000
39858,0.001065355,1.065355,1000
39859,0.016380969,16.380969,1000
39860,0.001523569,1.523569,1000
39861,0.000461427,0.461427,1000
39862,0.001173337,1.173337,1000
39863,0.000643184,0.643184,1000
39864,0.001505839,1.505839,1000
39865,0.001952309,1.952309,1000
39866,0.00114829,1.14829,1000
39867,0.001387805,1.387805,1000
39868,0.000814011,0.814011,1000
39869,0.002607776,2.607776,1000
39870,0.000623567,0.623567,1000
39871,0.001092545,1.092545,1000
39872,0.000783777,0.783777,1000
39873,0.001124571,1.124571,1000
39874,0.003812694,3.812694,1000
39875,0.001351845,1.351845,1000
39876,0.001343614,1.343614,1000
39877,0.000841041,0.841041,1000
39878,0.000766958,0.766958,1000
39879,0.004936505,4.936505,1000
39880,0.001457786,1.457786,1000
39881,0.017718885,17.718885,1000
39882,0.003357006,3.357006,1000
39883,0.000668978,0.668978,1000
39884,0.00093712,0.93712,1000
39885,0.000627153,0.627153,1000
39886,0.001440046,1.440046,1000
39887,0.00104926,1.04926,1000
39888,0.001133025,1.133025,1000
39889,0.001281787,1.281787,1000
39890,0.00078378,0.78378,1000
39891,0.001196076,1.196076,1000
39892,0.001150152,1.150152,1000
39893,0.001197577,1.197577,1000
39894,0.000688659,0.688659,1000
39895,0.000652102,0.652102,1000
39896,0.000668166,0.668166,1000
39897,0.002950114,2.950114,1000
39898,0.001290565,1.290565,1000
39899,0.003889587,3.889587,1000
39900,0.000689839,0.689839,1000
39901,0.001071083,1.071083,1000
39902,0.000582886,0.582886,1000
39903,0.002207987,2.207987,1000
39904,0.001480218,1.480218,1000
39905,0.000976676,0.976676,1000
39906,0.000573093,0.573093,1000
39907,0.001304749,1.304749,1000
39908,0.001067106,1.067106,1000
39909,0.000837276,0.837276,1000
39910,0.000563378,0.563378,1000
39911,0.000845024,0.845024,1000
39912,0.000826852,0.826852,1000
39913,0.000916684,0.916684,1000
39914,0.000366722,0.366722,1000
39915,0.000982522,0.982522,1000
39916,0.000784206,0.784206,1000
39917,0.001315818,1.315818,1000
39918,0.001089624,1.089624,1000
39919,0.001006227,1.006227,1000
39920,0.000878351,0.878351,1000
39921,0.000753569,0.753569,1000
39922,0.000923913,0.923913,1000
39923,0.009213592,9.213592,1000
39924,0.000831778,0.831778,1000
39925,0.001144266,1.144266,1000
39926,0.00077595,0.77595,1000
39927,0.00103168,1.03168,1000
39928,0.001043863,1.043863,1000
39929,0.001042957,1.042957,1000
39930,0.001044721,1.044721,1000
39931,0.000588922,0.588922,1000
39932,0.000875518,0.875518,1000
39933,0.064580577,64.580577,1000
39934,0.000839634,0.839634,1000
39935,0.001495144,1.495144,1000
39936,0.000569529,0.569529,1000
39937,0.001772999,1.772999,1000
39938,0.001637817,1.637817,1000
39939,0.000814548,0.814548,1000
39940,0.000706584,0.706584,1000
39941,0.00818765,8.18765,1000
39942,0.000725584,0.725584,1000
39943,0.000675229,0.675229,1000
39944,0.003135145,3.135145,1000
39945,0.008033424,8.033424,1000
39946,0.000988925,0.988925,1000
39947,0.00081312,0.81312,1000
39948,0.001001654,1.001654,1000
39949,0.001635371,1.635371,1000
39950,0.000728396,0.728396,1000
39951,0.00073063,0.73063,1000
39952,0.000816047,0.816047,1000
39953,0.013991922,13.991922,1000
39954,0.075417866,75.417866,1000
39955,0.000585631,0.585631,1000
39956,0.000532386,0.532386,1000
39957,0.595286263,595.286263,1000
39958,0.001385449,1.385449,1000
39959,0.003220536,3.220536,1000
39960,0.000655843,0.655843,1000
39961,0.000832631,0.832631,1000
39962,0.000852353,0.852353,1000
39963,0.001010701,1.010701,1000
39964,0.015470866,15.470866,1000
39965,0.001053058,1.053058,1000
39966,0.001823622,1.823622,1000
39967,0.00115367,1.15367,1000
39968,0.001416415,1.416415,1000
39969,0.016000989,16.000989,1000
39970,0.001255912,1.255912,1000
39971,0.003826979,3.826979,1000
39972,0.001257884,1.257884,1000
39973,0.000814912,0.814912,1000
39974,0.005387449,5.387449,1000
39975,0.000894091,0.894091,1000
39976,0.000760638,0.760638,1000
39977,0.015854166,15.854166,1000
39978,0.001042957,1.042957,1000
39979,0.017342063,17.342063,1000
39980,0.00067763,0.67763,1000
39981,0.001187853,1.187853,1000
39982,0.001566994,1.566994,1000
39983,0.000783777,0.783777,1000
39984,0.000890277,0.890277,1000
39985,0.004656218,4.656218,1000
39986,0.002233918,2.233918,1000
39987,0.001015484,1.015484,1000
39988,0.001377888,1.377888,1000
39989,0.000953545,0.953545,1000
39990,0.00125653,1.25653,1000
39991,0.003151056,3.151056,1000
39992,0.002672322,2.672322,1000
39993,0.003686083,3.686083,1000
39994,0.076448508,76.448508,1000
39995,0.016012221,16.012221,1000
39996,0.002929838,2.929838,1000
39997,0.000678265,0.678265,1000
39998,0.001738809,1.738809,1000
39999,0.001722374,1.722374,1000
40000,0.020684378,20.684378,1000
40001,0.002379716,2.379716,1000
40002,0.001221487,1.221487,1000
40003,0.00728537,7.28537,1000
40004,0.000855116,0.855116,1000
40005,0.000783777,0.783777,1000
40006,0.003011932,3.011932,1000
40007,0.010912854,10.912854,1000
40008,0.002956366,2.956366,1000
40009,0.027588875,27.588875,1000
40010,0.000663629,0.663629,1000
40011,0.000458254,0.458254,1000
40012,0.121387619,121.387619,1000
40013,0.578796007,578.796007,1000
40014,0.075620535,75.620535,1000
40015,0.018638784,18.638784,1000
40016,0.362230135,362.230135,1000
40017,0.001258003,1.258003,1000
40018,0.002945189,2.945189,1000
40019,0.096839025,96.839025,1000
40020,0.000423119,0.423119,1000
40021,0.001213653,1.213653,1000
40022,0.039987772,39.987772,1000
40023,0.038364267,38.364267,1000
40024,0.056202145,56.202145,1000
40025,0.002833645,2.833645,1000
40026,0.150943734,150.943734,1000
40027,0.003123062,3.123062,1000
40028,0.629374512,629.374512,1000
40029,0.007910992,7.910992,1000
40030,0.000976012,0.976012,1000
40031,0.003095657,3.095657,1000
40032,0.026665047,26.665047,1000
40033,0.000571934,0.571934,1000
40034,0.001040573,1.040573,1000
40035,0.026750544,26.750544,1000
40036,0.000548965,0.548965,1000
40037,0.034476012,34.476012,1000
40038,0.05689379,56.89379,1000
40039,0.00094784,0.94784,1000
40040,0.416249805,416.249805,1000
40041,0.096744736,96.744736,1000
40042,0.121221946,121.221946,1000
40043,0.036448176,36.448176,1000
40044,0.051904207,51.904207,1000
40045,0.001097456,1.097456,1000
40046,0.000591228,0.591228,1000
40047,0.416040491,416.040491,1000
40048,0.001299092,1.299092,1000
40049,0.001122551,1.122551,1000
40050,0.016226286,16.226286,1000
40051,0.003262128,3.262128,1000
40052,0.000627433,0.627433,1000
40053,0.00114488,1.14488,1000
40054,0.066717562,66.717562,1000
40055,0.001932965,1.932965,1000
40056,0.015862509,15.862509,1000
40057,0.056405553,56.405553,1000
40058,0.001383261,1.383261,1000
40059,0.178553869,178.553869,1000
40060,0.01598736,15.98736,1000
40061,0.00299968,2.99968,1000
40062,0.001047377,1.047377,1000
40063,0.001106521,1.106521,1000
40064,0.000973784,0.973784,1000
40065,0.002658852,2.658852,1000
40066,0.000559917,0.559917,1000
40067,0.056260073,56.260073,1000
40068,0.009921313,9.921313,1000
40069,0.002528043,2.528043,1000
40070,0.576898295,576.898295,1000
40071,0.000845094,0.845094,1000
40072,0.000769639,0.769639,1000
40073,0.007974931,7.974931,1000
40074,0.008135036,8.135036,1000
40075,0.016338945,16.338945,1000
40076,0.001771216,1.771216,1000
40077,0.039217301,39.217301,1000
40078,0.000251636,0.251636,1000
40079,0.003541662,3.541662,1000
40080,0.000416004,0.416004,1000
40081,0.002207987,2.207987,1000
40082,0.001070943,1.070943,1000
40083,0.017225414,17.225414,1000
40084,0.00045629,0.45629,1000
40085,0.692635371,692.635371,1000
40086,0.002917667,2.917667,1000
40087,0.001988576,1.988576,1000
40088,0.000954951,0.954951,1000
40089,0.000655238,0.655238,1000
40090,0.211726399,211.726399,1000
40092,0.000727583,0.727583,1000
40093,0.040116813,40.116813,1000
40094,0.178913877,178.913877,1000
40095,0.000804043,0.804043,1000
40096,0.00045308,0.45308,1000
40097,0.000468637,0.468637,1000
40098,0.008830196,8.830196,1000
40099,0.001520493,1.520493,1000
40100,0.0011657,1.1657,1000
40101,0.000606802,0.606802,1000
40102,0.486541229,486.541229,1000
40103,0.008373254,8.373254,1000
40104,0.026715672,26.715672,1000
40105,0.096944161,96.944161,1000
40106,0.005981601,5.981601,1000
40107,0.010397101,10.397101,1000
40108,0.001606087,1.606087,1000
40109,0.000740628,0.740628,1000
40110,0.002828785,2.828785,1000
40111,0.000823949,0.823949,1000
40112,0.001130624,1.130624,1000
40113,0.00132676,1.32676,1000
40114,0.179208556,179.208556,1000
40115,0.001637836,1.637836,1000
40116,0.005785596,5.785596,1000
40117,0.00080002,0.80002,1000
40118,0.000609492,0.609492,1000
40119,0.178375488,178.375488,1000
40120,0.000808164,0.808164,1000
40121,0.36985672,369.85672,1000
40122,0.00085479,0.85479,1000
40123,0.001443182,1.443182,1000
40124,0.002818215,2.818215,1000
40125,0.096897006,96.897006,1000
40126,0.000431056,0.431056,1000
40127,0.000473145,0.473145,1000
40128,0.00165777,1.65777,1000
40129,0.00144728,1.44728,1000
40130,0.007236082,7.236082,1000
40131,0.001150006,1.150006,1000
40132,0.00900549,9.00549,1000
40133,0.019782938,19.782938,1000
40134,0.370878232,370.878232,1000
40135,0.039957616,39.957616,1000
40136,0.003706376,3.706376,1000
40137,0.001018717,1.018717,1000
40138,0.001310908,1.310908,1000
40139,0.246420061,246.420061,1000
40140,0.3273101,327.3101,1000
40141,0.001327025,1.327025,1000
40142,0.001293858,1.293858,1000
40143,0.000501387,0.501387,1000
40144,0.016103844,16.103844,1000
40145,0.000661269,0.661269,1000
40146,0.001016163,1.016163,1000
40147,0.041926195,41.926195,1000
40148,0.005265871,5.265871,1000
40149,0.002878137,2.878137,1000
40150,0.000696336,0.696336,1000
40151,0.327327846,327.327846,1000
40152,0.000489605,0.489605,1000
40153,0.001305163,1.305163,1000
40154,0.003598859,3.598859,1000
40155,0.004357529,4.357529,1000
40156,0.006211424,6.211424,1000
40157,0.002995142,2.995142,1000
40158,0.00145021,1.45021,1000
40159,0.016975932,16.975932,1000
40160,0.000783824,0.783824,1000
40161,0.301772865,301.772865,1000
40162,0.000748058,0.748058,1000
40163,0.006392158,6.392158,1000
40164,0.000920585,0.920585,1000
40165,0.000370752,0.370752,1000
40166,0.001042957,1.042957,1000
40167,0.00126989,1.26989,1000
40168,0.005579707,5.579707,1000
40169,0.000388215,0.388215,1000
40170,0.003296212,3.296212,1000
40171,0.075197358,75.197358,1000
40172,0.06457589,64.57589,1000
40173,0.00342611,3.42611,1000
40174,0.003102091,3.102091,1000
40175,0.026695239,26.695239,1000
40176,0.000598656,0.598656,1000
40177,0.007932208,7.932208,1000
40178,0.000291935,0.291935,1000
40179,0.057730845,57.730845,1000
40180,0.000772101,0.772101,1000
40181,0.00029295,0.29295,1000
40182,0.001361855,1.361855,1000
40183,0.002913746,2.913746,1000
40184,0.04015022,40.15022,1000
40185,0.000873382,0.873382,1000
40186,0.028922311,28.922311,1000
40187,0.001237756,1.237756,1000
40188,0.001057527,1.057527,1000
40189,0.000338593,0.338593,1000
40190,0.325641193,325.641193,1000
40191,0.000658616,0.658616,1000
40192,0.000792304,0.792304,1000
40193,0.00055732,0.55732,1000
40194,0.01607778,16.07778,1000
40195,0.039995098,39.995098,1000
40196,0.000937311,0.937311,1000
40197,0.005315429,5.315429,1000
40198,0.210899858,210.899858,1000
40199,0.075777334,75.777334,1000
40200,0.000774458,0.774458,1000
40201,0.00041798,0.41798,1000
40202,0.001042957,1.042957,1000
40203,0.000427391,0.427391,1000
40204,0.026960558,26.960558,1000
40205,0.029325191,29.325191,1000
40206,0.000935513,0.935513,1000
40207,0.001893803,1.893803,1000
40208,0.004148286,4.148286,1000
40209,0.000669511,0.669511,1000
40210,0.001195313,1.195313,1000
40211,0.001376162,1.376162,1000
40212,0.027268487,27.268487,1000
40213,0.001750714,1.750714,1000
40214,0.000861396,0.861396,1000
40215,0.005191085,5.191085,1000
40216,0.006765303,6.765303,1000
40217,0.000715668,0.715668,1000
40218,0.015163863,15.163863,1000
40219,0.0368437,36.8437,1000
40220,0.000995317,0.995317,1000
40221,0.016540098,16.540098,1000
40222,0.0174839,17.4839,1000
40223,0.003152859,3.152859,1000
40224,0.002951874,2.951874,1000
40225,0.013826027,13.826027,1000
40226,0.006607197,6.607197,1000
40227,0.000952786,0.952786,1000
40228,0.000993186,0.993186,1000
40229,0.000790942,0.790942,1000
40230,0.00104294,1.04294,1000
40231,0.001784561,1.784561,1000
40232,0.000845551,0.845551,1000
40233,0.000622682,0.622682,1000
40234,0.001972271,1.972271,1000
40235,0.000646952,0.646952,1000
40236,0.001054808,1.054808,1000
40237,0.039957153,39.957153,1000
40238,0.000878348,0.878348,1000
40239,0.017043343,17.043343,1000
40240,0.001523042,1.523042,1000
40241,0.001246916,1.246916,1000
40242,0.015891178,15.891178,1000
40243,0.001205656,1.205656,1000
40244,0.001207896,1.207896,1000
40245,0.000718441,0.718441,1000
40246,0.001072579,1.072579,1000
40247,0.043300234,43.300234,1000
40248,0.000781431,0.781431,1000
40249,0.002700524,2.700524,1000
40250,0.121450304,121.450304,1000
40251,0.001141219,1.141219,1000
40252,0.005697528,5.697528,1000
40253,0.001323321,1.323321,1000
40254,0.000627989,0.627989,1000
40255,0.001643513,1.643513,1000
40256,0.000588034,0.588034,1000
40257,0.002745388,2.745388,1000
40258,0.000935513,0.935513,1000
40259,0.008179425,8.179425,1000
40260,0.000664037,0.664037,1000
40261,0.001398832,1.398832,1000
40262,0.000897078,0.897078,1000
40263,0.001237815,1.237815,1000
40264,0.005804873,5.804873,1000
40265,0.001569628,1.569628,1000
40266,0.002191571,2.191571,1000
40267,0.002017282,2.017282,1000
40268,0.010090846,10.090846,1000
40269,0.001330285,1.330285,1000
40270,0.000826136,0.826136,1000
40271,0.001113197,1.113197,1000
40272,0.064580577,64.580577,1000
40273,0.002836884,2.836884,1000
40274,0.000960681,0.960681,1000
40275,0.000465446,0.465446,1000
40276,0.000985835,0.985835,1000
40278,0.001520388,1.520388,1000
40279,0.000592741,0.592741,1000
40280,0.008065837,8.065837,1000
40281,0.000922241,0.922241,1000
40282,0.000568957,0.568957,1000
40283,0.014940212,14.940212,1000
40284,0.000813123,0.813123,1000
40285,0.001609843,1.609843,1000
40286,0.013525858,13.525858,1000
40287,0.001155282,1.155282,1000
40288,0.007040646,7.040646,1000
40289,0.001044721,1.044721,1000
40290,0.001157347,1.157347,1000
40291,0.001071066,1.071066,1000
40292,0.000544756,0.544756,1000
40293,0.001329583,1.329583,1000
40294,0.002885842,2.885842,1000
40295,0.000620977,0.620977,1000
40296,0.000785294,0.785294,1000
40297,0.000650315,0.650315,1000
40298,0.000774765,0.774765,1000
40299,0.001785445,1.785445,1000
40300,0.003260917,3.260917,1000
40301,0.00062237,0.62237,1000
40302,0.000597808,0.597808,1000
40303,0.001122552,1.122552,1000
40304,0.038166969,38.166969,1000
40305,0.00061789,0.61789,1000
40306,0.001406815,1.406815,1000
40307,0.001062519,1.062519,1000
40308,0.000901594,0.901594,1000
40309,0.000878803,0.878803,1000
40310,0.284536493,284.536493,1000
40311,0.000882371,0.882371,1000
40312,0.002520654,2.520654,1000
40313,0.000901858,0.901858,1000
40314,0.001603546,1.603546,1000
40315,0.000406595,0.406595,1000
40316,0.001004991,1.004991,1000
40317,0.000715972,0.715972,1000
40318,0.000794649,0.794649,1000
40319,0.000792957,0.792957,1000
40320,0.000869284,0.869284,1000
40321,0.001044721,1.044721,1000
40322,0.000977131,0.977131,1000
40323,0.000963771,0.963771,1000
40324,0.000473936,0.473936,1000
40325,0.008019137,8.019137,1000
40326,0.000963777,0.963777,1000
40327,0.000838088,0.838088,1000
40328,0.000282613,0.282613,1000
40329,0.026957438,26.957438,1000
40330,0.001014983,1.014983,1000
40331,0.001505209,1.505209,1000
40332,0.000843695,0.843695,1000
40333,0.001160984,1.160984,1000
40334,0.000358587,0.358587,1000
40335,0.000602648,0.602648,1000
40336,0.001081154,1.081154,1000
40337,0.000769064,0.769064,1000
40338,0.000889711,0.889711,1000
40339,0.001259776,1.259776,1000
40340,0.000783777,0.783777,1000
40341,0.000724798,0.724798,1000
40342,0.000915184,0.915184,1000
40343,0.000658172,0.658172,1000
40344,0.001379731,1.379731,1000
40345,0.001505839,1.505839,1000
40346,0.00118981,1.18981,1000
40347,0.000580868,0.580868,1000
40348,0.000828775,0.828775,1000
40349,0.001362681,1.362681,1000
40350,0.000635515,0.635515,1000
40351,0.001047895,1.047895,1000
40352,0.005209024,5.209024,1000
40353,0.00114796,1.14796,1000
40354,0.150115955,150.115955,1000
40355,0.000686802,0.686802,1000
40356,0.003034992,3.034992,1000
40357,0.325796313,325.796313,1000
40358,0.002154771,2.154771,1000
40359,0.00081312,0.81312,1000
40360,0.000969304,0.969304,1000
40361,0.001011936,1.011936,1000
40362,0.002280679,2.280679,1000
40363,0.006536729,6.536729,1000
40364,0.000470693,0.470693,1000
40365,0.001197517,1.197517,1000
40366,0.009174445,9.174445,1000
40367,0.040020778,40.020778,1000
40368,0.000611635,0.611635,1000
40369,0.004768856,4.768856,1000
40370,0.001024048,1.024048,1000
40371,0.000783777,0.783777,1000
40372,0.000698316,0.698316,1000
40373,0.000811077,0.811077,1000
40374,0.001762659,1.762659,1000
40375,0.00092221,0.92221,1000
40376,0.001042957,1.042957,1000
40377,0.008270075,8.270075,1000
40378,0.000852749,0.852749,1000
40379,0.00091097,0.91097,1000
40380,0.000729071,0.729071,1000
40381,0.001576168,1.576168,1000
40382,0.000878351,0.878351,1000
40383,0.027594475,27.594475,1000
40384,0.000937184,0.937184,1000
40385,0.000726264,0.726264,1000
40386,0.000873269,0.873269,1000
40387,0.014624089,14.624089,1000
40388,0.098264058,98.264058,1000
40389,0.464496178,464.496178,1000
40390,0.000816458,0.816458,1000
40391,0.000672307,0.672307,1000
40392,0.001717017,1.717017,1000
40393,0.000831172,0.831172,1000
40394,0.000311445,0.311445,1000
40395,0.000879846,0.879846,1000
40396,0.00079703,0.79703,1000
40397,0.000972987,0.972987,1000
40398,0.001510527,1.510527,1000
40399,0.000701704,0.701704,1000
40400,0.001134919,1.134919,1000
40401,0.001321031,1.321031,1000
40402,0.001124571,1.124571,1000
40403,0.000779965,0.779965,1000
40404,0.001584019,1.584019,1000
40405,0.000830587,0.830587,1000
40406,0.001175352,1.175352,1000
40407,0.000993186,0.993186,1000
40408,0.001134926,1.134926,1000
40409,0.000580668,0.580668,1000
40410,0.00061416,0.61416,1000
40411,0.006317658,6.317658,1000
40412,0.000938262,0.938262,1000
40413,0.000411547,0.411547,1000
40414,0.000700756,0.700756,1000
40415,0.000822321,0.822321,1000
40416,0.000591823,0.591823,1000
40417,0.000531448,0.531448,1000
40418,0.000990959,0.990959,1000
40419,0.001471905,1.471905,1000
40420,0.001152443,1.152443,1000
40421,0.000674381,0.674381,1000
40422,0.000653363,0.653363,1000
40423,0.000714832,0.714832,1000
40424,0.000951837,0.951837,1000
40425,0.001510527,1.510527,1000
40426,0.002854747,2.854747,1000
40427,0.001042979,1.042979,1000
40428,0.262393709,262.393709,1000
40429,0.004857506,4.857506,1000
40430,0.002061224,2.061224,1000
40431,0.002328649,2.328649,1000
40432,0.001043007,1.043007,1000
40433,0.000585173,0.585173,1000
40434,0.001141219,1.141219,1000
40435,0.000993186,0.993186,1000
40436,0.001073256,1.073256,1000
40437,0.000980892,0.980892,1000
40438,0.000575308,0.575308,1000
40439,0.000593368,0.593368,1000
40440,0.001267024,1.267024,1000
40441,0.000566879,0.566879,1000
40442,0.000598309,0.598309,1000
40443,0.003145343,3.145343,1000
40444,0.001134182,1.134182,1000
40445,0.00104294,1.04294,1000
40446,0.001991684,1.991684,1000
40447,0.000694689,0.694689,1000
40448,0.000813096,0.813096,1000
40449,0.000945991,0.945991,1000
40450,0.016703018,16.703018,1000
40451,0.001339958,1.339958,1000
40452,0.000838483,0.838483,1000
40453,0.008790096,8.790096,1000
40454,0.07641637,76.41637,1000
40455,0.000836157,0.836157,1000
40456,0.002024076,2.024076,1000
40457,0.001505839,1.505839,1000
40458,0.000453755,0.453755,1000
40459,0.002829532,2.829532,1000
40460,0.000339623,0.339623,1000
40461,0.00054561,0.54561,1000
40462,0.002065951,2.065951,1000
40463,0.00103168,1.03168,1000
40464,0.026841977,26.841977,1000
40465,0.001303878,1.303878,1000
40466,0.000946221,0.946221,1000
40467,0.00104294,1.04294,1000
40468,0.001150787,1.150787,1000
40469,0.002786397,2.786397,1000
40470,0.000924179,0.924179,1000
40471,0.001081154,1.081154,1000
40472,0.000880014,0.880014,1000
40473,0.001649158,1.649158,1000
40474,0.00320965,3.20965,1000
40475,0.000993186,0.993186,1000
40476,0.000659394,0.659394,1000
40477,0.016003769,16.003769,1000
40478,0.06457915,64.57915,1000
40479,0.000818224,0.818224,1000
40480,0.004720334,4.720334,1000
40481,0.001453099,1.453099,1000
40482,0.000919431,0.919431,1000
40484,0.005676174,5.676174,1000
40485,0.015873516,15.873516,1000
40486,0.004345168,4.345168,1000
40487,0.001071133,1.071133,1000
40488,0.013866433,13.866433,1000
40489,0.003898813,3.898813,1000
40490,0.000825966,0.825966,1000
40491,0.001069658,1.069658,1000
40492,0.01742748,17.42748,1000
40493,0.001217337,1.217337,1000
40494,0.000513112,0.513112,1000
40495,0.015850799,15.850799,1000
40496,0.003310631,3.310631,1000
40497,0.000664928,0.664928,1000
40498,0.00293949,2.93949,1000
40499,0.001190254,1.190254,1000
40500,0.121546112,121.546112,1000
40501,0.001307903,1.307903,1000
40502,0.000402628,0.402628,1000
40503,0.001221208,1.221208,1000
40504,0.006909274,6.909274,1000
40505,0.001340413,1.340413,1000
40506,0.000461561,0.461561,1000
40507,0.003126536,3.126536,1000
40508,0.001374193,1.374193,1000
40509,0.00089139,0.89139,1000
40510,0.003039919,3.039919,1000
40511,0.016070787,16.070787,1000
40512,0.002020934,2.020934,1000
40513,0.001017768,1.017768,1000
40514,0.004125866,4.125866,1000
40515,0.002231163,2.231163,1000
40516,0.000848349,0.848349,1000
40517,0.009232608,9.232608,1000
40518,0.001036963,1.036963,1000
40519,0.000657138,0.657138,1000
40520,0.000779652,0.779652,1000
40521,0.001376094,1.376094,1000
40522,0.000910634,0.910634,1000
40523,0.001057519,1.057519,1000
40524,0.001042957,1.042957,1000
40525,0.00114796,1.14796,1000
40526,0.002291334,2.291334,1000
40527,0.000537323,0.537323,1000
40528,0.017248162,17.248162,1000
40529,0.000689908,0.689908,1000
40530,0.000732115,0.732115,1000
40531,0.000993186,0.993186,1000
40532,0.056568599,56.568599,1000
40533,0.000819852,0.819852,1000
40534,0.06457589,64.57589,1000
40535,0.000539236,0.539236,1000
40536,0.000815957,0.815957,1000
40537,0.000993124,0.993124,1000
40538,0.00544176,5.44176,1000
40539,0.001235966,1.235966,1000
40540,0.00287594,2.87594,1000
40541,0.000678244,0.678244,1000
40542,0.004359437,4.359437,1000
40543,0.000804155,0.804155,1000
40544,0.010040014,10.040014,1000
40545,0.062619146,62.619146,1000
40546,0.000902096,0.902096,1000
40547,0.001520493,1.520493,1000
40548,0.001821889,1.821889,1000
40549,0.021234098,21.234098,1000
40550,0.000585182,0.585182,1000
40551,0.001143068,1.143068,1000
40552,0.00053861,0.53861,1000
40553,0.001609087,1.609087,1000
40554,0.000664633,0.664633,1000
40555,0.001523648,1.523648,1000
40556,0.001330285,1.330285,1000
40557,0.001112317,1.112317,1000
40558,0.001349769,1.349769,1000
40559,0.001560465,1.560465,1000
40560,0.001020106,1.020106,1000
40561,0.000350012,0.350012,1000
40562,0.000795732,0.795732,1000
40563,0.158481873,158.481873,1000
40564,0.033467316,33.467316,1000
40565,0.000775773,0.775773,1000
40566,0.001030296,1.030296,1000
40567,0.000830823,0.830823,1000
40568,0.000956306,0.956306,1000
40569,0.000895086,0.895086,1000
40570,0.001042319,1.042319,1000
40571,0.001006227,1.006227,1000
40572,0.000717646,0.717646,1000
40573,0.000774274,0.774274,1000
40574,0.00095083,0.95083,1000
40575,0.001453099,1.453099,1000
40576,0.006178298,6.178298,1000
40577,0.000402586,0.402586,1000
40578,0.36924848,369.24848,1000
40579,0.21426043,214.26043,1000
40580,0.014842686,14.842686,1000
40581,0.000783777,0.783777,1000
40582,0.001262959,1.262959,1000
40583,0.001442826,1.442826,1000
40584,0.017305456,17.305456,1000
40585,0.001756635,1.756635,1000
40586,0.00115367,1.15367,1000
40587,0.001291543,1.291543,1000
40588,0.002852939,2.852939,1000
40589,0.001060434,1.060434,1000
40590,0.001141219,1.141219,1000
40591,0.008824187,8.824187,1000
40592,0.001687874,1.687874,1000
40593,0.040287063,40.287063,1000
40594,0.001172818,1.172818,1000
40595,0.001202164,1.202164,1000
40596,0.001091919,1.091919,1000
40597,0.008281034,8.281034,1000
40598,0.001219391,1.219391,1000
40599,0.000670571,0.670571,1000
40600,0.00101079,1.01079,1000
40601,0.001061881,1.061881,1000
40602,0.015965311,15.965311,1000
40603,0.016345081,16.345081,1000
40604,0.001081154,1.081154,1000
40605,0.002313442,2.313442,1000
40606,0.002764601,2.764601,1000
40607,0.000734788,0.734788,1000
40608,0.001104592,1.104592,1000
40609,0.000859124,0.859124,1000
40610,0.006162313,6.162313,1000
40611,0.009794251,9.794251,1000
40612,0.000937311,0.937311,1000
40613,0.005479517,5.479517,1000
40614,0.001062519,1.062519,1000
40615,0.001154369,1.154369,1000
40616,0.001505839,1.505839,1000
40617,0.000868775,0.868775,1000
40618,0.000775947,0.775947,1000
40619,0.000764241,0.764241,1000
40620,0.000596267,0.596267,1000
40621,0.0016261,1.6261,1000
40622,0.000835142,0.835142,1000
40623,0.001042957,1.042957,1000
40624,0.000701211,0.701211,1000
40625,0.00087365,0.87365,1000
40626,0.00099704,0.99704,1000
40627,0.002206416,2.206416,1000
40628,0.000864359,0.864359,1000
40629,0.000737732,0.737732,1000
40630,0.075265974,75.265974,1000
40631,0.000743234,0.743234,1000
40632,0.001152963,1.152963,1000
40633,0.001402326,1.402326,1000
40634,0.000716107,0.716107,1000
40635,0.000762277,0.762277,1000
40636,0.001041789,1.041789,1000
40637,0.00215196,2.15196,1000
40638,0.001657392,1.657392,1000
40639,0.006966696,6.966696,1000
40640,0.001000921,1.000921,1000
40641,0.001363724,1.363724,1000
40642,0.000617712,0.617712,1000
40643,0.003080065,3.080065,1000
40644,0.000937371,0.937371,1000
40645,0.004463285,4.463285,1000
40646,0.000969986,0.969986,1000
40647,0.013481327,13.481327,1000
40648,0.000711179,0.711179,1000
40649,0.003111131,3.111131,1000
40650,0.042476676,42.476676,1000
40651,0.051905554,51.905554,1000
40652,0.150422913,150.422913,1000
40653,0.002224691,2.224691,1000
40654,0.000795512,0.795512,1000
40655,0.00125299,1.25299,1000
40656,0.000983777,0.983777,1000
40657,0.001160066,1.160066,1000
40658,0.634012721,634.012721,1000
40659,0.00053638,0.53638,1000
40660,0.001260728,1.260728,1000
40661,0.000724051,0.724051,1000
40662,0.008774142,8.774142,1000
40663,0.000924486,0.924486,1000
40664,0.000802672,0.802672,1000
40665,0.00103168,1.03168,1000
40666,0.001239671,1.239671,1000
40667,0.000963329,0.963329,1000
40668,0.001126947,1.126947,1000
40669,0.004809583,4.809583,1000
40670,0.001502553,1.502553,1000
40671,0.000837479,0.837479,1000
40672,0.00101079,1.01079,1000
40673,0.000872794,0.872794,1000
40674,0.001566538,1.566538,1000
40675,0.000878349,0.878349,1000
40676,0.001042288,1.042288,1000
40677,0.000632163,0.632163,1000
40678,0.001724306,1.724306,1000
40679,0.008941956,8.941956,1000
40680,0.001213416,1.213416,1000
40681,0.000825724,0.825724,1000
40682,0.001116622,1.116622,1000
40683,0.015960518,15.960518,1000
40684,0.000343777,0.343777,1000
40685,0.001093414,1.093414,1000
40686,0.096976842,96.976842,1000
40687,0.000993186,0.993186,1000
40688,0.002841275,2.841275,1000
40689,0.001179788,1.179788,1000
40690,0.001480237,1.480237,1000
40691,0.001773105,1.773105,1000
40692,0.003448112,3.448112,1000
40693,0.003205223,3.205223,1000
40694,0.001100752,1.100752,1000
40695,0.000831604,0.831604,1000
40696,0.016017029,16.017029,1000
40697,0.00137604,1.37604,1000
40698,0.049670048,49.670048,1000
40699,0.00159217,1.59217,1000
40700,0.003292941,3.292941,1000
40701,0.001315818,1.315818,1000
40702,0.00096839,0.96839,1000
40703,0.01735289,17.35289,1000
40704,0.000696798,0.696798,1000
40705,0.041176518,41.176518,1000
40706,0.008535612,8.535612,1000
40707,0.001114356,1.114356,1000
40708,0.075121646,75.121646,1000
40709,0.001440063,1.440063,1000
40710,0.151922789,151.922789,1000
40711,0.001409129,1.409129,1000
40712,0.000682664,0.682664,1000
40713,0.008319274,8.319274,1000
40714,0.000959299,0.959299,1000
40715,0.001062502,1.062502,1000
40716,0.000798994,0.798994,1000
40717,0.000679871,0.679871,1000
40718,0.000763624,0.763624,1000
40719,0.000723757,0.723757,1000
40720,0.000332571,0.332571,1000
40721,0.006296673,6.296673,1000
40722,0.000783777,0.783777,1000
40723,0.00191045,1.91045,1000
40724,0.001524419,1.524419,1000
40725,0.000714814,0.714814,1000
40726,0.002738295,2.738295,1000
40727,0.000919707,0.919707,1000
40728,0.001042957,1.042957,1000
40729,0.001002631,1.002631,1000
40730,0.000873461,0.873461,1000
40731,0.001097456,1.097456,1000
40732,0.001334149,1.334149,1000
40733,0.001554702,1.554702,1000
40734,0.00893756,8.93756,1000
40735,0.000937371,0.937371,1000
40736,0.000625334,0.625334,1000
40737,0.001003076,1.003076,1000
40738,0.020868518,20.868518,1000
40739,0.000663833,0.663833,1000
40740,0.000648646,0.648646,1000
40741,0.000896154,0.896154,1000
40742,0.001936005,1.936005,1000
40743,0.001334149,1.334149,1000
40744,0.000645526,0.645526,1000
40745,0.002815033,2.815033,1000
40746,0.001592079,1.592079,1000
40747,0.001246106,1.246106,1000
40748,0.003049717,3.049717,1000
40749,0.001085733,1.085733,1000
40750,0.000960681,0.960681,1000
40751,0.001385415,1.385415,1000
40752,0.001006631,1.006631,1000
40753,0.000591075,0.591075,1000
40754,0.000438938,0.438938,1000
40755,0.003042078,3.042078,1000
40756,0.0008966,0.8966,1000
40757,0.000590467,0.590467,1000
40758,0.001182133,1.182133,1000
40759,0.000958326,0.958326,1000
40760,0.000621661,0.621661,1000
40761,0.001081154,1.081154,1000
40762,0.001907075,1.907075,1000
40763,0.000811346,0.811346,1000
40764,0.000466712,0.466712,1000
40765,0.00052148,0.52148,1000
40766,0.000327512,0.327512,1000
40767,0.000737688,0.737688,1000
40768,0.000462195,0.462195,1000
40769,0.016321368,16.321368,1000
40770,0.001602139,1.602139,1000
40771,0.001380927,1.380927,1000
40772,0.000701134,0.701134,1000
40773,0.001489423,1.489423,1000
40774,0.003110366,3.110366,1000
40775,0.000995922,0.995922,1000
40776,0.00374309,3.74309,1000
40777,0.00297339,2.97339,1000
40778,0.028600122,28.600122,1000
40779,0.016501919,16.501919,1000
40780,0.002444658,2.444658,1000
40781,0.0028851,2.8851,1000
40782,0.000937184,0.937184,1000
40783,0.001221487,1.221487,1000
40784,0.0006284,0.6284,1000
40785,0.00134839,1.34839,1000
40786,0.000483207,0.483207,1000
40787,0.00443661,4.43661,1000
40788,0.00137604,1.37604,1000
40789,0.000913951,0.913951,1000
40790,0.040047786,40.047786,1000
40791,0.001155466,1.155466,1000
40792,0.000961699,0.961699,1000
40793,0.00074436,0.74436,1000
40794,0.041406332,41.406332,1000
40795,0.000613687,0.613687,1000
40796,0.026779068,26.779068,1000
40797,0.00090159,0.90159,1000
40798,0.001221487,1.221487,1000
40799,0.008333265,8.333265,1000
40800,0.009771398,9.771398,1000
40801,0.000487985,0.487985,1000
40802,0.003116178,3.116178,1000
40803,0.000895349,0.895349,1000
40804,0.001402775,1.402775,1000
40805,0.001661413,1.661413,1000
40806,0.00329764,3.29764,1000
40807,0.001081154,1.081154,1000
40808,0.010242361,10.242361,1000
40809,0.000903105,0.903105,1000
40810,0.003139705,3.139705,1000
40811,0.00075097,0.75097,1000
40812,0.00115367,1.15367,1000
40813,0.003253289,3.253289,1000
40814,0.00115367,1.15367,1000
40815,0.001193412,1.193412,1000
40816,0.001838312,1.838312,1000
40817,0.001651746,1.651746,1000
40818,0.000695713,0.695713,1000
40819,0.00078378,0.78378,1000
40820,0.002900073,2.900073,1000
40821,0.008216773,8.216773,1000
40822,0.001691119,1.691119,1000
40823,0.001062519,1.062519,1000
40824,0.00566498,5.66498,1000
40825,0.002133666,2.133666,1000
40826,0.149275545,149.275545,1000
40827,0.001156509,1.156509,1000
40828,0.008151613,8.151613,1000
40829,0.003031293,3.031293,1000
40830,0.000610486,0.610486,1000
40831,0.001071105,1.071105,1000
40832,0.001144266,1.144266,1000
40833,0.00071349,0.71349,1000
40834,0.00155939,1.55939,1000
40835,0.00071493,0.71493,1000
40836,0.000879191,0.879191,1000
40837,0.002492412,2.492412,1000
40838,0.001198248,1.198248,1000
40839,0.003567538,3.567538,1000
40840,0.000380374,0.380374,1000
40841,0.001071105,1.071105,1000
40842,0.001161137,1.161137,1000
40843,0.000334389,0.334389,1000
40844,0.004113285,4.113285,1000
40845,0.006509901,6.509901,1000
40846,0.000802096,0.802096,1000
40847,0.001107626,1.107626,1000
40848,0.000626035,0.626035,1000
40849,0.002447621,2.447621,1000
40850,0.000951014,0.951014,1000
40851,0.000837714,0.837714,1000
40852,0.000753569,0.753569,1000
40853,0.001199128,1.199128,1000
40854,0.001617599,1.617599,1000
40855,0.001108175,1.108175,1000
40856,0.015232788,15.232788,1000
40857,0.001081154,1.081154,1000
40858,0.00045176,0.45176,1000
40859,0.001010701,1.010701,1000
40860,0.000768155,0.768155,1000
40861,0.001063128,1.063128,1000
40862,0.001706394,1.706394,1000
40863,0.000736733,0.736733,1000
40864,0.001006877,1.006877,1000
40865,0.000700681,0.700681,1000
40866,0.002668804,2.668804,1000
40867,0.002856336,2.856336,1000
40868,0.001006227,1.006227,1000
40869,0.001555514,1.555514,1000
40870,0.002804271,2.804271,1000
40871,0.000829127,0.829127,1000
40872,0.000410187,0.410187,1000
40873,0.00078378,0.78378,1000
40874,0.003424618,3.424618,1000
40875,0.000737359,0.737359,1000
40876,0.001749287,1.749287,1000
40877,0.003077843,3.077843,1000
40878,0.000769305,0.769305,1000
40879,0.000727989,0.727989,1000
40880,0.00146852,1.46852,1000
40881,0.002732707,2.732707,1000
40882,0.002668112,2.668112,1000
40883,0.000783777,0.783777,1000
40884,0.002444059,2.444059,1000
40885,0.00833547,8.33547,1000
40886,0.000564689,0.564689,1000
40887,0.001042979,1.042979,1000
40888,0.000402021,0.402021,1000
40889,0.002791859,2.791859,1000
40890,0.000859047,0.859047,1000
40891,0.001821889,1.821889,1000
40892,0.002596597,2.596597,1000
40893,0.000872869,0.872869,1000
40894,0.000941221,0.941221,1000
40895,0.001876365,1.876365,1000
40896,0.003274961,3.274961,1000
40897,0.000812312,0.812312,1000
40898,0.003007906,3.007906,1000
40899,0.002759627,2.759627,1000
40900,0.001385469,1.385469,1000
40901,0.000431337,0.431337,1000
40902,0.002424925,2.424925,1000
40903,0.001886571,1.886571,1000
40904,0.00244732,2.44732,1000
40905,0.002739495,2.739495,1000
40906,0.000870098,0.870098,1000
40907,0.000731586,0.731586,1000
40908,0.000659186,0.659186,1000
40909,0.001821889,1.821889,1000
40910,0.002078473,2.078473,1000
40911,0.001966781,1.966781,1000
40912,0.019890895,19.890895,1000
40913,0.000925624,0.925624,1000
40914,0.000896888,0.896888,1000
40915,0.000757923,0.757923,1000
40916,0.000633871,0.633871,1000
40917,0.001670351,1.670351,1000
40918,0.001113624,1.113624,1000
40919,0.000868116,0.868116,1000
40920,0.000358679,0.358679,1000
40921,0.000842083,0.842083,1000
40922,0.001020875,1.020875,1000
40923,0.000933525,0.933525,1000
40924,0.000470866,0.470866,1000
40925,0.00053931,0.53931,1000
40926,0.000897301,0.897301,1000
40927,0.000858654,0.858654,1000
40928,0.000561922,0.561922,1000
40929,0.000783777,0.783777,1000
40930,0.004821554,4.821554,1000
40931,0.000930551,0.930551,1000
40932,0.00288184,2.88184,1000
40933,0.246484067,246.484067,1000
40934,0.001168364,1.168364,1000
40935,0.001946984,1.946984,1000
40936,0.000782964,0.782964,1000
40937,0.00046,0.46,1000
40938,0.00095602,0.95602,1000
40939,0.000592461,0.592461,1000
40940,0.002444059,2.444059,1000
40941,0.000782611,0.782611,1000
40942,0.002885723,2.885723,1000
40943,0.002811695,2.811695,1000
40944,0.001020173,1.020173,1000
40945,0.001005028,1.005028,1000
40946,0.000768637,0.768637,1000
40947,0.002421122,2.421122,1000
40948,0.003018953,3.018953,1000
40949,0.000993186,0.993186,1000
40950,0.001318232,1.318232,1000
40951,0.000772118,0.772118,1000
40952,0.000454187,0.454187,1000
40953,0.000975927,0.975927,1000
40954,0.001442103,1.442103,1000
40955,0.001144711,1.144711,1000
40956,0.00273084,2.73084,1000
40957,0.001826577,1.826577,1000
40958,0.000797627,0.797627,1000
40959,0.001047998,1.047998,1000
40960,0.000946291,0.946291,1000
40961,0.001256953,1.256953,1000
40962,0.001456359,1.456359,1000
40963,0.000948737,0.948737,1000
40964,0.000665717,0.665717,1000
40965,0.00323922,3.23922,1000
40966,0.002923039,2.923039,1000
40967,0.000697954,0.697954,1000
40968,0.000699852,0.699852,1000
40969,0.001067863,1.067863,1000
40970,0.001966911,1.966911,1000
40971,0.000962425,0.962425,1000
40972,0.000596924,0.596924,1000
40973,0.000709785,0.709785,1000
40974,0.041909381,41.909381,1000
40975,0.001826577,1.826577,1000
40976,0.020758803,20.758803,1000
40977,0.000322709,0.322709,1000
40978,0.001003833,1.003833,1000
40979,0.000732536,0.732536,1000
40980,0.004293794,4.293794,1000
40981,0.008625107,8.625107,1000
40982,0.010963034,10.963034,1000
40983,0.014107224,14.107224,1000
40984,0.056582237,56.582237,1000
40985,0.000825301,0.825301,1000
40986,0.000854389,0.854389,1000
40987,0.016406754,16.406754,1000
40988,0.00912966,9.12966,1000
40989,0.001708796,1.708796,1000
40990,0.000993186,0.993186,1000
40991,0.008123322,8.123322,1000
40992,0.002639893,2.639893,1000
40993,0.000858413,0.858413,1000
40994,0.011194654,11.194654,1000
40995,0.000790497,0.790497,1000
40996,0.001484882,1.484882,1000
40997,0.001157768,1.157768,1000
40998,0.001385538,1.385538,1000
40999,0.001143594,1.143594,1000
41000,0.000629876,0.629876,1000
41001,0.000674998,0.674998,1000
41002,0.009528462,9.528462,1000
41003,0.001042979,1.042979,1000
41004,0.002724046,2.724046,1000
41005,0.000993124,0.993124,1000
41006,0.000993186,0.993186,1000
41007,0.001117283,1.117283,1000
41008,0.000687103,0.687103,1000
41009,0.00120042,1.20042,1000
41010,0.00103168,1.03168,1000
41011,0.001062519,1.062519,1000
41012,0.00092448,0.92448,1000
41013,0.001367289,1.367289,1000
41014,0.096756065,96.756065,1000
41015,0.002274582,2.274582,1000
41016,0.000600267,0.600267,1000
41017,0.001315818,1.315818,1000
41018,0.00104294,1.04294,1000
41019,0.001425888,1.425888,1000
41020,0.000783777,0.783777,1000
41021,0.000995621,0.995621,1000
41022,0.003074694,3.074694,1000
41023,0.001102643,1.102643,1000
41024,0.000696731,0.696731,1000
41025,0.238466884,238.466884,1000
41026,0.000903773,0.903773,1000
41027,0.00032844,0.32844,1000
41028,0.000730694,0.730694,1000
41029,0.000706333,0.706333,1000
41030,0.002813498,2.813498,1000
41031,0.001150836,1.150836,1000
41032,0.002666884,2.666884,1000
41033,0.002349507,2.349507,1000
41034,0.00098284,0.98284,1000
41035,0.000776632,0.776632,1000
41036,0.001182985,1.182985,1000
41037,0.003045299,3.045299,1000
41038,0.002705981,2.705981,1000
41039,0.000864749,0.864749,1000
41040,0.009494939,9.494939,1000
41041,0.001520388,1.520388,1000
41042,0.000993186,0.993186,1000
41043,0.001230172,1.230172,1000
41044,0.000785555,0.785555,1000
41045,0.000878349,0.878349,1000
41046,0.000542101,0.542101,1000
41047,0.039085784,39.085784,1000
41048,0.001104592,1.104592,1000
41049,0.0006463,0.6463,1000
41050,0.000807733,0.807733,1000
41051,0.000381318,0.381318,1000
41052,0.000773797,0.773797,1000
41053,0.001612347,1.612347,1000
41054,0.001096676,1.096676,1000
41055,0.016994109,16.994109,1000
41056,0.00083896,0.83896,1000
41057,0.000723941,0.723941,1000
41058,0.002883235,2.883235,1000
41059,0.000364977,0.364977,1000
41060,0.001042817,1.042817,1000
41061,0.000839883,0.839883,1000
41062,0.001134926,1.134926,1000
41063,0.000717179,0.717179,1000
41064,0.001766538,1.766538,1000
41065,0.001520625,1.520625,1000
41066,0.00072067,0.72067,1000
41067,0.007439208,7.439208,1000
41068,0.000894578,0.894578,1000
41069,0.007357553,7.357553,1000
41070,0.000910496,0.910496,1000
41071,0.002681137,2.681137,1000
41072,0.000809471,0.809471,1000
41073,0.001360251,1.360251,1000
41074,0.000686448,0.686448,1000
41075,0.000908983,0.908983,1000
41076,0.000622975,0.622975,1000
41077,0.008469806,8.469806,1000
41078,0.017254739,17.254739,1000
41079,0.000927538,0.927538,1000
41080,0.001510527,1.510527,1000
41081,0.001369797,1.369797,1000
41082,0.001091954,1.091954,1000
41083,0.027320191,27.320191,1000
41084,0.004314912,4.314912,1000
41085,0.00890889,8.90889,1000
41086,0.001038242,1.038242,1000
41087,0.00063501,0.63501,1000
41088,0.000247694,0.247694,1000
41089,0.001252315,1.252315,1000
41090,0.001145374,1.145374,1000
41091,0.000919895,0.919895,1000
41092,0.001006227,1.006227,1000
41093,0.000698123,0.698123,1000
41094,0.00093995,0.93995,1000
41095,0.001548993,1.548993,1000
41096,0.001484906,1.484906,1000
41097,0.003294279,3.294279,1000
41098,0.000614928,0.614928,1000
41099,0.001542645,1.542645,1000
41100,0.000701873,0.701873,1000
41101,0.001042957,1.042957,1000
41102,0.002891815,2.891815,1000
41103,0.003920736,3.920736,1000
41104,0.000588141,0.588141,1000
41105,0.032925284,32.925284,1000
41106,0.000764289,0.764289,1000
41107,0.000512139,0.512139,1000
41108,0.001031529,1.031529,1000
41109,0.00120599,1.20599,1000
41110,0.00096515,0.96515,1000
41111,0.00118329,1.18329,1000
41112,0.000559379,0.559379,1000
41113,0.000923345,0.923345,1000
41114,0.14847672,148.47672,1000
41115,0.000580287,0.580287,1000
41116,0.001520456,1.520456,1000
41117,0.000593949,0.593949,1000
41118,0.006514033,6.514033,1000
41119,0.000575665,0.575665,1000
41120,0.00137604,1.37604,1000
41121,0.002881087,2.881087,1000
41122,0.005149524,5.149524,1000
41123,0.000395532,0.395532,1000
41124,0.000643852,0.643852,1000
41125,0.002261663,2.261663,1000
41126,0.28609869,286.09869,1000
41127,0.001093592,1.093592,1000
41128,0.000641263,0.641263,1000
41129,0.004974776,4.974776,1000
41130,0.000343418,0.343418,1000
41131,0.000263093,0.263093,1000
41132,0.004049446,4.049446,1000
41133,0.000873575,0.873575,1000
41134,0.081301007,81.301007,1000
41135,0.001040296,1.040296,1000
41136,0.000857959,0.857959,1000
41137,0.013410995,13.410995,1000
41138,0.000937184,0.937184,1000
41139,0.001305222,1.305222,1000
41140,0.000685239,0.685239,1000
41141,0.014350401,14.350401,1000
41142,0.00375579,3.75579,1000
41143,0.001837335,1.837335,1000
41144,0.001312558,1.312558,1000
41145,0.000601233,0.601233,1000
41146,0.0006974,0.6974,1000
41147,0.004529578,4.529578,1000
41148,0.001006196,1.006196,1000
41149,0.000845094,0.845094,1000
41150,0.000374317,0.374317,1000
41151,0.121338498,121.338498,1000
41152,0.003218269,3.218269,1000
41153,0.001182985,1.182985,1000
41154,0.003308361,3.308361,1000
41155,0.001197298,1.197298,1000
41156,0.000942469,0.942469,1000
41157,0.002700787,2.700787,1000
41158,0.007991325,7.991325,1000
41159,0.001332544,1.332544,1000
41160,0.000865707,0.865707,1000
41161,0.000911853,0.911853,1000
41162,0.003195821,3.195821,1000
41163,0.000915669,0.915669,1000
41164,0.005255552,5.255552,1000
41165,0.000274629,0.274629,1000
41166,0.003546907,3.546907,1000
41167,0.000731888,0.731888,1000
41168,0.000785693,0.785693,1000
41169,0.001304298,1.304298,1000
41170,0.000547057,0.547057,1000
41171,0.000374628,0.374628,1000
41172,0.000588147,0.588147,1000
41173,0.004466439,4.466439,1000
41174,0.000497302,0.497302,1000
41175,0.001608681,1.608681,1000
41176,0.000894882,0.894882,1000
41177,0.00068408,0.68408,1000
41178,0.001042957,1.042957,1000
41179,0.001081154,1.081154,1000
41180,0.003271285,3.271285,1000
41181,0.008290547,8.290547,1000
41182,0.000336916,0.336916,1000
41183,0.000405049,0.405049,1000
41184,0.001117181,1.117181,1000
41185,0.000677015,0.677015,1000
41186,0.000547452,0.547452,1000
41187,0.001520493,1.520493,1000
41188,0.001986602,1.986602,1000
41189,0.056793824,56.793824,1000
41190,0.000570472,0.570472,1000
41191,0.000810334,0.810334,1000
41192,0.000735182,0.735182,1000
41193,0.0003458,0.3458,1000
41194,0.000916919,0.916919,1000
41195,0.000883345,0.883345,1000
41196,0.00103841,1.03841,1000
41197,0.008176109,8.176109,1000
41198,0.004800207,4.800207,1000
41199,0.000894721,0.894721,1000
41200,0.00129376,1.29376,1000
41201,0.000656204,0.656204,1000
41202,0.001827163,1.827163,1000
41203,0.000874773,0.874773,1000
41204,0.001291692,1.291692,1000
41205,0.000896076,0.896076,1000
41206,0.002648921,2.648921,1000
41207,0.00103168,1.03168,1000
41208,0.001340132,1.340132,1000
41209,0.00103428,1.03428,1000
41210,0.001609087,1.609087,1000
41211,0.001975364,1.975364,1000
41212,0.000989018,0.989018,1000
41213,0.000783777,0.783777,1000
41214,0.000714233,0.714233,1000
41215,0.010071844,10.071844,1000
41216,0.003625234,3.625234,1000
41217,0.000789129,0.789129,1000
41218,0.00285554,2.85554,1000
41219,0.000718805,0.718805,1000
41220,0.000504402,0.504402,1000
41221,0.00252677,2.52677,1000
41222,0.000998319,0.998319,1000
41223,0.000330882,0.330882,1000
41224,0.00045094,0.45094,1000
41225,0.003284305,3.284305,1000
41226,0.001134926,1.134926,1000
41227,0.000789967,0.789967,1000
41228,0.000768681,0.768681,1000
41229,0.000759008,0.759008,1000
41230,0.004330578,4.330578,1000
41231,0.001022665,1.022665,1000
41232,0.001231268,1.231268,1000
41233,0.011024738,11.024738,1000
41234,0.00103168,1.03168,1000
41235,0.001015072,1.015072,1000
41236,0.000680884,0.680884,1000
41237,0.001213668,1.213668,1000
41238,0.105116877,105.116877,1000
41239,0.005261796,5.261796,1000
41240,0.000585004,0.585004,1000
41241,0.027676972,27.676972,1000
41242,0.002931598,2.931598,1000
41243,0.001411794,1.411794,1000
41244,0.008298865,8.298865,1000
41245,0.001067667,1.067667,1000
41246,0.001762328,1.762328,1000
41247,0.000636846,0.636846,1000
41248,0.000911448,0.911448,1000
41249,0.001455505,1.455505,1000
41250,0.001031114,1.031114,1000
41251,0.002244653,2.244653,1000
41252,0.000825966,0.825966,1000
41253,0.001336872,1.336872,1000
41254,0.00095218,0.95218,1000
41255,0.008127124,8.127124,1000
41256,0.001318251,1.318251,1000
41257,0.000871961,0.871961,1000
41258,0.000948554,0.948554,1000
41259,0.001828569,1.828569,1000
41260,0.003488489,3.488489,1000
41261,0.000930552,0.930552,1000
41262,0.001717017,1.717017,1000
41263,0.003624892,3.624892,1000
41264,0.000757134,0.757134,1000
41265,0.000993186,0.993186,1000
41266,0.001113185,1.113185,1000
41267,0.000999344,0.999344,1000
41268,0.000953672,0.953672,1000
41269,0.001315818,1.315818,1000
41270,0.001601399,1.601399,1000
41271,0.000899059,0.899059,1000
41272,0.007988071,7.988071,1000
41273,0.001523648,1.523648,1000
41274,0.001826577,1.826577,1000
41275,0.014682602,14.682602,1000
41276,0.000919857,0.919857,1000
41277,0.001062519,1.062519,1000
41278,0.001130985,1.130985,1000
41279,0.00674943,6.74943,1000
41280,0.000845085,0.845085,1000
41281,0.00166591,1.66591,1000
41282,0.050647288,50.647288,1000
41283,0.000990922,0.990922,1000
41284,0.011906656,11.906656,1000
41285,0.003859934,3.859934,1000
41286,0.284436085,284.436085,1000
41287,0.008217164,8.217164,1000
41288,0.000685869,0.685869,1000
41289,0.001652849,1.652849,1000
41290,0.001459136,1.459136,1000
41291,0.013573527,13.573527,1000
41292,0.000778254,0.778254,1000
41293,0.000774903,0.774903,1000
41294,0.002104026,2.104026,1000
41295,0.00064143,0.64143,1000
41296,0.000698011,0.698011,1000
41297,0.002997265,2.997265,1000
41298,0.001116817,1.116817,1000
41299,0.075382055,75.382055,1000
41300,0.008150835,8.150835,1000
41301,0.00419027,4.19027,1000
41302,0.056149051,56.149051,1000
41303,0.000734707,0.734707,1000
41304,0.000813123,0.813123,1000
41305,0.000886358,0.886358,1000
41306,0.000258662,0.258662,1000
41307,0.002104989,2.104989,1000
41308,0.000835434,0.835434,1000
41309,0.010883209,10.883209,1000
41310,0.002938487,2.938487,1000
41311,0.000630239,0.630239,1000
41312,0.078188518,78.188518,1000
41313,0.003105245,3.105245,1000
41314,0.001071066,1.071066,1000
41315,0.000493148,0.493148,1000
41316,0.000455982,0.455982,1000
41317,0.026678071,26.678071,1000
41318,0.009083459,9.083459,1000
41319,0.000849315,0.849315,1000
41320,0.000778601,0.778601,1000
41321,0.000885187,0.885187,1000
41322,0.005897538,5.897538,1000
41323,0.001192119,1.192119,1000
41324,0.011001559,11.001559,1000
41325,0.482052892,482.052892,1000
41326,0.004933562,4.933562,1000
41327,0.251422852,251.422852,1000
41328,0.077489421,77.489421,1000
41329,0.285237972,285.237972,1000
41330,0.149455203,149.455203,1000
41331,0.001758404,1.758404,1000
41332,0.294591649,294.591649,1000
41333,0.000941804,0.941804,1000
41334,0.258343513,258.343513,1000
41335,0.026667005,26.667005,1000
41336,0.424119054,424.119054,1000
41337,0.003585687,3.585687,1000
41338,0.000879233,0.879233,1000
41339,0.000774977,0.774977,1000
41340,0.030901558,30.901558,1000
41341,0.574906,574.906,1000
41342,0.001156799,1.156799,1000
41343,0.001392687,1.392687,1000
41344,0.000877091,0.877091,1000
41345,0.000240578,0.240578,1000
41346,0.01591692,15.91692,1000
41347,0.000915409,0.915409,1000
41348,0.003003523,3.003523,1000
41349,0.001457786,1.457786,1000
41350,0.090248028,90.248028,1000
41352,0.00095857,0.95857,1000
41353,0.016151574,16.151574,1000
41354,0.001517401,1.517401,1000
41355,0.008024942,8.024942,1000
41356,0.002633742,2.633742,1000
41357,0.000621952,0.621952,1000
41358,0.001291706,1.291706,1000
41359,0.00296051,2.96051,1000
41360,0.00190466,1.90466,1000
41361,0.008729951,8.729951,1000
41362,0.000818363,0.818363,1000
41363,0.008327391,8.327391,1000
41364,0.001044721,1.044721,1000
41365,0.005517781,5.517781,1000
41366,0.001522064,1.522064,1000
41367,0.064580577,64.580577,1000
41368,0.0013261,1.3261,1000
41369,0.002036548,2.036548,1000
41370,0.000661448,0.661448,1000
41371,0.00715597,7.15597,1000
41372,0.00394583,3.94583,1000
41373,0.000658937,0.658937,1000
41374,0.005726419,5.726419,1000
41375,0.003692293,3.692293,1000
41376,0.000776455,0.776455,1000
41377,0.001429652,1.429652,1000
41378,0.003228941,3.228941,1000
41379,0.001535355,1.535355,1000
41380,0.001686955,1.686955,1000
41381,0.000644862,0.644862,1000
41382,0.000630189,0.630189,1000
41383,0.00064584,0.64584,1000
41384,0.000606424,0.606424,1000
41385,0.000329095,0.329095,1000
41386,0.002822047,2.822047,1000
41387,0.000815174,0.815174,1000
41388,0.001926717,1.926717,1000
41389,0.002755959,2.755959,1000
41390,0.001615602,1.615602,1000
41391,0.000998734,0.998734,1000
41392,0.000848192,0.848192,1000
41393,0.000778744,0.778744,1000
41394,0.00069725,0.69725,1000
41395,0.001324856,1.324856,1000
41396,0.015982448,15.982448,1000
41397,0.008484653,8.484653,1000
41398,0.000723489,0.723489,1000
41399,0.000929317,0.929317,1000
41400,0.000809431,0.809431,1000
41401,0.001084163,1.084163,1000
41402,0.00081312,0.81312,1000
41403,0.000620006,0.620006,1000
41404,0.000734663,0.734663,1000
41405,0.000783076,0.783076,1000
41406,0.001524631,1.524631,1000
41407,0.001147967,1.147967,1000
41408,0.012365242,12.365242,1000
41409,0.0015091,1.5091,1000
41410,0.000738825,0.738825,1000
41411,0.00114796,1.14796,1000
41412,0.003421866,3.421866,1000
41413,0.003211508,3.211508,1000
41414,0.000791081,0.791081,1000
41415,0.001225449,1.225449,1000
41416,0.003016813,3.016813,1000
41417,0.002914132,2.914132,1000
41418,0.001827511,1.827511,1000
41419,0.003393094,3.393094,1000
41420,0.001012825,1.012825,1000
41421,0.001725372,1.725372,1000
41422,0.000783777,0.783777,1000
41423,0.000819411,0.819411,1000
41424,0.001033827,1.033827,1000
41425,0.000491832,0.491832,1000
41426,0.000963771,0.963771,1000
41427,0.002252063,2.252063,1000
41428,0.002193186,2.193186,1000
41429,0.000644773,0.644773,1000
41430,0.000919407,0.919407,1000
41431,0.000526297,0.526297,1000
41432,0.000548019,0.548019,1000
41433,0.000783777,0.783777,1000
41434,0.000898042,0.898042,1000
41435,0.000333773,0.333773,1000
41436,0.000911315,0.911315,1000
41437,0.002712409,2.712409,1000
41438,0.00039078,0.39078,1000
41439,0.00122855,1.22855,1000
41440,0.000613813,0.613813,1000
41441,0.001037631,1.037631,1000
41442,0.00138256,1.38256,1000
41443,0.000811675,0.811675,1000
41444,0.002803034,2.803034,1000
41445,0.000519931,0.519931,1000
41446,0.000585024,0.585024,1000
41447,0.001276835,1.276835,1000
41448,0.000783777,0.783777,1000
41450,0.00302406,3.02406,1000
41451,0.001071083,1.071083,1000
41452,0.000865001,0.865001,1000
41453,0.000742553,0.742553,1000
41454,0.0006894,0.6894,1000
41455,0.001530158,1.530158,1000
41456,0.008058906,8.058906,1000
41457,0.001593884,1.593884,1000
41458,0.000863586,0.863586,1000
41459,0.000781225,0.781225,1000
41460,0.002755653,2.755653,1000
41461,0.000999648,0.999648,1000
41462,0.001244479,1.244479,1000
41463,0.003157831,3.157831,1000
41464,0.001821889,1.821889,1000
41465,0.000624154,0.624154,1000
41466,0.001622303,1.622303,1000
41467,0.000800477,0.800477,1000
41468,0.000985556,0.985556,1000
41469,0.001104935,1.104935,1000
41470,0.000570336,0.570336,1000
41471,0.001048424,1.048424,1000
41472,0.000370468,0.370468,1000
41473,0.002871651,2.871651,1000
41474,0.003331119,3.331119,1000
41475,0.001889699,1.889699,1000
41476,0.000529531,0.529531,1000
41477,0.001042957,1.042957,1000
41478,0.00296759,2.96759,1000
41479,0.000679369,0.679369,1000
41480,0.001035434,1.035434,1000
41481,0.003398035,3.398035,1000
41482,0.001289992,1.289992,1000
41483,0.001456359,1.456359,1000
41484,0.000825966,0.825966,1000
41485,0.005447503,5.447503,1000
41486,0.001477358,1.477358,1000
41487,0.001011936,1.011936,1000
41488,0.002368883,2.368883,1000
41489,0.001260396,1.260396,1000
41490,0.00081312,0.81312,1000
41491,0.001914334,1.914334,1000
41492,0.01607971,16.07971,1000
41493,0.00059317,0.59317,1000
41494,0.001162224,1.162224,1000
41495,0.001453099,1.453099,1000
41496,0.00094805,0.94805,1000
41497,0.002350453,2.350453,1000
41498,0.001007903,1.007903,1000
41499,0.000378115,0.378115,1000
41500,0.000468041,0.468041,1000
41501,0.000665502,0.665502,1000
41502,0.004293794,4.293794,1000
41503,0.000986197,0.986197,1000
41504,0.000431242,0.431242,1000
41505,0.005864399,5.864399,1000
41506,0.003037625,3.037625,1000
41507,0.001160632,1.160632,1000
41508,0.001451989,1.451989,1000
41509,0.001007704,1.007704,1000
41510,0.000658296,0.658296,1000
41511,0.001879158,1.879158,1000
41512,0.000415671,0.415671,1000
41513,0.000931539,0.931539,1000
41514,0.003339787,3.339787,1000
41515,0.000606799,0.606799,1000
41516,0.000969304,0.969304,1000
41517,0.000682054,0.682054,1000
41518,0.000656887,0.656887,1000
41519,0.001040529,1.040529,1000
41520,0.000856571,0.856571,1000
41521,0.00088159,0.88159,1000
41522,0.001176167,1.176167,1000
41523,0.00454552,4.54552,1000
41524,0.014206674,14.206674,1000
41525,0.001593884,1.593884,1000
41526,0.001608681,1.608681,1000
41527,0.001125785,1.125785,1000
41528,0.000619661,0.619661,1000
41529,0.001086227,1.086227,1000
41530,0.001127082,1.127082,1000
41531,0.001571568,1.571568,1000
41532,0.001006165,1.006165,1000
41533,0.000753543,0.753543,1000
41534,0.001171504,1.171504,1000
41535,0.001018301,1.018301,1000
41536,0.009662656,9.662656,1000
41537,0.001081154,1.081154,1000
41538,0.000993186,0.993186,1000
41539,0.000700166,0.700166,1000
41540,0.017498355,17.498355,1000
41541,0.001940282,1.940282,1000
41542,0.001257185,1.257185,1000
41543,0.003105719,3.105719,1000
41544,0.07520656,75.20656,1000
41545,0.000642084,0.642084,1000
41546,0.001858035,1.858035,1000
41547,0.595287691,595.287691,1000
41548,0.00052942,0.52942,1000
41549,0.026564603,26.564603,1000
41550,0.01351807,13.51807,1000
41551,0.000743757,0.743757,1000
41552,0.000719227,0.719227,1000
41553,0.002628512,2.628512,1000
41554,0.002304231,2.304231,1000
41555,0.000887119,0.887119,1000
41556,0.004693732,4.693732,1000
41557,0.001262892,1.262892,1000
41558,0.001703095,1.703095,1000
41559,0.001029119,1.029119,1000
41560,0.001510527,1.510527,1000
41561,0.006055603,6.055603,1000
41562,0.000681459,0.681459,1000
41563,0.005286997,5.286997,1000
41564,0.00152958,1.52958,1000
41565,0.000825966,0.825966,1000
41566,0.001611949,1.611949,1000
41567,0.001071083,1.071083,1000
41568,0.002015391,2.015391,1000
41569,0.001104592,1.104592,1000
41570,0.000891221,0.891221,1000
41571,0.000874067,0.874067,1000
41572,0.001062541,1.062541,1000
41573,0.00114796,1.14796,1000
41574,0.001598572,1.598572,1000
41575,0.064580577,64.580577,1000
41576,0.000629221,0.629221,1000
41577,0.001104042,1.104042,1000
41578,0.000929923,0.929923,1000
41579,0.001505839,1.505839,1000
41580,0.001319031,1.319031,1000
41581,0.001814302,1.814302,1000
41582,0.000825969,0.825969,1000
41583,0.000617873,0.617873,1000
41584,0.001062379,1.062379,1000
41585,0.002810799,2.810799,1000
41586,0.001044721,1.044721,1000
41587,0.001750714,1.750714,1000
41588,0.001504982,1.504982,1000
41589,0.06457915,64.57915,1000
41590,0.001023063,1.023063,1000
41591,0.000593723,0.593723,1000
41592,0.001305741,1.305741,1000
41593,0.000588311,0.588311,1000
41594,0.000825966,0.825966,1000
41595,0.001578524,1.578524,1000
41596,0.002108095,2.108095,1000
41597,0.00122394,1.22394,1000
41598,0.001090264,1.090264,1000
41599,0.001479922,1.479922,1000
41600,0.001459936,1.459936,1000
41601,0.000930368,0.930368,1000
41602,0.006377457,6.377457,1000
41603,0.001825149,1.825149,1000
41604,0.001218182,1.218182,1000
41605,0.000901743,0.901743,1000
41606,0.000360234,0.360234,1000
41607,0.000825966,0.825966,1000
41608,0.000575616,0.575616,1000
41609,0.000775621,0.775621,1000
41610,0.000312253,0.312253,1000
41611,0.000871185,0.871185,1000
41612,0.000436466,0.436466,1000
41613,0.002279013,2.279013,1000
41614,0.000878372,0.878372,1000
41615,0.001061881,1.061881,1000
41616,0.000912456,0.912456,1000
41617,0.001346377,1.346377,1000
41618,0.000882371,0.882371,1000
41619,0.002993156,2.993156,1000
41620,0.000797967,0.797967,1000
41621,0.015931372,15.931372,1000
41622,0.011185003,11.185003,1000
41623,0.000512853,0.512853,1000
41624,0.000812392,0.812392,1000
41625,0.001505839,1.505839,1000
41626,0.003359868,3.359868,1000
41627,0.001088682,1.088682,1000
41628,0.0015091,1.5091,1000
41629,0.002789609,2.789609,1000
41630,0.008097624,8.097624,1000
41631,0.000718963,0.718963,1000
41632,0.026064084,26.064084,1000
41633,0.001922416,1.922416,1000
41634,0.000780556,0.780556,1000
41635,0.000551421,0.551421,1000
41636,0.000877846,0.877846,1000
41637,0.026981784,26.981784,1000
41638,0.04019136,40.19136,1000
41639,0.19459321,194.59321,1000
41640,0.001613775,1.613775,1000
41641,0.017113946,17.113946,1000
41642,0.001131754,1.131754,1000
41643,0.000845094,0.845094,1000
41644,0.000281004,0.281004,1000
41645,0.000668633,0.668633,1000
41646,0.013460197,13.460197,1000
41647,0.001011936,1.011936,1000
41648,0.00086638,0.86638,1000
41649,0.000650647,0.650647,1000
41650,0.001662171,1.662171,1000
41651,0.000896843,0.896843,1000
41652,0.000514208,0.514208,1000
41653,0.001011219,1.011219,1000
41654,0.000633432,0.633432,1000
41655,0.00078095,0.78095,1000
41656,0.001560833,1.560833,1000
41657,0.002852192,2.852192,1000
41658,0.00062006,0.62006,1000
41659,0.000882945,0.882945,1000
41660,0.002404003,2.404003,1000
41661,0.000868695,0.868695,1000
41662,0.00124974,1.24974,1000
41663,0.000682196,0.682196,1000
41664,0.001612347,1.612347,1000
41665,0.001439232,1.439232,1000
41666,0.00135168,1.35168,1000
41667,0.000828255,0.828255,1000
41668,0.001150691,1.150691,1000
41669,0.000992428,0.992428,1000
41670,0.009085885,9.085885,1000
41671,0.002845014,2.845014,1000
41672,0.075150855,75.150855,1000
41673,0.000518636,0.518636,1000
41674,0.026727859,26.727859,1000
41675,0.056307795,56.307795,1000
41676,0.006152488,6.152488,1000
41677,0.000747451,0.747451,1000
41678,0.000864341,0.864341,1000
41679,0.016151497,16.151497,1000
41680,0.000483968,0.483968,1000
41681,0.001127164,1.127164,1000
41682,0.0401292,40.1292,1000
41683,0.000643261,0.643261,1000
41684,0.003278199,3.278199,1000
41685,0.000457674,0.457674,1000
41686,0.000760624,0.760624,1000
41687,0.000802596,0.802596,1000
41688,0.000671037,0.671037,1000
41689,0.000652445,0.652445,1000
41690,0.001029247,1.029247,1000
41691,0.00104294,1.04294,1000
41692,0.000694007,0.694007,1000
41693,0.00270637,2.70637,1000
41694,0.001018768,1.018768,1000
41695,0.001000921,1.000921,1000
41696,0.001340789,1.340789,1000
41697,0.000638166,0.638166,1000
41698,0.00286759,2.86759,1000
41699,0.008171325,8.171325,1000
41700,0.001725977,1.725977,1000
41701,0.003163724,3.163724,1000
41702,0.002804111,2.804111,1000
41703,0.000608743,0.608743,1000
41704,0.005692205,5.692205,1000
41705,0.002302483,2.302483,1000
41706,0.000713995,0.713995,1000
41707,0.000829406,0.829406,1000
41708,0.000730632,0.730632,1000
41709,0.001087757,1.087757,1000
41710,0.000276849,0.276849,1000
41711,0.003198584,3.198584,1000
41712,0.0027975,2.7975,1000
41713,0.00133556,1.33556,1000
41714,0.001250761,1.250761,1000
41715,0.000427166,0.427166,1000
41716,0.015859411,15.859411,1000
41717,0.001142019,1.142019,1000
41718,0.001513667,1.513667,1000
41719,0.001109219,1.109219,1000
41720,0.004047817,4.047817,1000
41721,0.001043007,1.043007,1000
41722,0.06457589,64.57589,1000
41723,0.001854966,1.854966,1000
41724,0.002371718,2.371718,1000
41725,0.000588724,0.588724,1000
41726,0.003007884,3.007884,1000
41727,0.001044721,1.044721,1000
41728,0.000406226,0.406226,1000
41729,0.004917286,4.917286,1000
41730,0.005707959,5.707959,1000
41731,0.000800015,0.800015,1000
41732,0.003256437,3.256437,1000
41733,0.000485314,0.485314,1000
41734,0.005743685,5.743685,1000
41735,0.002717802,2.717802,1000
41736,0.000347499,0.347499,1000
41737,0.008072799,8.072799,1000
41738,0.00052527,0.52527,1000
41739,0.000692489,0.692489,1000
41740,0.008061767,8.061767,1000
41741,0.002219054,2.219054,1000
41742,0.002902069,2.902069,1000
41743,0.000801315,0.801315,1000
41744,0.007902851,7.902851,1000
41745,0.001087518,1.087518,1000
41746,0.004141187,4.141187,1000
41747,0.131265654,131.265654,1000
41748,0.00074043,0.74043,1000
41749,0.000683427,0.683427,1000
41750,0.004131855,4.131855,1000
41751,0.000454714,0.454714,1000
41752,0.001054919,1.054919,1000
41753,0.000531653,0.531653,1000
41754,0.000993186,0.993186,1000
41755,0.001593199,1.593199,1000
41756,0.000795512,0.795512,1000
41757,0.008315092,8.315092,1000
41758,0.000659506,0.659506,1000
41759,0.000257402,0.257402,1000
41760,0.000552674,0.552674,1000
41761,0.285107704,285.107704,1000
41762,0.001019866,1.019866,1000
41763,0.000837475,0.837475,1000
41764,0.000663805,0.663805,1000
41765,0.001073149,1.073149,1000
41766,0.001586527,1.586527,1000
41767,0.003022573,3.022573,1000
41768,0.001251688,1.251688,1000
41769,0.003706376,3.706376,1000
41770,0.000656469,0.656469,1000
41771,0.001153677,1.153677,1000
41772,0.001215473,1.215473,1000
41773,0.002069291,2.069291,1000
41774,0.02869436,28.69436,1000
41775,0.00086874,0.86874,1000
41776,0.130194379,130.194379,1000
41777,0.000924355,0.924355,1000
41778,0.001563299,1.563299,1000
41779,0.008571615,8.571615,1000
41780,0.001482862,1.482862,1000
41781,0.002842921,2.842921,1000
41782,0.000760531,0.760531,1000
41783,0.016954892,16.954892,1000
41784,0.000783777,0.783777,1000
41785,0.00148874,1.48874,1000
41786,0.001001581,1.001581,1000
41787,0.001251177,1.251177,1000
41788,0.00272406,2.72406,1000
41789,0.000886378,0.886378,1000
41790,0.000552725,0.552725,1000
41791,0.000923345,0.923345,1000
41792,0.001042957,1.042957,1000
41793,0.000331884,0.331884,1000
41794,0.003002634,3.002634,1000
41795,0.056329299,56.329299,1000
41796,0.000758006,0.758006,1000
41797,0.001692628,1.692628,1000
41798,0.001134926,1.134926,1000
41800,0.005094648,5.094648,1000
41801,0.001050407,1.050407,1000
41802,0.001548414,1.548414,1000
41803,0.001255912,1.255912,1000
41804,0.00084871,0.84871,1000
41805,0.001215785,1.215785,1000
41806,0.008343134,8.343134,1000
41807,0.004032645,4.032645,1000
41808,0.000626211,0.626211,1000
41809,0.000608685,0.608685,1000
41810,0.09689972,96.89972,1000
41811,0.000746817,0.746817,1000
41812,0.001150389,1.150389,1000
41813,0.001052327,1.052327,1000
41814,0.002700787,2.700787,1000
41815,0.003807866,3.807866,1000
41816,0.002989248,2.989248,1000
41817,0.002877978,2.877978,1000
41818,0.006009486,6.009486,1000
41819,0.001722797,1.722797,1000
41820,0.001057036,1.057036,1000
41821,0.000617418,0.617418,1000
41822,0.001574293,1.574293,1000
41823,0.00105043,1.05043,1000
41824,0.000548662,0.548662,1000
41825,0.001085606,1.085606,1000
41826,0.000655908,0.655908,1000
41827,0.008153767,8.153767,1000
41828,0.000797318,0.797318,1000
41829,0.003000663,3.000663,1000
41830,0.008014658,8.014658,1000
41831,0.026661593,26.661593,1000
41832,0.000975013,0.975013,1000
41833,0.000901913,0.901913,1000
41834,0.00943636,9.43636,1000
41835,0.595287691,595.287691,1000
41836,0.039939244,39.939244,1000
41837,0.000884374,0.884374,1000
41838,0.003042958,3.042958,1000
41839,0.002866069,2.866069,1000
41840,0.002266886,2.266886,1000
41841,0.015893917,15.893917,1000
41842,0.003139756,3.139756,1000
41843,0.001010701,1.010701,1000
41844,0.006004713,6.004713,1000
41845,0.001281818,1.281818,1000
41846,0.003154986,3.154986,1000
41847,0.001043554,1.043554,1000
41848,0.000592257,0.592257,1000
41849,0.013946653,13.946653,1000
41850,0.000455237,0.455237,1000
41851,0.000622309,0.622309,1000
41852,0.108936934,108.936934,1000
41853,0.001351884,1.351884,1000
41854,0.002809493,2.809493,1000
41855,0.000626234,0.626234,1000
41856,0.0011818,1.1818,1000
41857,0.00057813,0.57813,1000
41858,0.001081154,1.081154,1000
41859,0.001185358,1.185358,1000
41860,0.002615996,2.615996,1000
41861,0.007984605,7.984605,1000
41862,0.001285309,1.285309,1000
41863,0.040204727,40.204727,1000
41864,0.001134919,1.134919,1000
41865,0.000499785,0.499785,1000
41866,0.000806727,0.806727,1000
41867,0.006399237,6.399237,1000
41868,0.000591107,0.591107,1000
41869,0.056337075,56.337075,1000
41870,0.000664952,0.664952,1000
41871,0.001171504,1.171504,1000
41872,0.001131068,1.131068,1000
41873,0.001085569,1.085569,1000
41874,0.001376162,1.376162,1000
41875,0.002752921,2.752921,1000
41876,0.000769563,0.769563,1000
41877,0.000641691,0.641691,1000
41878,0.000854927,0.854927,1000
41879,0.020729593,20.729593,1000
41880,0.000830834,0.830834,1000
41881,0.000625704,0.625704,1000
41882,0.016906309,16.906309,1000
41883,0.001011936,1.011936,1000
41884,0.001202146,1.202146,1000
41885,0.000969908,0.969908,1000
41886,0.001613775,1.613775,1000
41887,0.001729308,1.729308,1000
41888,0.000761876,0.761876,1000
41889,0.019501492,19.501492,1000
41890,0.00083501,0.83501,1000
41891,0.595283003,595.283003,1000
41892,0.0011823,1.1823,1000
41893,0.001154811,1.154811,1000
41894,0.000939117,0.939117,1000
41895,0.000780099,0.780099,1000
41896,0.121147325,121.147325,1000
41897,0.000743856,0.743856,1000
41898,0.124315589,124.315589,1000
41899,0.001886789,1.886789,1000
41900,0.000937243,0.937243,1000
41901,0.002633699,2.633699,1000
41902,0.000866159,0.866159,1000
41903,0.000793301,0.793301,1000
41904,0.002258398,2.258398,1000
41905,0.000302366,0.302366,1000
41906,0.001448631,1.448631,1000
41907,0.001735738,1.735738,1000
41908,0.001107626,1.107626,1000
41909,0.002714398,2.714398,1000
41910,0.001319304,1.319304,1000
41911,0.001681571,1.681571,1000
41912,0.001043007,1.043007,1000
41913,0.000731879,0.731879,1000
41914,0.000878382,0.878382,1000
41915,0.000846659,0.846659,1000
41916,0.000993186,0.993186,1000
41917,0.00092199,0.92199,1000
41918,0.001155422,1.155422,1000
41919,0.000773734,0.773734,1000
41920,0.000797888,0.797888,1000
41921,0.000786771,0.786771,1000
41922,0.000720191,0.720191,1000
41923,0.001638652,1.638652,1000
41924,0.001285455,1.285455,1000
41925,0.00137371,1.37371,1000
41926,0.001099005,1.099005,1000
41927,0.000801489,0.801489,1000
41928,0.000603194,0.603194,1000
41929,0.000861596,0.861596,1000
41930,0.001682043,1.682043,1000
41931,0.019269934,19.269934,1000
41932,0.000571876,0.571876,1000
41933,0.000809291,0.809291,1000
41934,0.018159292,18.159292,1000
41935,0.0013492,1.3492,1000
41936,0.000769705,0.769705,1000
41937,0.178323959,178.323959,1000
41938,0.002937973,2.937973,1000
41939,0.001213803,1.213803,1000
41940,0.003477838,3.477838,1000
41941,0.001168882,1.168882,1000
41942,0.001010949,1.010949,1000
41943,0.001190158,1.190158,1000
41944,0.000596361,0.596361,1000
41945,0.010993607,10.993607,1000
41946,0.001157632,1.157632,1000
41947,0.009114605,9.114605,1000
41948,0.000776804,0.776804,1000
41949,0.000879355,0.879355,1000
41950,0.002454429,2.454429,1000
41951,0.009567425,9.567425,1000
41952,0.030850192,30.850192,1000
41953,0.000830194,0.830194,1000
41954,0.005147811,5.147811,1000
41955,0.001024527,1.024527,1000
41956,0.003207177,3.207177,1000
41957,0.00083705,0.83705,1000
41958,0.008237107,8.237107,1000
41959,0.001233176,1.233176,1000
41960,0.000719099,0.719099,1000
41961,0.001031935,1.031935,1000
41962,0.000915802,0.915802,1000
41963,0.00138858,1.38858,1000
41964,0.000611452,0.611452,1000
41965,0.000901234,0.901234,1000
41966,0.002207987,2.207987,1000
41967,0.000560889,0.560889,1000
41968,0.000993186,0.993186,1000
41969,0.00805497,8.05497,1000
41970,0.000849008,0.849008,1000
41971,0.000663058,0.663058,1000
41972,0.001134926,1.134926,1000
41973,0.001213705,1.213705,1000
41974,0.001382519,1.382519,1000
41975,0.000825966,0.825966,1000
41976,0.003589358,3.589358,1000
41977,0.001144266,1.144266,1000
41978,0.001609087,1.609087,1000
41979,0.001874678,1.874678,1000
41980,0.00074521,0.74521,1000
41981,0.000993124,0.993124,1000
41982,0.001062519,1.062519,1000
41983,0.000911421,0.911421,1000
41984,0.001321128,1.321128,1000
41985,0.000613904,0.613904,1000
41986,0.000582476,0.582476,1000
41987,0.00081312,0.81312,1000
41988,0.000794431,0.794431,1000
41989,0.000518617,0.518617,1000
41990,0.003300287,3.300287,1000
41991,0.000937396,0.937396,1000
41992,0.000745455,0.745455,1000
41993,0.0007621,0.7621,1000
41994,0.099572621,99.572621,1000
41995,0.00099429,0.99429,1000
41996,0.001235331,1.235331,1000
41997,0.691047003,691.047003,1000
41998,0.000650069,0.650069,1000
41999,0.000961198,0.961198,1000
42000,0.004344882,4.344882,1000
42001,0.000976586,0.976586,1000
42002,0.001780509,1.780509,1000
42003,0.001402775,1.402775,1000
42004,0.000715384,0.715384,1000
42005,0.001467782,1.467782,1000
42006,0.000883321,0.883321,1000
42007,0.001062519,1.062519,1000
42008,0.000842306,0.842306,1000
42009,0.104690864,104.690864,1000
42010,0.001403966,1.403966,1000
42011,0.056543916,56.543916,1000
42012,0.001505839,1.505839,1000
42013,0.000811354,0.811354,1000
42014,0.000876542,0.876542,1000
42015,0.000579526,0.579526,1000
42016,0.001203835,1.203835,1000
42017,0.00103168,1.03168,1000
42018,0.001139001,1.139001,1000
42019,0.001044721,1.044721,1000
42020,0.000802749,0.802749,1000
42021,0.000928878,0.928878,1000
42022,0.121338106,121.338106,1000
42023,0.001028406,1.028406,1000
42024,0.000818164,0.818164,1000
42025,0.002825856,2.825856,1000
42026,0.026716742,26.716742,1000
42027,0.004134433,4.134433,1000
42028,0.000893294,0.893294,1000
42029,0.001544216,1.544216,1000
42030,0.570831328,570.831328,1000
42031,0.004214783,4.214783,1000
42032,0.003025482,3.025482,1000
42033,0.000783777,0.783777,1000
42034,0.000728421,0.728421,1000
42035,0.000894169,0.894169,1000
42036,0.001104928,1.104928,1000
42037,0.00053573,0.53573,1000
42038,0.000762736,0.762736,1000
42039,0.000704969,0.704969,1000
42040,0.000783777,0.783777,1000
42041,0.001822313,1.822313,1000
42042,0.000964089,0.964089,1000
42043,0.000993186,0.993186,1000
42044,0.001088061,1.088061,1000
42045,0.06457915,64.57915,1000
42046,0.001062569,1.062569,1000
42047,0.06457915,64.57915,1000
42048,0.001213858,1.213858,1000
42049,0.000964614,0.964614,1000
42050,0.084024856,84.024856,1000
42051,0.00086062,0.86062,1000
42052,0.001826577,1.826577,1000
42053,0.015998981,15.998981,1000
42054,0.000599278,0.599278,1000
42055,0.000700307,0.700307,1000
42056,0.000772579,0.772579,1000
42057,0.000470949,0.470949,1000
42058,0.000973046,0.973046,1000
42059,0.003353492,3.353492,1000
42060,0.000857832,0.857832,1000
42061,0.001042817,1.042817,1000
42062,0.003349262,3.349262,1000
42063,0.001516567,1.516567,1000
42064,0.000501028,0.501028,1000
42065,0.00141239,1.41239,1000
42066,0.001319772,1.319772,1000
42067,0.001449664,1.449664,1000
42068,0.000857089,0.857089,1000
42069,0.001402484,1.402484,1000
42070,0.000853846,0.853846,1000
42071,0.002793794,2.793794,1000
42072,0.001606076,1.606076,1000
42073,0.002984737,2.984737,1000
42074,0.000696753,0.696753,1000
42075,0.001155282,1.155282,1000
42076,0.008256714,8.256714,1000
42077,0.008519081,8.519081,1000
42078,0.001042979,1.042979,1000
42079,0.051124954,51.124954,1000
42080,0.001288585,1.288585,1000
42081,0.001112899,1.112899,1000
42082,0.001201635,1.201635,1000
42083,0.000758473,0.758473,1000
42084,0.002705474,2.705474,1000
42085,0.001042957,1.042957,1000
42086,0.008285376,8.285376,1000
42087,0.001632907,1.632907,1000
42088,0.001029247,1.029247,1000
42089,0.000833621,0.833621,1000
42090,0.001054558,1.054558,1000
42091,0.002853323,2.853323,1000
42092,0.001656285,1.656285,1000
42093,0.000967271,0.967271,1000
42094,0.000687621,0.687621,1000
42095,0.000725301,0.725301,1000
42096,0.00066611,0.66611,1000
42097,0.027017481,27.017481,1000
42098,0.001656285,1.656285,1000
42099,0.016016583,16.016583,1000
42100,0.001508954,1.508954,1000
42101,0.001260094,1.260094,1000
42102,0.001608895,1.608895,1000
42103,0.030990253,30.990253,1000
42104,0.000726108,0.726108,1000
42105,0.001042957,1.042957,1000
42106,0.001075011,1.075011,1000
42107,0.000816375,0.816375,1000
42108,0.000456174,0.456174,1000
42109,0.007864858,7.864858,1000
42110,0.000780889,0.780889,1000
42111,0.001209105,1.209105,1000
42112,0.002810038,2.810038,1000
42113,0.001151,1.151,1000
42114,0.002988048,2.988048,1000
42115,0.001524997,1.524997,1000
42116,0.011833063,11.833063,1000
42117,0.001071083,1.071083,1000
42118,0.002887481,2.887481,1000
42119,0.097014105,97.014105,1000
42120,0.000783777,0.783777,1000
42121,0.000772707,0.772707,1000
42122,0.000803139,0.803139,1000
42123,0.000404803,0.404803,1000
42124,0.002756881,2.756881,1000
42125,0.002154453,2.154453,1000
42126,0.001024494,1.024494,1000
42127,0.001042979,1.042979,1000
42128,0.001603065,1.603065,1000
42129,0.001289806,1.289806,1000
42130,0.000936279,0.936279,1000
42131,0.000804888,0.804888,1000
42132,0.00081312,0.81312,1000
42133,0.017902175,17.902175,1000
42134,0.000942366,0.942366,1000
42135,0.016724405,16.724405,1000
42136,0.004421002,4.421002,1000
42137,0.000752526,0.752526,1000
42138,0.000879628,0.879628,1000
42139,0.001255625,1.255625,1000
42140,0.001360149,1.360149,1000
42141,0.001442292,1.442292,1000
42142,0.00068893,0.68893,1000
42143,0.001147967,1.147967,1000
42144,0.001717017,1.717017,1000
42145,0.089838645,89.838645,1000
42146,0.001080643,1.080643,1000
42147,0.001469591,1.469591,1000
42148,0.001510183,1.510183,1000
42149,0.003581269,3.581269,1000
42150,0.000838744,0.838744,1000
42151,0.004020422,4.020422,1000
42152,0.000688637,0.688637,1000
42153,0.001143068,1.143068,1000
42154,0.000548321,0.548321,1000
42155,0.000829843,0.829843,1000
42156,0.000838574,0.838574,1000
42157,0.002747709,2.747709,1000
42158,0.000872692,0.872692,1000
42159,0.001193495,1.193495,1000
42160,0.000493107,0.493107,1000
42161,0.000672507,0.672507,1000
42162,0.000566457,0.566457,1000
42163,0.001103768,1.103768,1000
42164,0.001011874,1.011874,1000
42165,0.008010922,8.010922,1000
42166,0.000724704,0.724704,1000
42167,0.000768225,0.768225,1000
42168,0.001182878,1.182878,1000
42169,0.000850641,0.850641,1000
42170,0.000841114,0.841114,1000
42171,0.002922882,2.922882,1000
42172,0.177269752,177.269752,1000
42173,0.001086727,1.086727,1000
42174,0.000382983,0.382983,1000
42175,0.000774893,0.774893,1000
42176,0.000443778,0.443778,1000
42177,0.000783777,0.783777,1000
42178,0.000507872,0.507872,1000
42179,0.000929609,0.929609,1000
42180,0.00074118,0.74118,1000
42181,0.000594106,0.594106,1000
42182,0.000700576,0.700576,1000
42183,0.002100096,2.100096,1000
42184,0.000621312,0.621312,1000
42185,0.0008699,0.8699,1000
42186,0.001061351,1.061351,1000
42187,0.000623453,0.623453,1000
42188,0.000782595,0.782595,1000
42189,0.000589194,0.589194,1000
42190,0.002025556,2.025556,1000
42191,0.000988162,0.988162,1000
42192,0.001071083,1.071083,1000
42194,0.001539132,1.539132,1000
42195,0.001010941,1.010941,1000
42196,0.00123555,1.23555,1000
42197,0.002439323,2.439323,1000
42198,0.000952137,0.952137,1000
42199,0.001839189,1.839189,1000
42200,0.000760368,0.760368,1000
42201,0.001930786,1.930786,1000
42202,0.000747954,0.747954,1000
42203,0.000761676,0.761676,1000
42204,0.000683514,0.683514,1000
42205,0.001088653,1.088653,1000
42206,0.001084645,1.084645,1000
42208,0.001092752,1.092752,1000
42209,0.000973784,0.973784,1000
42210,0.001188177,1.188177,1000
42211,0.000854841,0.854841,1000
42212,0.000866748,0.866748,1000
42213,0.001177685,1.177685,1000
42214,0.004969104,4.969104,1000
42215,0.000903259,0.903259,1000
42216,0.001312558,1.312558,1000
42217,0.001513667,1.513667,1000
42218,0.00296245,2.96245,1000
42219,0.000674177,0.674177,1000
42220,0.044608649,44.608649,1000
42221,0.000904915,0.904915,1000
42222,0.006652298,6.652298,1000
42223,0.001075533,1.075533,1000
42224,0.000921876,0.921876,1000
42225,0.001847775,1.847775,1000
42226,0.0014315,1.4315,1000
42227,0.000833514,0.833514,1000
42228,0.178547305,178.547305,1000
42229,0.595286263,595.286263,1000
42230,0.00103168,1.03168,1000
42231,0.000982282,0.982282,1000
42232,0.000681124,0.681124,1000
42233,0.064580577,64.580577,1000
42234,0.111496725,111.496725,1000
42235,0.00131201,1.31201,1000
42236,0.000908983,0.908983,1000
42237,0.001046744,1.046744,1000
42238,0.000534171,0.534171,1000
42239,0.001460046,1.460046,1000
42240,0.000593769,0.593769,1000
42241,0.001029247,1.029247,1000
42242,0.018088923,18.088923,1000
42243,0.001633535,1.633535,1000
42244,0.000260391,0.260391,1000
42245,0.026287673,26.287673,1000
42246,0.003864292,3.864292,1000
42247,0.000543836,0.543836,1000
42248,0.001057445,1.057445,1000
42249,0.000939646,0.939646,1000
42250,0.001281095,1.281095,1000
42251,0.000616456,0.616456,1000
42252,0.001182985,1.182985,1000
42253,0.001240295,1.240295,1000
42254,0.012487062,12.487062,1000
42255,0.001656285,1.656285,1000
42256,0.00088351,0.88351,1000
42257,0.000976813,0.976813,1000
42258,0.0028711,2.8711,1000
42259,0.001710352,1.710352,1000
42260,0.001151,1.151,1000
42261,0.000993186,0.993186,1000
42262,0.000910275,0.910275,1000
42263,0.000938724,0.938724,1000
42264,0.016401255,16.401255,1000
42265,0.000928825,0.928825,1000
42266,0.001017587,1.017587,1000
42267,0.000563679,0.563679,1000
42268,0.000883486,0.883486,1000
42269,0.000922234,0.922234,1000
42270,0.000596997,0.596997,1000
42271,0.001730306,1.730306,1000
42272,0.005692783,5.692783,1000
42273,0.001555476,1.555476,1000
42274,0.001167747,1.167747,1000
42275,0.000752729,0.752729,1000
42276,0.003811197,3.811197,1000
42277,0.001159882,1.159882,1000
42278,0.001116755,1.116755,1000
42279,0.00042851,0.42851,1000
42280,0.001116755,1.116755,1000
42281,0.001062569,1.062569,1000
42282,0.001244462,1.244462,1000
42283,0.000772701,0.772701,1000
42284,0.002922575,2.922575,1000
42285,0.005628743,5.628743,1000
42286,0.001071083,1.071083,1000
42287,0.001654111,1.654111,1000
42288,0.000993186,0.993186,1000
42289,0.003184748,3.184748,1000
42290,0.012337821,12.337821,1000
42291,0.001330285,1.330285,1000
42292,0.178318168,178.318168,1000
42293,0.689123139,689.123139,1000
42294,0.007150658,7.150658,1000
42295,0.005780632,5.780632,1000
42296,0.00403686,4.03686,1000
42297,0.010484427,10.484427,1000
42298,0.000953545,0.953545,1000
42299,0.001086336,1.086336,1000
42300,0.000685032,0.685032,1000
42301,0.004364563,4.364563,1000
42302,0.000783777,0.783777,1000
42303,0.004116074,4.116074,1000
42304,0.005775609,5.775609,1000
42305,0.001249748,1.249748,1000
42306,0.000755703,0.755703,1000
42307,0.000880393,0.880393,1000
42308,0.001337246,1.337246,1000
42309,0.001044721,1.044721,1000
42310,0.000609961,0.609961,1000
42311,0.00915334,9.15334,1000
42312,0.001126839,1.126839,1000
42313,0.002156177,2.156177,1000
42314,0.001100636,1.100636,1000
42315,0.00069335,0.69335,1000
42316,0.002004416,2.004416,1000
42317,0.00244326,2.44326,1000
42318,0.033264313,33.264313,1000
42319,0.000783777,0.783777,1000
42320,0.000503043,0.503043,1000
42321,0.000942948,0.942948,1000
42322,0.000424651,0.424651,1000
42323,0.001613775,1.613775,1000
42324,0.005435332,5.435332,1000
42325,0.001241118,1.241118,1000
42326,0.001170103,1.170103,1000
42327,0.000999929,0.999929,1000
42328,0.061978773,61.978773,1000
42329,0.008219668,8.219668,1000
42330,0.017038807,17.038807,1000
42331,0.005512832,5.512832,1000
42332,0.000816975,0.816975,1000
42333,0.000993124,0.993124,1000
42334,0.001155282,1.155282,1000
42335,0.000698764,0.698764,1000
42336,0.003952921,3.952921,1000
42337,0.000437614,0.437614,1000
42338,0.00103168,1.03168,1000
42339,0.000751927,0.751927,1000
42340,0.000810085,0.810085,1000
42341,0.001750714,1.750714,1000
42342,0.275488897,275.488897,1000
42343,0.001447502,1.447502,1000
42344,0.004360151,4.360151,1000
42345,0.121607899,121.607899,1000
42346,0.000884546,0.884546,1000
42347,0.003056641,3.056641,1000
42348,0.002923904,2.923904,1000
42349,0.009657736,9.657736,1000
42350,0.000995922,0.995922,1000
42351,0.027467803,27.467803,1000
42352,0.001523842,1.523842,1000
42353,0.001312126,1.312126,1000
42354,0.001270946,1.270946,1000
42355,0.000786314,0.786314,1000
42356,0.007417654,7.417654,1000
42357,0.000997001,0.997001,1000
42358,0.001184633,1.184633,1000
42359,0.001046616,1.046616,1000
42360,0.001992159,1.992159,1000
42361,0.000692593,0.692593,1000
42362,0.03871254,38.71254,1000
42363,0.001095718,1.095718,1000
42364,0.057212801,57.212801,1000
42365,0.00081312,0.81312,1000
42366,0.001346201,1.346201,1000
42367,0.000937371,0.937371,1000
42368,0.001382743,1.382743,1000
42369,0.000953545,0.953545,1000
42370,0.000752483,0.752483,1000
42371,0.000888077,0.888077,1000
42372,0.008275685,8.275685,1000
42373,0.000862864,0.862864,1000
42374,0.000711915,0.711915,1000
42375,0.001217744,1.217744,1000
42376,0.00088873,0.88873,1000
42377,0.000867849,0.867849,1000
42378,0.001291504,1.291504,1000
42379,0.246449004,246.449004,1000
42380,0.001204615,1.204615,1000
42381,0.000573616,0.573616,1000
42382,0.000711913,0.711913,1000
42383,0.000859074,0.859074,1000
42384,0.000983435,0.983435,1000
42385,0.000735894,0.735894,1000
42386,0.003303548,3.303548,1000
42387,0.001260212,1.260212,1000
42388,0.003665092,3.665092,1000
42389,0.00081992,0.81992,1000
42390,0.000867915,0.867915,1000
42391,0.001167143,1.167143,1000
42392,0.001252745,1.252745,1000
42393,0.000263353,0.263353,1000
42394,0.000672583,0.672583,1000
42395,0.000692118,0.692118,1000
42396,0.001494122,1.494122,1000
42397,0.000863817,0.863817,1000
42398,0.000871546,0.871546,1000
42399,0.002143085,2.143085,1000
42400,0.00081312,0.81312,1000
42401,0.001211751,1.211751,1000
42402,0.000581556,0.581556,1000
42403,0.001087512,1.087512,1000
42404,0.002212675,2.212675,1000
42405,0.006225076,6.225076,1000
42406,0.000993186,0.993186,1000
42407,0.000935513,0.935513,1000
42408,0.000896855,0.896855,1000
42409,0.001190254,1.190254,1000
42410,0.02115132,21.15132,1000
42411,0.002322734,2.322734,1000
42412,0.003216506,3.216506,1000
42413,0.043761917,43.761917,1000
42414,0.000668554,0.668554,1000
42415,0.000628098,0.628098,1000
42416,0.000989434,0.989434,1000
42417,0.003285964,3.285964,1000
42418,0.010916972,10.916972,1000
42419,0.000272982,0.272982,1000
42420,0.006008897,6.008897,1000
42421,0.002649105,2.649105,1000
42422,0.000948554,0.948554,1000
42423,0.040410226,40.410226,1000
42424,0.001153201,1.153201,1000
42425,0.000722499,0.722499,1000
42426,0.003074287,3.074287,1000
42427,0.001042319,1.042319,1000
42428,0.006562055,6.562055,1000
42429,0.001339226,1.339226,1000
42430,0.000990376,0.990376,1000
42431,0.003166775,3.166775,1000
42432,0.000993186,0.993186,1000
42433,0.000788518,0.788518,1000
42434,0.001033485,1.033485,1000
42435,0.001523753,1.523753,1000
42436,0.000898132,0.898132,1000
42437,0.000464088,0.464088,1000
42438,0.001258676,1.258676,1000
42439,0.001281456,1.281456,1000
42440,0.000618871,0.618871,1000
42441,0.001276436,1.276436,1000
42442,0.000993186,0.993186,1000
42443,0.003358986,3.358986,1000
42444,0.001097456,1.097456,1000
42445,0.002848413,2.848413,1000
42446,0.000718207,0.718207,1000
42447,0.000659814,0.659814,1000
42448,0.000762367,0.762367,1000
42449,0.000935513,0.935513,1000
42450,0.001618667,1.618667,1000
42451,0.000807447,0.807447,1000
42452,0.026871458,26.871458,1000
42453,0.001293679,1.293679,1000
42454,0.000798793,0.798793,1000
42455,0.001598511,1.598511,1000
42456,0.000996197,0.996197,1000
42457,0.000299348,0.299348,1000
42458,0.001564809,1.564809,1000
42459,0.000467711,0.467711,1000
42460,0.001125789,1.125789,1000
42461,0.008787172,8.787172,1000
42462,0.003664078,3.664078,1000
42463,0.001266392,1.266392,1000
42464,0.000523618,0.523618,1000
42465,0.000737229,0.737229,1000
42466,0.002990618,2.990618,1000
42467,0.008785824,8.785824,1000
42468,0.028541637,28.541637,1000
42469,0.004189741,4.189741,1000
42470,0.001085773,1.085773,1000
42471,0.000650641,0.650641,1000
42472,0.016332403,16.332403,1000
42473,0.000932402,0.932402,1000
42474,0.00323815,3.23815,1000
42475,0.000651611,0.651611,1000
42476,0.001514334,1.514334,1000
42477,0.000878594,0.878594,1000
42478,0.001292219,1.292219,1000
42479,0.000825966,0.825966,1000
42480,0.000760407,0.760407,1000
42481,0.000726091,0.726091,1000
42482,0.001126428,1.126428,1000
42483,0.007238488,7.238488,1000
42484,0.000673477,0.673477,1000
42485,0.001070445,1.070445,1000
42486,0.001215834,1.215834,1000
42487,0.001145409,1.145409,1000
42488,0.000926878,0.926878,1000
42489,0.0015009,1.5009,1000
42490,0.000838086,0.838086,1000
42491,0.008554497,8.554497,1000
42492,1.154492866,1154.492866,1000
42493,0.004348597,4.348597,1000
42494,0.000689402,0.689402,1000
42495,0.000885948,0.885948,1000
42496,0.000993186,0.993186,1000
42497,0.00078378,0.78378,1000
42498,0.00034934,0.34934,1000
42499,0.001249467,1.249467,1000
42500,0.000775478,0.775478,1000
42501,0.003498887,3.498887,1000
42502,0.005868324,5.868324,1000
42503,0.0015091,1.5091,1000
42504,0.210912304,210.912304,1000
42505,0.040179321,40.179321,1000
42506,0.016194844,16.194844,1000
42507,0.000864082,0.864082,1000
42508,0.001802974,1.802974,1000
42509,0.001522992,1.522992,1000
42510,0.000706526,0.706526,1000
42511,0.013409751,13.409751,1000
42512,0.00112596,1.12596,1000
42513,0.00560233,5.60233,1000
42514,0.000888789,0.888789,1000
42515,0.001670348,1.670348,1000
42516,0.001098253,1.098253,1000
42517,0.000470258,0.470258,1000
42518,0.013528851,13.528851,1000
42519,0.0011823,1.1823,1000
42520,0.000783777,0.783777,1000
42521,0.000993186,0.993186,1000
42522,0.001284312,1.284312,1000
42523,0.002800259,2.800259,1000
42524,0.000925174,0.925174,1000
42525,0.001372288,1.372288,1000
42526,0.001042957,1.042957,1000
42527,0.001941931,1.941931,1000
42528,0.000265757,0.265757,1000
42529,0.001107463,1.107463,1000
42530,0.014937202,14.937202,1000
42531,0.001147967,1.147967,1000
42532,0.000574186,0.574186,1000
42533,0.000794598,0.794598,1000
42534,0.001081715,1.081715,1000
42535,0.018975689,18.975689,1000
42536,0.001086092,1.086092,1000
42537,0.064580577,64.580577,1000
42538,0.000573418,0.573418,1000
42539,0.001003038,1.003038,1000
42540,0.075777106,75.777106,1000
42541,0.064580577,64.580577,1000
42542,0.00071216,0.71216,1000
42543,0.000650845,0.650845,1000
42544,0.001758502,1.758502,1000
42545,0.001358424,1.358424,1000
42546,0.004384519,4.384519,1000
42547,0.001273722,1.273722,1000
42548,0.001006227,1.006227,1000
42549,0.003367762,3.367762,1000
42550,0.000625733,0.625733,1000
42551,0.008664417,8.664417,1000
42552,0.000744047,0.744047,1000
42553,0.01004993,10.04993,1000
42554,0.000659623,0.659623,1000
42555,0.000340685,0.340685,1000
42557,0.00688066,6.88066,1000
42558,0.001081154,1.081154,1000
42559,0.00058851,0.58851,1000
42560,0.000732635,0.732635,1000
42561,0.003250244,3.250244,1000
42562,0.000993124,0.993124,1000
42563,0.00079873,0.79873,1000
42564,0.001169346,1.169346,1000
42565,0.010393061,10.393061,1000
42566,0.001062519,1.062519,1000
42567,0.000774885,0.774885,1000
42568,0.000698894,0.698894,1000
42569,0.010188545,10.188545,1000
42570,0.005870322,5.870322,1000
42571,0.00062925,0.62925,1000
42572,0.001260494,1.260494,1000
42573,0.001035341,1.035341,1000
42574,0.002714356,2.714356,1000
42575,0.001606176,1.606176,1000
42576,0.000631028,0.631028,1000
42577,0.001042957,1.042957,1000
42578,0.000884523,0.884523,1000
42579,0.000606265,0.606265,1000
42580,0.001124571,1.124571,1000
42581,0.003162669,3.162669,1000
42582,0.000825966,0.825966,1000
42583,0.524056307,524.056307,1000
42584,0.000847181,0.847181,1000
42585,0.001004731,1.004731,1000
42586,0.002360051,2.360051,1000
42587,0.00125679,1.25679,1000
42588,0.000904257,0.904257,1000
42589,0.082825771,82.825771,1000
42590,0.000898148,0.898148,1000
42591,0.003942137,3.942137,1000
42592,0.001187175,1.187175,1000
42593,0.003084891,3.084891,1000
42594,0.000817386,0.817386,1000
42595,0.001045898,1.045898,1000
42596,0.002910882,2.910882,1000
42597,0.001510527,1.510527,1000
42598,0.000993186,0.993186,1000
42599,0.002850311,2.850311,1000
42600,0.000580287,0.580287,1000
42601,0.000985258,0.985258,1000
42602,0.001199782,1.199782,1000
42603,0.002835025,2.835025,1000
42604,0.000424018,0.424018,1000
42605,0.001739614,1.739614,1000
42606,0.001430789,1.430789,1000
42607,0.000355787,0.355787,1000
42608,0.001130685,1.130685,1000
42609,0.000713213,0.713213,1000
42610,0.000729071,0.729071,1000
42611,0.001705806,1.705806,1000
42612,0.001262236,1.262236,1000
42613,0.001341835,1.341835,1000
42614,0.008123255,8.123255,1000
42615,0.001658036,1.658036,1000
42616,0.000360156,0.360156,1000
42617,0.000527789,0.527789,1000
42618,0.000712818,0.712818,1000
42619,0.004790001,4.790001,1000
42620,0.004584769,4.584769,1000
42621,0.002994023,2.994023,1000
42622,0.00205708,2.05708,1000
42623,0.000401255,0.401255,1000
42624,0.000460532,0.460532,1000
42625,0.000643049,0.643049,1000
42626,0.001071083,1.071083,1000
42627,0.000587228,0.587228,1000
42628,0.000978936,0.978936,1000
42629,0.000747487,0.747487,1000
42630,0.000460759,0.460759,1000
42631,0.000989093,0.989093,1000
42632,0.00081312,0.81312,1000
42633,0.000783777,0.783777,1000
42634,0.000941089,0.941089,1000
42635,0.00065425,0.65425,1000
42636,0.001278379,1.278379,1000
42637,0.001025598,1.025598,1000
42638,0.001277414,1.277414,1000
42639,0.000988925,0.988925,1000
42640,0.00125679,1.25679,1000
42641,0.000799024,0.799024,1000
42642,0.000863477,0.863477,1000
42643,0.000946783,0.946783,1000
42644,0.001403928,1.403928,1000
42645,0.00278265,2.78265,1000
42646,0.001129519,1.129519,1000
42647,0.000674683,0.674683,1000
42648,0.001596128,1.596128,1000
42649,0.035501457,35.501457,1000
42650,0.00074081,0.74081,1000
42651,0.000682216,0.682216,1000
42652,0.056633055,56.633055,1000
42653,0.00078378,0.78378,1000
42654,0.00030198,0.30198,1000
42655,0.001078344,1.078344,1000
42656,0.001363532,1.363532,1000
42657,0.001413817,1.413817,1000
42658,0.000794809,0.794809,1000
42659,0.0007726,0.7726,1000
42660,0.000929955,0.929955,1000
42661,0.001315818,1.315818,1000
42662,0.005028663,5.028663,1000
42663,0.000813123,0.813123,1000
42664,0.000783777,0.783777,1000
42665,0.000312966,0.312966,1000
42666,0.005546925,5.546925,1000
42667,0.000772169,0.772169,1000
42668,0.000993186,0.993186,1000
42669,0.014317502,14.317502,1000
42670,0.000967022,0.967022,1000
42671,0.002883027,2.883027,1000
42672,0.003172687,3.172687,1000
42673,0.001142425,1.142425,1000
42674,0.00097469,0.97469,1000
42675,0.000556068,0.556068,1000
42676,0.023946916,23.946916,1000
42677,0.001698969,1.698969,1000
42678,0.000803514,0.803514,1000
42679,0.001702229,1.702229,1000
42680,0.014717969,14.717969,1000
42681,0.001703656,1.703656,1000
42682,0.000757984,0.757984,1000
42683,0.001702229,1.702229,1000
42684,0.001860077,1.860077,1000
42685,0.001698969,1.698969,1000
42686,0.003335653,3.335653,1000
42687,0.001803733,1.803733,1000
42688,0.001698969,1.698969,1000
42689,0.001334857,1.334857,1000
42690,0.000935513,0.935513,1000
42691,0.000865406,0.865406,1000
42692,0.001682552,1.682552,1000
42693,0.000646719,0.646719,1000
42694,0.00110903,1.10903,1000
42695,0.001702229,1.702229,1000
42696,0.00073883,0.73883,1000
42697,0.001065115,1.065115,1000
42698,0.001702229,1.702229,1000
42699,0.001682552,1.682552,1000
42700,0.001631817,1.631817,1000
42701,0.040356906,40.356906,1000
42702,0.001029247,1.029247,1000
42703,0.001041248,1.041248,1000
42704,0.016445815,16.445815,1000
42705,0.002908156,2.908156,1000
42706,0.018964555,18.964555,1000
42707,0.00081312,0.81312,1000
42708,0.000562893,0.562893,1000
42709,0.001110106,1.110106,1000
42710,0.002959598,2.959598,1000
42711,0.008215006,8.215006,1000
42712,0.019822824,19.822824,1000
42713,0.00114796,1.14796,1000
42714,0.00819314,8.19314,1000
42715,0.001047998,1.047998,1000
42716,0.008190607,8.190607,1000
42717,0.075326558,75.326558,1000
42718,0.001462522,1.462522,1000
42719,0.001042957,1.042957,1000
42720,0.038874671,38.874671,1000
42721,0.002917867,2.917867,1000
42722,0.000993186,0.993186,1000
42723,0.0015091,1.5091,1000
42724,0.001301581,1.301581,1000
42725,0.00086035,0.86035,1000
42726,0.000924355,0.924355,1000
42727,0.001370039,1.370039,1000
42728,0.000971825,0.971825,1000
42729,0.00117837,1.17837,1000
42730,0.000791219,0.791219,1000
42731,0.001917245,1.917245,1000
42732,0.019050423,19.050423,1000
42733,0.001294691,1.294691,1000
42734,0.000730882,0.730882,1000
42735,0.000658083,0.658083,1000
42736,0.000686353,0.686353,1000
42737,0.026649307,26.649307,1000
42738,0.000636406,0.636406,1000
42739,0.027355221,27.355221,1000
42740,0.001104063,1.104063,1000
42741,0.001044721,1.044721,1000
42742,0.002923421,2.923421,1000
42743,0.001497578,1.497578,1000
42744,0.00112596,1.12596,1000
42745,0.008911358,8.911358,1000
42746,0.010614385,10.614385,1000
42747,0.001746026,1.746026,1000
42748,0.004095519,4.095519,1000
42749,0.000578839,0.578839,1000
42750,0.097142453,97.142453,1000
42751,0.001290795,1.290795,1000
42752,0.003528492,3.528492,1000
42753,0.003189739,3.189739,1000
42754,0.001127875,1.127875,1000
42755,0.007048804,7.048804,1000
42756,0.001048245,1.048245,1000
42757,0.00149109,1.49109,1000
42758,0.000554875,0.554875,1000
42759,0.00103168,1.03168,1000
42760,0.000927879,0.927879,1000
42761,0.000937311,0.937311,1000
42762,0.003617165,3.617165,1000
42763,0.001371919,1.371919,1000
42764,0.001665994,1.665994,1000
42765,0.002582368,2.582368,1000
42766,0.000762547,0.762547,1000
42767,0.009842339,9.842339,1000
42768,0.121808809,121.808809,1000
42769,0.001609087,1.609087,1000
42770,0.00136289,1.36289,1000
42771,0.000628381,0.628381,1000
42772,0.001011936,1.011936,1000
42773,0.013179818,13.179818,1000
42774,0.001525076,1.525076,1000
42775,0.000945784,0.945784,1000
42776,0.000917947,0.917947,1000
42777,0.001334149,1.334149,1000
42778,0.000929317,0.929317,1000
42779,0.050731363,50.731363,1000
42780,0.000965928,0.965928,1000
42781,0.000872957,0.872957,1000
42782,0.001049221,1.049221,1000
42783,0.001654837,1.654837,1000
42784,0.002490013,2.490013,1000
42785,0.000828451,0.828451,1000
42786,0.0013422,1.3422,1000
42787,0.000786335,0.786335,1000
42788,0.000783421,0.783421,1000
42789,0.001428519,1.428519,1000
42790,0.001312864,1.312864,1000
42791,0.000702914,0.702914,1000
42792,0.000821397,0.821397,1000
42793,0.001751735,1.751735,1000
42794,0.000707558,0.707558,1000
42795,0.026585077,26.585077,1000
42796,0.178852675,178.852675,1000
42797,0.000934921,0.934921,1000
42798,0.000673277,0.673277,1000
42799,0.016465463,16.465463,1000
42800,0.000977131,0.977131,1000
42801,0.000319054,0.319054,1000
42802,0.002359222,2.359222,1000
42803,0.000950553,0.950553,1000
42804,0.007506076,7.506076,1000
42805,0.000796097,0.796097,1000
42806,0.121289077,121.289077,1000
42807,0.075118586,75.118586,1000
42808,0.465285263,465.285263,1000
42809,0.000613474,0.613474,1000
42810,0.001219033,1.219033,1000
42811,0.001312558,1.312558,1000
42812,0.001525076,1.525076,1000
42813,0.000717855,0.717855,1000
42814,0.004800263,4.800263,1000
42815,0.002237812,2.237812,1000
42816,0.210901402,210.901402,1000
42817,0.001135763,1.135763,1000
42818,0.016483897,16.483897,1000
42819,0.001416113,1.416113,1000
42820,0.00105043,1.05043,1000
42821,0.001151,1.151,1000
42822,0.056395406,56.395406,1000
42823,0.00089991,0.89991,1000
42824,0.416499092,416.499092,1000
42825,0.000622674,0.622674,1000
42826,0.003339159,3.339159,1000
42827,0.008368033,8.368033,1000
42828,0.149285755,149.285755,1000
42829,0.00115367,1.15367,1000
42830,0.000756668,0.756668,1000
42831,0.061872146,61.872146,1000
42832,0.001006227,1.006227,1000
42833,0.002743027,2.743027,1000
42834,0.003391741,3.391741,1000
42835,0.003987818,3.987818,1000
42836,0.001339784,1.339784,1000
42837,0.000725325,0.725325,1000
42838,0.007910663,7.910663,1000
42839,0.001071083,1.071083,1000
42840,0.000707769,0.707769,1000
42841,0.007685113,7.685113,1000
42842,0.000482882,0.482882,1000
42843,0.042143959,42.143959,1000
42844,0.002065277,2.065277,1000
42845,0.026720938,26.720938,1000
42846,0.026690471,26.690471,1000
42847,0.001020346,1.020346,1000
42848,0.016041799,16.041799,1000
42849,0.008513698,8.513698,1000
42850,0.000836699,0.836699,1000
42851,0.000880822,0.880822,1000
42852,0.003307074,3.307074,1000
42853,0.000853679,0.853679,1000
42854,0.00059667,0.59667,1000
42855,0.001007039,1.007039,1000
42856,0.003642255,3.642255,1000
42857,0.001183629,1.183629,1000
42858,0.004447203,4.447203,1000
42859,0.003063936,3.063936,1000
42860,0.001731926,1.731926,1000
42861,0.00114796,1.14796,1000
42862,0.000885948,0.885948,1000
42863,0.009154473,9.154473,1000
42864,0.000843286,0.843286,1000
42865,0.008226821,8.226821,1000
42866,0.000418014,0.418014,1000
42867,0.001805037,1.805037,1000
42868,0.001011936,1.011936,1000
42869,0.006634939,6.634939,1000
42870,0.001821889,1.821889,1000
42871,0.001152443,1.152443,1000
42872,0.002691522,2.691522,1000
42873,0.001527583,1.527583,1000
42874,0.011911069,11.911069,1000
42875,0.000774642,0.774642,1000
42876,0.001416289,1.416289,1000
42877,0.075630623,75.630623,1000
42878,0.000319841,0.319841,1000
42879,0.000387972,0.387972,1000
42880,0.003296267,3.296267,1000
42881,0.000882962,0.882962,1000
42882,0.000747701,0.747701,1000
42883,0.000795187,0.795187,1000
42884,0.001156707,1.156707,1000
42885,0.001082596,1.082596,1000
42886,0.000749581,0.749581,1000
42887,0.0002437,0.2437,1000
42888,0.000866795,0.866795,1000
42889,0.000585987,0.585987,1000
42890,0.000851462,0.851462,1000
42891,0.001134919,1.134919,1000
42892,0.000783777,0.783777,1000
42893,0.001011077,1.011077,1000
42894,0.000667272,0.667272,1000
42895,0.00103168,1.03168,1000
42896,0.001173657,1.173657,1000
42897,0.00077683,0.77683,1000
42898,0.001520625,1.520625,1000
42899,0.012794261,12.794261,1000
42900,0.000751845,0.751845,1000
42901,0.075077907,75.077907,1000
42902,0.002035941,2.035941,1000
42903,0.001005076,1.005076,1000
42904,0.148481255,148.481255,1000
42905,0.001196712,1.196712,1000
42906,0.000963771,0.963771,1000
42907,0.000485533,0.485533,1000
42908,0.002048865,2.048865,1000
42909,0.000570472,0.570472,1000
42910,0.015884956,15.884956,1000
42911,0.000332487,0.332487,1000
42912,0.000902429,0.902429,1000
42913,0.004107182,4.107182,1000
42914,0.001146356,1.146356,1000
42915,0.052500472,52.500472,1000
42916,0.002889381,2.889381,1000
42917,0.007973025,7.973025,1000
42918,0.001620103,1.620103,1000
42919,0.001044721,1.044721,1000
42920,0.000437051,0.437051,1000
42921,0.00129343,1.29343,1000
42922,0.001221487,1.221487,1000
42923,0.001152443,1.152443,1000
42924,0.008692774,8.692774,1000
42925,0.001086222,1.086222,1000
42926,0.00137604,1.37604,1000
42927,0.00081312,0.81312,1000
42928,0.000707485,0.707485,1000
42929,0.001609087,1.609087,1000
42930,0.000719863,0.719863,1000
42931,0.000783777,0.783777,1000
42932,0.001162826,1.162826,1000
42933,0.000401563,0.401563,1000
42934,0.000761453,0.761453,1000
42935,0.001155124,1.155124,1000
42936,0.000386358,0.386358,1000
42937,0.000924182,0.924182,1000
42938,0.003196868,3.196868,1000
42939,0.040018551,40.018551,1000
42940,0.000881307,0.881307,1000
42941,0.000626578,0.626578,1000
42942,0.008185421,8.185421,1000
42943,0.000944697,0.944697,1000
42944,0.001283201,1.283201,1000
42945,0.023573091,23.573091,1000
42946,0.00081914,0.81914,1000
42947,0.001033663,1.033663,1000
42948,0.000785239,0.785239,1000
42949,0.000525344,0.525344,1000
42950,0.001071083,1.071083,1000
42951,0.002781221,2.781221,1000
42952,0.004034463,4.034463,1000
42953,0.000382492,0.382492,1000
42954,0.000782911,0.782911,1000
42955,0.00447897,4.47897,1000
42956,0.003113174,3.113174,1000
42957,0.009231404,9.231404,1000
42958,0.000977131,0.977131,1000
42959,0.002939478,2.939478,1000
42960,0.001152443,1.152443,1000
42961,0.047916033,47.916033,1000
42962,0.000834175,0.834175,1000
42963,0.006052334,6.052334,1000
42964,0.001205656,1.205656,1000
42965,0.001543768,1.543768,1000
42966,0.001223642,1.223642,1000
42967,0.014905974,14.905974,1000
42968,0.003020114,3.020114,1000
42969,0.003766204,3.766204,1000
42970,0.001062502,1.062502,1000
42971,0.003300287,3.300287,1000
42972,0.000800291,0.800291,1000
42973,0.001004478,1.004478,1000
42974,0.000775838,0.775838,1000
42975,0.000568674,0.568674,1000
42976,0.003487423,3.487423,1000
42977,0.008393567,8.393567,1000
42978,0.001011936,1.011936,1000
42979,0.000413917,0.413917,1000
42980,0.001939787,1.939787,1000
42981,0.001199305,1.199305,1000
42982,0.000630061,0.630061,1000
42983,0.000825966,0.825966,1000
42984,0.001339784,1.339784,1000
42985,0.0004374,0.4374,1000
42986,0.000775947,0.775947,1000
42987,0.001584563,1.584563,1000
42988,0.00084061,0.84061,1000
42989,0.005087248,5.087248,1000
42990,0.000794808,0.794808,1000
42991,0.001039313,1.039313,1000
42992,0.00115367,1.15367,1000
42993,0.000874977,0.874977,1000
42994,0.004273922,4.273922,1000
42995,0.002335801,2.335801,1000
42996,0.019128188,19.128188,1000
42997,0.004411035,4.411035,1000
42998,0.000596183,0.596183,1000
42999,0.015962785,15.962785,1000
43000,0.000968405,0.968405,1000
43001,0.003046504,3.046504,1000
43002,0.000741293,0.741293,1000
43003,0.000658365,0.658365,1000
43004,0.002395255,2.395255,1000
43005,0.001011936,1.011936,1000
43006,0.000692755,0.692755,1000
43007,0.001236392,1.236392,1000
43008,0.000658687,0.658687,1000
43009,0.001266696,1.266696,1000
43010,0.000904389,0.904389,1000
43011,0.000767096,0.767096,1000
43012,0.000519594,0.519594,1000
43013,0.001133691,1.133691,1000
43014,0.00096913,0.96913,1000
43015,0.001292519,1.292519,1000
43016,0.002045534,2.045534,1000
43017,0.000908816,0.908816,1000
43018,0.004466378,4.466378,1000
43019,0.000759384,0.759384,1000
43020,0.000979319,0.979319,1000
43021,0.001203642,1.203642,1000
43022,0.246417019,246.417019,1000
43023,0.000723862,0.723862,1000
43024,0.000866809,0.866809,1000
43025,0.003668772,3.668772,1000
43026,0.001141219,1.141219,1000
43027,0.000940237,0.940237,1000
43028,0.001525312,1.525312,1000
43029,0.000435373,0.435373,1000
43030,0.001011936,1.011936,1000
43031,0.001667255,1.667255,1000
43032,0.001042957,1.042957,1000
43033,0.000258901,0.258901,1000
43034,0.008258122,8.258122,1000
43035,0.004326795,4.326795,1000
43036,0.001000921,1.000921,1000
43037,0.001227548,1.227548,1000
43038,0.001625556,1.625556,1000
43039,0.000697082,0.697082,1000
43040,0.009542309,9.542309,1000
43041,0.000874111,0.874111,1000
43042,0.02545035,25.45035,1000
43043,0.001537418,1.537418,1000
43044,0.001577295,1.577295,1000
43045,0.000879054,0.879054,1000
43046,0.001312558,1.312558,1000
43047,0.001154829,1.154829,1000
43048,0.000591913,0.591913,1000
43049,0.001541082,1.541082,1000
43050,0.000650446,0.650446,1000
43051,0.00871111,8.71111,1000
43052,0.000993186,0.993186,1000
43053,0.000752547,0.752547,1000
43054,0.00044426,0.44426,1000
43055,0.001006227,1.006227,1000
43056,0.000993186,0.993186,1000
43057,0.001042957,1.042957,1000
43058,0.001041519,1.041519,1000
43059,0.00448118,4.48118,1000
43060,0.000872517,0.872517,1000
43061,0.00366446,3.66446,1000
43062,0.001209787,1.209787,1000
43063,0.001041789,1.041789,1000
43064,0.005398018,5.398018,1000
43065,0.000575493,0.575493,1000
43066,0.001062541,1.062541,1000
43067,0.000569344,0.569344,1000
43068,0.000355062,0.355062,1000
43069,0.001026647,1.026647,1000
43070,0.001229418,1.229418,1000
43071,0.008095357,8.095357,1000
43072,0.001071105,1.071105,1000
43073,0.000790812,0.790812,1000
43074,0.000593561,0.593561,1000
43075,0.000907717,0.907717,1000
43076,0.00896233,8.96233,1000
43077,0.001373201,1.373201,1000
43078,0.001042288,1.042288,1000
43079,0.000833144,0.833144,1000
43080,0.008399172,8.399172,1000
43081,0.002823713,2.823713,1000
43082,0.001899171,1.899171,1000
43083,0.001134919,1.134919,1000
43084,0.214813404,214.813404,1000
43085,0.001161437,1.161437,1000
43086,0.000865861,0.865861,1000
43087,0.003376578,3.376578,1000
43088,0.000344788,0.344788,1000
43089,0.004443055,4.443055,1000
43090,0.001114371,1.114371,1000
43091,0.002045406,2.045406,1000
43092,0.001274886,1.274886,1000
43093,0.003026894,3.026894,1000
43094,0.001043007,1.043007,1000
43095,0.037983356,37.983356,1000
43096,0.001826577,1.826577,1000
43097,0.004510774,4.510774,1000
43098,0.367381873,367.381873,1000
43099,0.002916907,2.916907,1000
43100,0.000837371,0.837371,1000
43101,0.001153677,1.153677,1000
43102,0.000719763,0.719763,1000
43103,0.000581688,0.581688,1000
43104,0.002300591,2.300591,1000
43105,0.003021454,3.021454,1000
43106,0.000726728,0.726728,1000
43107,0.013626773,13.626773,1000
43108,0.00033439,0.33439,1000
43109,0.001650859,1.650859,1000
43110,0.000958532,0.958532,1000
43111,0.000912672,0.912672,1000
43112,0.001209753,1.209753,1000
43113,0.000765403,0.765403,1000
43114,0.000911471,0.911471,1000
43115,0.000754708,0.754708,1000
43116,0.000563611,0.563611,1000
43117,0.004084583,4.084583,1000
43118,0.000786665,0.786665,1000
43119,0.001474803,1.474803,1000
43120,0.001015484,1.015484,1000
43121,0.001052182,1.052182,1000
43122,0.000489476,0.489476,1000
43123,0.000783777,0.783777,1000
43124,0.000665983,0.665983,1000
43125,0.000797396,0.797396,1000
43126,0.000552662,0.552662,1000
43127,0.000317665,0.317665,1000
43128,0.000579773,0.579773,1000
43129,0.001452519,1.452519,1000
43130,0.000600024,0.600024,1000
43131,0.000678869,0.678869,1000
43132,0.000721112,0.721112,1000
43133,0.001557979,1.557979,1000
43134,0.001334072,1.334072,1000
43135,0.0015091,1.5091,1000
43136,0.00076654,0.76654,1000
43137,0.000893733,0.893733,1000
43138,0.002853391,2.853391,1000
43139,0.000765653,0.765653,1000
43140,0.000856681,0.856681,1000
43141,0.004443154,4.443154,1000
43142,0.013078343,13.078343,1000
43143,0.00114796,1.14796,1000
43144,0.001480195,1.480195,1000
43145,0.075491127,75.491127,1000
43146,0.064540811,64.540811,1000
43147,0.000299425,0.299425,1000
43148,0.003411653,3.411653,1000
43149,0.001385415,1.385415,1000
43150,0.016104385,16.104385,1000
43151,0.000960809,0.960809,1000
43152,0.000783104,0.783104,1000
43153,0.000568448,0.568448,1000
43154,0.000778765,0.778765,1000
43155,0.001011936,1.011936,1000
43156,0.001001252,1.001252,1000
43157,0.000677773,0.677773,1000
43158,0.000839052,0.839052,1000
43159,0.000783807,0.783807,1000
43160,0.008262046,8.262046,1000
43161,0.001041789,1.041789,1000
43162,0.595283003,595.283003,1000
43163,0.004090189,4.090189,1000
43164,0.000775104,0.775104,1000
43165,0.000921974,0.921974,1000
43166,0.000547223,0.547223,1000
43167,0.000919593,0.919593,1000
43168,0.004206639,4.206639,1000
43169,0.003395986,3.395986,1000
43170,0.00117497,1.17497,1000
43171,0.001542492,1.542492,1000
43172,0.001000921,1.000921,1000
43173,0.0050172,5.0172,1000
43174,0.000823733,0.823733,1000
43175,0.001138335,1.138335,1000
43176,0.00104294,1.04294,1000
43177,0.000811876,0.811876,1000
43178,0.000730041,0.730041,1000
43179,0.000661458,0.661458,1000
43180,0.000729972,0.729972,1000
43181,0.001614245,1.614245,1000
43182,0.000993186,0.993186,1000
43183,0.002967831,2.967831,1000
43184,0.00105568,1.05568,1000
43185,0.000637042,0.637042,1000
43186,0.000774724,0.774724,1000
43187,0.004325472,4.325472,1000
43188,0.00058381,0.58381,1000
43189,0.000520454,0.520454,1000
43190,0.000829225,0.829225,1000
43191,0.004556684,4.556684,1000
43192,0.000985587,0.985587,1000
43193,0.019111492,19.111492,1000
43194,0.000740653,0.740653,1000
43195,0.00081312,0.81312,1000
43196,0.000801922,0.801922,1000
43197,0.002782266,2.782266,1000
43198,0.000859591,0.859591,1000
43199,0.002409865,2.409865,1000
43200,0.000617363,0.617363,1000
43201,0.001062519,1.062519,1000
43202,0.000749179,0.749179,1000
43203,0.06457915,64.57915,1000
43204,0.001062502,1.062502,1000
43205,0.001216478,1.216478,1000
43206,0.000844673,0.844673,1000
43207,0.000660359,0.660359,1000
43208,0.001062502,1.062502,1000
43209,0.001298996,1.298996,1000
43210,0.000703881,0.703881,1000
43211,0.000455115,0.455115,1000
43212,0.003066298,3.066298,1000
43213,0.000682349,0.682349,1000
43214,0.000953485,0.953485,1000
43215,0.000993124,0.993124,1000
43216,0.00114744,1.14744,1000
43217,0.005631626,5.631626,1000
43218,0.002913682,2.913682,1000
43219,0.002985232,2.985232,1000
43220,0.000543666,0.543666,1000
43221,0.003015489,3.015489,1000
43222,0.001850877,1.850877,1000
43223,0.003515589,3.515589,1000
43224,0.000675151,0.675151,1000
43225,0.000788492,0.788492,1000
43226,0.003474345,3.474345,1000
43227,0.00130287,1.30287,1000
43228,0.000807524,0.807524,1000
43229,0.001609087,1.609087,1000
43230,0.000723496,0.723496,1000
43231,0.004011838,4.011838,1000
43232,0.000860815,0.860815,1000
43233,0.001236489,1.236489,1000
43234,0.00089606,0.89606,1000
43235,0.000801579,0.801579,1000
43236,0.006428526,6.428526,1000
43237,0.005338952,5.338952,1000
43238,0.011243055,11.243055,1000
43239,0.001139872,1.139872,1000
43240,0.000881954,0.881954,1000
43241,0.000809133,0.809133,1000
43242,0.000993186,0.993186,1000
43243,0.000631738,0.631738,1000
43244,0.000663918,0.663918,1000
43245,0.07547887,75.47887,1000
43246,0.004471874,4.471874,1000
43247,0.013666632,13.666632,1000
43248,0.000544989,0.544989,1000
43249,0.001007951,1.007951,1000
43250,0.000757502,0.757502,1000
43251,0.000663764,0.663764,1000
43252,0.000960809,0.960809,1000
43253,0.000641374,0.641374,1000
43254,0.001458541,1.458541,1000
43255,0.00192334,1.92334,1000
43256,0.001227118,1.227118,1000
43257,0.001011874,1.011874,1000
43258,0.001376094,1.376094,1000
43259,0.001089492,1.089492,1000
43260,0.001000921,1.000921,1000
43261,0.008145722,8.145722,1000
43262,0.001605656,1.605656,1000
43263,0.001358271,1.358271,1000
43264,0.001006165,1.006165,1000
43265,0.001111361,1.111361,1000
43266,0.001442449,1.442449,1000
43267,0.001385415,1.385415,1000
43268,0.000639598,0.639598,1000
43269,0.000825966,0.825966,1000
43270,0.000977131,0.977131,1000
43271,0.000486338,0.486338,1000
43272,0.000686357,0.686357,1000
43273,0.000979319,0.979319,1000
43274,0.008738635,8.738635,1000
43275,0.001090424,1.090424,1000
43276,0.001021076,1.021076,1000
43277,0.000687025,0.687025,1000
43278,0.001097456,1.097456,1000
43279,0.000708366,0.708366,1000
43280,0.0007958,0.7958,1000
43281,0.003465159,3.465159,1000
43282,0.001573964,1.573964,1000
43283,0.001743358,1.743358,1000
43284,0.00990271,9.90271,1000
43285,0.003435147,3.435147,1000
43286,0.001067982,1.067982,1000
43287,0.011027695,11.027695,1000
43288,0.001062569,1.062569,1000
43289,0.005770854,5.770854,1000
43290,0.001746026,1.746026,1000
43291,0.000866457,0.866457,1000
43292,0.003121612,3.121612,1000
43293,0.001062519,1.062519,1000
43294,0.001118475,1.118475,1000
43295,0.001062519,1.062519,1000
43296,0.000864797,0.864797,1000
43297,0.000639599,0.639599,1000
43298,0.003115839,3.115839,1000
43299,0.000942817,0.942817,1000
43300,0.001413817,1.413817,1000
43301,0.001069719,1.069719,1000
43302,0.008162658,8.162658,1000
43303,0.00431414,4.31414,1000
43304,0.007456534,7.456534,1000
43305,0.000738874,0.738874,1000
43306,0.249268467,249.268467,1000
43307,0.008097324,8.097324,1000
43308,0.00098059,0.98059,1000
43309,0.002615639,2.615639,1000
43310,0.001564022,1.564022,1000
43311,0.000783777,0.783777,1000
43312,0.003005079,3.005079,1000
43313,0.000693831,0.693831,1000
43314,0.001369524,1.369524,1000
43315,0.000851562,0.851562,1000
43316,0.595287691,595.287691,1000
43317,0.001097456,1.097456,1000
43318,0.00117323,1.17323,1000
43319,0.001011936,1.011936,1000
43320,0.000783777,0.783777,1000
43321,0.002177726,2.177726,1000
43322,0.009661898,9.661898,1000
43323,0.00157001,1.57001,1000
43324,0.00482408,4.82408,1000
43325,0.001139602,1.139602,1000
43326,0.002141086,2.141086,1000
43327,0.001510527,1.510527,1000
43328,0.001047998,1.047998,1000
43329,0.000963565,0.963565,1000
43330,0.000570563,0.570563,1000
43331,0.024480445,24.480445,1000
43332,0.003140423,3.140423,1000
43333,0.001134919,1.134919,1000
43334,0.001069915,1.069915,1000
43335,0.00081312,0.81312,1000
43336,0.001609087,1.609087,1000
43337,0.000636728,0.636728,1000
43338,0.000662978,0.662978,1000
43339,0.006123235,6.123235,1000
43340,0.001043007,1.043007,1000
43341,0.000700445,0.700445,1000
43342,0.001062379,1.062379,1000
43343,0.152142852,152.142852,1000
43344,0.003670372,3.670372,1000
43345,0.000688026,0.688026,1000
43346,0.00138222,1.38222,1000
43347,0.000358718,0.358718,1000
43348,0.026555313,26.555313,1000
43349,0.00532745,5.32745,1000
43350,0.001097456,1.097456,1000
43351,0.001510527,1.510527,1000
43352,0.001513667,1.513667,1000
43353,0.000648886,0.648886,1000
43354,0.000964089,0.964089,1000
43355,0.000916221,0.916221,1000
43356,0.001923198,1.923198,1000
43357,0.001598056,1.598056,1000
43358,0.001218698,1.218698,1000
43359,0.013302887,13.302887,1000
43360,0.001316819,1.316819,1000
43361,0.001011936,1.011936,1000
43362,0.000571096,0.571096,1000
43363,0.001042288,1.042288,1000
43364,0.001041789,1.041789,1000
43365,0.001073762,1.073762,1000
43366,0.001794411,1.794411,1000
43367,0.00159952,1.59952,1000
43368,0.000568389,0.568389,1000
43369,0.001826577,1.826577,1000
43370,0.002212675,2.212675,1000
43371,0.000603079,0.603079,1000
43372,0.07531937,75.31937,1000
43373,0.180392985,180.392985,1000
43374,0.149135516,149.135516,1000
43375,0.645875063,645.875063,1000
43376,0.001037379,1.037379,1000
43377,0.121332077,121.332077,1000
43378,0.026774528,26.774528,1000
43379,0.001179788,1.179788,1000
43380,0.003017003,3.017003,1000
43381,0.121599995,121.599995,1000
43382,0.000783777,0.783777,1000
43383,0.002157056,2.157056,1000
43384,0.001010701,1.010701,1000
43385,0.004177667,4.177667,1000
43386,0.000741773,0.741773,1000
43387,0.000284415,0.284415,1000
43388,0.000699671,0.699671,1000
43389,0.000993186,0.993186,1000
43390,0.001042957,1.042957,1000
43391,0.000725549,0.725549,1000
43392,0.000771618,0.771618,1000
43393,0.179637941,179.637941,1000
43394,0.370673778,370.673778,1000
43395,0.000877814,0.877814,1000
43396,0.000717319,0.717319,1000
43397,0.000799615,0.799615,1000
43398,0.001010704,1.010704,1000
43399,0.06457915,64.57915,1000
43400,0.000947994,0.947994,1000
43401,0.040354962,40.354962,1000
43402,0.000714474,0.714474,1000
43403,0.001004655,1.004655,1000
43404,0.008917543,8.917543,1000
43405,0.000667181,0.667181,1000
43406,0.006131095,6.131095,1000
43407,0.000900505,0.900505,1000
43408,0.000905011,0.905011,1000
43409,0.056144758,56.144758,1000
43410,0.010940298,10.940298,1000
43411,0.000968724,0.968724,1000
43412,0.000982522,0.982522,1000
43413,0.007322174,7.322174,1000
43414,0.001177207,1.177207,1000
43415,0.000813221,0.813221,1000
43416,0.000941717,0.941717,1000
43417,0.000811476,0.811476,1000
43418,0.002979302,2.979302,1000
43419,0.000848874,0.848874,1000
43420,0.001011233,1.011233,1000
43421,0.001520309,1.520309,1000
43422,0.000802839,0.802839,1000
43423,0.001429993,1.429993,1000
43424,0.000995922,0.995922,1000
43425,0.000926463,0.926463,1000
43426,0.001151883,1.151883,1000
43427,0.003352377,3.352377,1000
43428,0.000993186,0.993186,1000
43429,0.001821889,1.821889,1000
43430,0.001432357,1.432357,1000
43431,0.001224264,1.224264,1000
43432,0.0006288,0.6288,1000
43433,0.001118045,1.118045,1000
43434,0.000783777,0.783777,1000
43435,0.005898626,5.898626,1000
43436,0.00361816,3.61816,1000
43437,0.001302439,1.302439,1000
43438,0.001919561,1.919561,1000
43439,0.000783777,0.783777,1000
43440,0.000812823,0.812823,1000
43441,0.001033214,1.033214,1000
43442,0.001152443,1.152443,1000
43443,0.000948554,0.948554,1000
43444,0.00092898,0.92898,1000
43445,0.000476787,0.476787,1000
43446,0.00112596,1.12596,1000
43447,0.000783777,0.783777,1000
43448,0.001286062,1.286062,1000
43449,0.000845397,0.845397,1000
43450,0.000814337,0.814337,1000
43451,0.006588594,6.588594,1000
43452,0.000993186,0.993186,1000
43453,0.001250915,1.250915,1000
43454,0.000850973,0.850973,1000
43455,0.000817766,0.817766,1000
43456,0.064580577,64.580577,1000
43457,0.00090083,0.90083,1000
43458,0.000422406,0.422406,1000
43459,0.002942594,2.942594,1000
43460,0.003737357,3.737357,1000
43461,0.003077003,3.077003,1000
43462,0.000795585,0.795585,1000
43463,0.002319614,2.319614,1000
43464,0.00136988,1.36988,1000
43465,0.001267186,1.267186,1000
43466,0.015750721,15.750721,1000
43467,0.001505839,1.505839,1000
43468,0.003396789,3.396789,1000
43469,0.000935513,0.935513,1000
43470,0.001010701,1.010701,1000
43471,0.001326441,1.326441,1000
43472,0.001006165,1.006165,1000
43473,0.000783777,0.783777,1000
43474,0.000902237,0.902237,1000
43475,0.000521847,0.521847,1000
43476,0.001314091,1.314091,1000
43477,0.000437316,0.437316,1000
43478,0.000621332,0.621332,1000
43479,0.001091954,1.091954,1000
43480,0.001037936,1.037936,1000
43481,0.000795091,0.795091,1000
43482,0.000795086,0.795086,1000
43483,0.000805803,0.805803,1000
43484,0.000620992,0.620992,1000
43485,0.000723477,0.723477,1000
43486,0.001010338,1.010338,1000
43487,0.002212675,2.212675,1000
43488,0.001630727,1.630727,1000
43489,0.000659394,0.659394,1000
43490,0.00074302,0.74302,1000
43491,0.000717933,0.717933,1000
43492,0.000977975,0.977975,1000
43493,0.001205656,1.205656,1000
43494,0.001130398,1.130398,1000
43495,0.002853111,2.853111,1000
43496,0.000753987,0.753987,1000
43497,0.008080022,8.080022,1000
43498,0.000937243,0.937243,1000
43499,0.001448818,1.448818,1000
43500,0.000608204,0.608204,1000
43501,0.000777255,0.777255,1000
43502,0.000700362,0.700362,1000
43503,0.00326065,3.26065,1000
43504,0.001041893,1.041893,1000
43505,0.000610114,0.610114,1000
43506,0.000777677,0.777677,1000
43507,0.000663763,0.663763,1000
43508,0.000764094,0.764094,1000
43509,0.000855605,0.855605,1000
43510,0.001289356,1.289356,1000
43511,0.000617596,0.617596,1000
43512,0.000705345,0.705345,1000
43513,0.003007013,3.007013,1000
43514,0.000390823,0.390823,1000
43515,0.000585484,0.585484,1000
43516,0.00049769,0.49769,1000
43517,0.001634119,1.634119,1000
43518,0.001203396,1.203396,1000
43519,0.000460461,0.460461,1000
43520,0.001596899,1.596899,1000
43521,0.11697829,116.97829,1000
43522,0.003489482,3.489482,1000
43523,0.001044721,1.044721,1000
43524,0.001156467,1.156467,1000
43525,0.000971034,0.971034,1000
43526,0.001284312,1.284312,1000
43527,0.001119104,1.119104,1000
43528,0.000761674,0.761674,1000
43529,0.001042979,1.042979,1000
43530,0.002249653,2.249653,1000
43531,0.034968726,34.968726,1000
43532,0.001166399,1.166399,1000
43533,0.000923198,0.923198,1000
43534,0.001001897,1.001897,1000
43535,0.001126925,1.126925,1000
43536,0.000925603,0.925603,1000
43537,0.000845094,0.845094,1000
43538,0.000699764,0.699764,1000
43539,0.04840952,48.40952,1000
43540,0.000563811,0.563811,1000
43541,0.001042957,1.042957,1000
43542,0.001155282,1.155282,1000
43543,0.000632849,0.632849,1000
43544,0.000993186,0.993186,1000
43545,0.000909008,0.909008,1000
43546,0.037218753,37.218753,1000
43547,0.000634251,0.634251,1000
43548,0.00129342,1.29342,1000
43549,0.001022721,1.022721,1000
43550,0.000849358,0.849358,1000
43551,0.001144266,1.144266,1000
43552,0.346057595,346.057595,1000
43553,0.000783777,0.783777,1000
43554,0.000798589,0.798589,1000
43555,0.001493304,1.493304,1000
43556,0.000562582,0.562582,1000
43557,0.000704653,0.704653,1000
43558,0.247510854,247.510854,1000
43559,0.000718218,0.718218,1000
43560,0.000627359,0.627359,1000
43561,0.178663338,178.663338,1000
43562,0.002207987,2.207987,1000
43563,0.002476809,2.476809,1000
43564,0.247186845,247.186845,1000
43565,0.001190355,1.190355,1000
43566,0.000872238,0.872238,1000
43567,0.000379205,0.379205,1000
43568,0.010307702,10.307702,1000
43569,0.001537418,1.537418,1000
43570,0.064580577,64.580577,1000
43571,0.000996885,0.996885,1000
43572,0.000774009,0.774009,1000
43573,0.161934608,161.934608,1000
43574,0.001284055,1.284055,1000
43575,0.000821542,0.821542,1000
43576,0.000427696,0.427696,1000
43577,0.00075326,0.75326,1000
43578,0.00097764,0.97764,1000
43579,0.001382615,1.382615,1000
43580,0.000645558,0.645558,1000
43581,0.00112596,1.12596,1000
43582,0.000694001,0.694001,1000
43583,0.000857935,0.857935,1000
43584,0.001350054,1.350054,1000
43585,0.004911432,4.911432,1000
43586,0.465139865,465.139865,1000
43587,0.054903353,54.903353,1000
43588,0.0018238,1.8238,1000
43589,0.001047816,1.047816,1000
43590,0.007908018,7.908018,1000
43591,0.001174572,1.174572,1000
43592,0.00083975,0.83975,1000
43593,0.000922241,0.922241,1000
43594,0.000971328,0.971328,1000
43595,0.417498429,417.498429,1000
43596,0.000922241,0.922241,1000
43597,0.001821889,1.821889,1000
43598,0.001042817,1.042817,1000
43599,0.000537145,0.537145,1000
43600,0.000813802,0.813802,1000
43601,0.752511965,752.511965,1000
43602,0.000779453,0.779453,1000
43603,0.001038195,1.038195,1000
43604,0.001081154,1.081154,1000
43605,0.000922241,0.922241,1000
43606,0.001034945,1.034945,1000
43607,0.001087822,1.087822,1000
43608,0.000571056,0.571056,1000
43609,0.011786867,11.786867,1000
43610,0.001065914,1.065914,1000
43611,0.001061881,1.061881,1000
43612,0.578855087,578.855087,1000
43613,0.016279531,16.279531,1000
43614,0.001617086,1.617086,1000
43615,0.001613775,1.613775,1000
43616,0.00048888,0.48888,1000
43617,0.000755872,0.755872,1000
43618,0.00081709,0.81709,1000
43619,0.058138493,58.138493,1000
43620,0.001062502,1.062502,1000
43621,0.027807404,27.807404,1000
43622,0.001520309,1.520309,1000
43623,0.000693464,0.693464,1000
43624,0.011042175,11.042175,1000
43625,0.000242329,0.242329,1000
43626,0.007950444,7.950444,1000
43627,0.000929188,0.929188,1000
43628,0.178164708,178.164708,1000
43629,0.000993186,0.993186,1000
43630,0.000638739,0.638739,1000
43631,0.001202164,1.202164,1000
43632,0.000911071,0.911071,1000
43633,0.001144266,1.144266,1000
43634,0.000880317,0.880317,1000
43635,0.001170413,1.170413,1000
43636,0.001212647,1.212647,1000
43637,0.011673039,11.673039,1000
43638,0.007153424,7.153424,1000
43639,0.290201497,290.201497,1000
43640,0.008131566,8.131566,1000
43641,0.121358344,121.358344,1000
43642,0.000545128,0.545128,1000
43643,0.000728553,0.728553,1000
43644,0.001062519,1.062519,1000
43645,0.016026337,16.026337,1000
43646,0.121188595,121.188595,1000
43647,0.464239485,464.239485,1000
43648,0.0014081,1.4081,1000
43649,0.056392103,56.392103,1000
43650,0.00029854,0.29854,1000
43651,0.000340393,0.340393,1000
43652,0.001505839,1.505839,1000
43653,0.415132285,415.132285,1000
43654,0.002605463,2.605463,1000
43655,0.001369797,1.369797,1000
43656,0.002766992,2.766992,1000
43657,0.001134919,1.134919,1000
43658,0.001061881,1.061881,1000
43659,0.016202836,16.202836,1000
43660,0.000774027,0.774027,1000
43661,0.00099972,0.99972,1000
43662,0.001010701,1.010701,1000
43663,0.001211604,1.211604,1000
43664,0.002997223,2.997223,1000
43665,0.005551606,5.551606,1000
43666,0.001565818,1.565818,1000
43667,0.00103678,1.03678,1000
43669,0.000630672,0.630672,1000
43670,0.056486708,56.486708,1000
43671,0.001338444,1.338444,1000
43672,0.000693273,0.693273,1000
43673,0.001393439,1.393439,1000
43674,0.001141219,1.141219,1000
43675,0.000562569,0.562569,1000
43676,0.007623619,7.623619,1000
43677,0.001385469,1.385469,1000
43678,0.00075354,0.75354,1000
43679,0.034964038,34.964038,1000
43680,0.001042957,1.042957,1000
43681,0.00107992,1.07992,1000
43682,0.000575468,0.575468,1000
43683,0.001832921,1.832921,1000
43684,0.002874785,2.874785,1000
43685,0.000715471,0.715471,1000
43686,0.000516697,0.516697,1000
43687,0.000897259,0.897259,1000
43688,0.001147967,1.147967,1000
43689,0.001168092,1.168092,1000
43690,0.000873708,0.873708,1000
43691,0.000878689,0.878689,1000
43692,0.000813123,0.813123,1000
43693,0.001071133,1.071133,1000
43694,0.000855347,0.855347,1000
43695,0.001011936,1.011936,1000
43696,0.008048095,8.048095,1000
43697,0.000978725,0.978725,1000
43698,0.001042957,1.042957,1000
43699,0.000981569,0.981569,1000
43700,0.000783777,0.783777,1000
43701,0.121340421,121.340421,1000
43702,0.000539929,0.539929,1000
43703,0.001554702,1.554702,1000
43704,0.008183105,8.183105,1000
43705,0.000682878,0.682878,1000
43706,0.026989151,26.989151,1000
43707,0.001681325,1.681325,1000
43708,0.001500011,1.500011,1000
43709,0.000741747,0.741747,1000
43710,0.00111147,1.11147,1000
43711,0.001155282,1.155282,1000
43712,0.000555859,0.555859,1000
43713,0.001029247,1.029247,1000
43714,0.000619795,0.619795,1000
43715,0.06457915,64.57915,1000
43716,0.000755182,0.755182,1000
43717,0.040815503,40.815503,1000
43718,0.001023027,1.023027,1000
43719,0.000835758,0.835758,1000
43720,0.003762706,3.762706,1000
43721,0.000657977,0.657977,1000
43722,0.002800158,2.800158,1000
43723,0.003796811,3.796811,1000
43724,0.007949336,7.949336,1000
43725,0.004081952,4.081952,1000
43726,0.000461078,0.461078,1000
43727,0.00095111,0.95111,1000
43728,0.001656285,1.656285,1000
43729,0.000990922,0.990922,1000
43730,0.000315746,0.315746,1000
43731,0.000548634,0.548634,1000
43732,0.001038923,1.038923,1000
43733,0.009604789,9.604789,1000
43734,0.02795679,27.95679,1000
43735,0.000841352,0.841352,1000
43736,0.000822663,0.822663,1000
43737,0.004583817,4.583817,1000
43738,0.000720609,0.720609,1000
43739,0.077016181,77.016181,1000
43740,0.001399846,1.399846,1000
43741,0.000871087,0.871087,1000
43742,0.003429004,3.429004,1000
43743,0.010790796,10.790796,1000
43744,0.056290425,56.290425,1000
43745,0.000824337,0.824337,1000
43746,0.006899254,6.899254,1000
43747,0.000674642,0.674642,1000
43748,0.28465066,284.65066,1000
43749,0.026667279,26.667279,1000
43750,0.001446567,1.446567,1000
43751,0.007930394,7.930394,1000
43752,0.000787767,0.787767,1000
43753,0.000506265,0.506265,1000
43754,0.581034286,581.034286,1000
43755,0.075326963,75.326963,1000
43756,0.051749527,51.749527,1000
43757,0.001522992,1.522992,1000
43758,0.001376094,1.376094,1000
43759,0.027543697,27.543697,1000
43760,0.002255526,2.255526,1000
43761,0.000849253,0.849253,1000
43762,0.001062569,1.062569,1000
43763,0.000462132,0.462132,1000
43764,0.000752902,0.752902,1000
43765,0.00117199,1.17199,1000
43766,0.002030342,2.030342,1000
43767,0.001042979,1.042979,1000
43768,0.002885635,2.885635,1000
43769,0.00101931,1.01931,1000
43770,0.00092221,0.92221,1000
43771,0.211032563,211.032563,1000
43772,0.477373121,477.373121,1000
43773,0.211905868,211.905868,1000
43774,0.03215159,32.15159,1000
43775,0.00071201,0.71201,1000
43776,0.008626151,8.626151,1000
43777,0.000458971,0.458971,1000
43778,0.000579279,0.579279,1000
43779,0.016615499,16.615499,1000
43780,0.000674826,0.674826,1000
43781,0.001215473,1.215473,1000
43782,0.002933131,2.933131,1000
43783,0.002446807,2.446807,1000
43784,0.016297212,16.297212,1000
43785,0.001012531,1.012531,1000
43786,0.003107936,3.107936,1000
43787,0.430750567,430.750567,1000
43788,0.003092686,3.092686,1000
43789,0.001698969,1.698969,1000
43790,0.001177645,1.177645,1000
43791,0.001385538,1.385538,1000
43792,0.097380351,97.380351,1000
43793,0.026596909,26.596909,1000
43794,0.008259922,8.259922,1000
43795,0.001062541,1.062541,1000
43796,0.00085694,0.85694,1000
43797,0.004042909,4.042909,1000
43798,0.001191256,1.191256,1000
43799,0.020570289,20.570289,1000
43800,0.001746026,1.746026,1000
43801,0.001669168,1.669168,1000
43802,0.00097044,0.97044,1000
43803,0.007109931,7.109931,1000
43804,0.002708209,2.708209,1000
43805,0.000624105,0.624105,1000
43806,0.003265757,3.265757,1000
43807,0.000671736,0.671736,1000
43808,0.000678897,0.678897,1000
43809,0.001523042,1.523042,1000
43810,0.001379881,1.379881,1000
43811,0.056236398,56.236398,1000
43812,0.001677346,1.677346,1000
43813,0.001071105,1.071105,1000
43814,0.000999193,0.999193,1000
43815,0.001422479,1.422479,1000
43816,0.007732215,7.732215,1000
43817,0.003083013,3.083013,1000
43818,0.000862459,0.862459,1000
43819,0.00081312,0.81312,1000
43820,0.00103011,1.03011,1000
43821,0.000809537,0.809537,1000
43822,0.00216012,2.16012,1000
43823,0.002865632,2.865632,1000
43824,0.001005791,1.005791,1000
43825,0.001042979,1.042979,1000
43826,0.006568125,6.568125,1000
43827,0.000993186,0.993186,1000
43828,0.001462448,1.462448,1000
43829,0.01233865,12.33865,1000
43830,0.005827813,5.827813,1000
43831,0.000783777,0.783777,1000
43832,0.000810085,0.810085,1000
43833,0.000399208,0.399208,1000
43834,0.000723568,0.723568,1000
43835,0.001109386,1.109386,1000
43836,0.001237687,1.237687,1000
43837,0.000514771,0.514771,1000
43838,0.000903166,0.903166,1000
43839,0.003371449,3.371449,1000
43840,0.000809465,0.809465,1000
43841,0.005686132,5.686132,1000
43842,0.001255845,1.255845,1000
43843,0.001561695,1.561695,1000
43844,0.004115301,4.115301,1000
43845,0.005331243,5.331243,1000
43846,0.000754085,0.754085,1000
43847,0.001097456,1.097456,1000
43848,0.001011936,1.011936,1000
43849,0.001592071,1.592071,1000
43850,0.00084944,0.84944,1000
43851,0.001598572,1.598572,1000
43852,0.000783777,0.783777,1000
43853,0.001158,1.158,1000
43854,0.000578835,0.578835,1000
43855,0.003220516,3.220516,1000
43856,0.001609087,1.609087,1000
43857,0.001012787,1.012787,1000
43858,0.000608518,0.608518,1000
43859,0.001205181,1.205181,1000
43860,0.00262653,2.62653,1000
43861,0.000960929,0.960929,1000
43862,0.001203396,1.203396,1000
43863,0.000698864,0.698864,1000
43864,0.000995725,0.995725,1000
43865,0.000923189,0.923189,1000
43866,0.00105315,1.05315,1000
43867,0.014074156,14.074156,1000
43869,0.000386108,0.386108,1000
43870,0.001116606,1.116606,1000
43871,0.007391314,7.391314,1000
43872,0.001152443,1.152443,1000
43873,0.000998095,0.998095,1000
43874,0.006947155,6.947155,1000
43875,0.000868523,0.868523,1000
43876,0.001067106,1.067106,1000
43877,0.00097355,0.97355,1000
43878,0.001570227,1.570227,1000
43879,0.001174361,1.174361,1000
43880,0.001708354,1.708354,1000
43881,0.000701448,0.701448,1000
43882,0.001081154,1.081154,1000
43883,0.001833786,1.833786,1000
43884,0.000783777,0.783777,1000
43885,0.001505931,1.505931,1000
43886,0.000912456,0.912456,1000
43887,0.000350456,0.350456,1000
43888,0.00237314,2.37314,1000
43889,0.000825966,0.825966,1000
43890,0.007185585,7.185585,1000
43891,0.001366602,1.366602,1000
43892,0.000669088,0.669088,1000
43893,0.005836423,5.836423,1000
43894,0.001598708,1.598708,1000
43895,0.001054172,1.054172,1000
43896,0.001131756,1.131756,1000
43897,0.000756829,0.756829,1000
43898,0.000825969,0.825969,1000
43899,0.004765608,4.765608,1000
43900,0.003452686,3.452686,1000
43901,0.003103698,3.103698,1000
43902,0.000773378,0.773378,1000
43903,0.00278031,2.78031,1000
43904,0.000744555,0.744555,1000
43905,0.017029282,17.029282,1000
43906,0.001104592,1.104592,1000
43907,0.000243366,0.243366,1000
43908,0.00087603,0.87603,1000
43909,0.001063505,1.063505,1000
43910,0.000838848,0.838848,1000
43911,0.000296757,0.296757,1000
43912,0.001018268,1.018268,1000
43913,0.001857207,1.857207,1000
43914,0.001504056,1.504056,1000
43915,0.001062502,1.062502,1000
43916,0.000825969,0.825969,1000
43917,0.002853497,2.853497,1000
43918,0.005475037,5.475037,1000
43919,0.001216796,1.216796,1000
43920,0.001227317,1.227317,1000
43921,0.000864715,0.864715,1000
43922,0.000694132,0.694132,1000
43923,0.001453099,1.453099,1000
43924,0.003726538,3.726538,1000
43925,0.001055087,1.055087,1000
43926,0.000822425,0.822425,1000
43927,0.0011086,1.1086,1000
43928,0.000790751,0.790751,1000
43929,0.001520388,1.520388,1000
43930,0.002357135,2.357135,1000
43931,0.000919386,0.919386,1000
43932,0.001416289,1.416289,1000
43933,0.001593884,1.593884,1000
43934,0.000258528,0.258528,1000
43935,0.001596766,1.596766,1000
43936,0.001216796,1.216796,1000
43937,0.001062541,1.062541,1000
43938,0.002450093,2.450093,1000
43939,0.000814883,0.814883,1000
43940,0.001088157,1.088157,1000
43941,0.000530484,0.530484,1000
43942,0.00159217,1.59217,1000
43943,0.025044743,25.044743,1000
43944,0.003549187,3.549187,1000
43945,0.001321031,1.321031,1000
43946,0.000690475,0.690475,1000
43947,0.001247199,1.247199,1000
43948,0.000842,0.842,1000
43949,0.001145936,1.145936,1000
43950,0.000693885,0.693885,1000
43951,0.000883749,0.883749,1000
43952,0.001594926,1.594926,1000
43953,0.000478282,0.478282,1000
43954,0.001104592,1.104592,1000
43955,0.001015445,1.015445,1000
43956,0.000580285,0.580285,1000
43957,0.000599345,0.599345,1000
43958,0.001284312,1.284312,1000
43959,0.000358208,0.358208,1000
43960,0.001437667,1.437667,1000
43961,0.0011323,1.1323,1000
43962,0.000632291,0.632291,1000
43963,0.000828343,0.828343,1000
43964,0.00089645,0.89645,1000
43965,0.000754701,0.754701,1000
43966,0.000879406,0.879406,1000
43967,0.00041204,0.41204,1000
43968,0.001151,1.151,1000
43969,0.001749287,1.749287,1000
43970,0.000633939,0.633939,1000
43971,0.001401581,1.401581,1000
43972,0.002903059,2.903059,1000
43974,0.00078378,0.78378,1000
43975,0.000594543,0.594543,1000
43976,0.001987252,1.987252,1000
43977,0.000949119,0.949119,1000
43978,0.001276797,1.276797,1000
43979,0.001382683,1.382683,1000
43980,0.00114796,1.14796,1000
43981,0.000738242,0.738242,1000
43982,0.000581867,0.581867,1000
43983,0.001505839,1.505839,1000
43984,0.00095538,0.95538,1000
43985,0.001031756,1.031756,1000
43986,0.000783305,0.783305,1000
43987,0.002990278,2.990278,1000
43988,0.000629301,0.629301,1000
43989,0.000957568,0.957568,1000
43990,0.000987596,0.987596,1000
43991,0.000993186,0.993186,1000
43992,0.001042957,1.042957,1000
43993,0.001071105,1.071105,1000
43994,0.000446648,0.446648,1000
43995,0.00057724,0.57724,1000
43996,0.000343395,0.343395,1000
43997,0.000638491,0.638491,1000
43998,0.000839357,0.839357,1000
43999,0.001513119,1.513119,1000
44000,0.000994186,0.994186,1000
44001,0.001725633,1.725633,1000
44002,0.00101211,1.01211,1000
44003,0.000310016,0.310016,1000
44004,0.005290839,5.290839,1000
44005,0.005286437,5.286437,1000
44006,0.000783777,0.783777,1000
44007,0.016401038,16.401038,1000
44008,0.001612347,1.612347,1000
44009,0.002683625,2.683625,1000
44010,0.00115027,1.15027,1000
44011,0.000295804,0.295804,1000
44012,0.002599849,2.599849,1000
44013,0.001006227,1.006227,1000
44014,0.000570472,0.570472,1000
44015,0.001605656,1.605656,1000
44016,0.001289466,1.289466,1000
44017,0.0015091,1.5091,1000
44018,0.00284173,2.84173,1000
44019,0.001194978,1.194978,1000
44020,0.002082128,2.082128,1000
44021,0.000356648,0.356648,1000
44022,0.000845548,0.845548,1000
44023,0.001006227,1.006227,1000
44024,0.001006227,1.006227,1000
44025,0.000371947,0.371947,1000
44026,0.001249753,1.249753,1000
44027,0.000267653,0.267653,1000
44028,0.000823859,0.823859,1000
44029,0.002042085,2.042085,1000
44030,0.002288538,2.288538,1000
44031,0.001054851,1.054851,1000
44032,0.001019113,1.019113,1000
44033,0.001339782,1.339782,1000
44034,0.001452809,1.452809,1000
44035,0.001014983,1.014983,1000
44036,0.001338039,1.338039,1000
44037,0.002396781,2.396781,1000
44038,0.000803277,0.803277,1000
44039,0.001643893,1.643893,1000
44040,0.001284625,1.284625,1000
44041,0.000639383,0.639383,1000
44042,0.001042979,1.042979,1000
44043,0.000651686,0.651686,1000
44044,0.000524508,0.524508,1000
44045,0.000920865,0.920865,1000
44046,0.001241623,1.241623,1000
44047,0.005467288,5.467288,1000
44048,0.000516674,0.516674,1000
44049,0.005049825,5.049825,1000
44050,0.000782544,0.782544,1000
44051,0.001109718,1.109718,1000
44052,0.000774361,0.774361,1000
44053,0.000871341,0.871341,1000
44054,0.000430836,0.430836,1000
44055,0.00093833,0.93833,1000
44056,0.001603291,1.603291,1000
44057,0.00152736,1.52736,1000
44058,0.001556891,1.556891,1000
44059,0.006724015,6.724015,1000
44060,0.001609087,1.609087,1000
44061,0.001092016,1.092016,1000
44062,0.001190254,1.190254,1000
44063,0.011592878,11.592878,1000
44064,0.011845004,11.845004,1000
44065,0.001009116,1.009116,1000
44066,0.000279082,0.279082,1000
44067,0.000967117,0.967117,1000
44068,0.001114356,1.114356,1000
44069,0.000760088,0.760088,1000
44070,0.001330201,1.330201,1000
44071,0.001142223,1.142223,1000
44072,0.001252508,1.252508,1000
44073,0.000882007,0.882007,1000
44074,0.001033574,1.033574,1000
44075,0.026671172,26.671172,1000
44076,0.00101928,1.01928,1000
44077,0.001155282,1.155282,1000
44078,0.000825966,0.825966,1000
44079,0.000825966,0.825966,1000
44080,0.000980374,0.980374,1000
44081,0.001350287,1.350287,1000
44082,0.014214735,14.214735,1000
44083,0.000560142,0.560142,1000
44084,0.005706644,5.706644,1000
44085,0.001636872,1.636872,1000
44086,0.001062156,1.062156,1000
44087,0.00303229,3.03229,1000
44088,0.001071105,1.071105,1000
44089,0.000839451,0.839451,1000
44090,0.001281925,1.281925,1000
44091,0.000501971,0.501971,1000
44092,0.000395397,0.395397,1000
44093,0.001513667,1.513667,1000
44094,0.001062541,1.062541,1000
44095,0.000612558,0.612558,1000
44096,0.000445908,0.445908,1000
44098,0.000664578,0.664578,1000
44099,0.00175566,1.75566,1000
44100,0.000754074,0.754074,1000
44101,0.000828247,0.828247,1000
44102,0.00058586,0.58586,1000
44103,0.038679731,38.679731,1000
44104,0.000741475,0.741475,1000
44105,0.001453099,1.453099,1000
44106,0.000897099,0.897099,1000
44107,0.001720929,1.720929,1000
44108,0.002851194,2.851194,1000
44109,0.000558719,0.558719,1000
44110,0.000737807,0.737807,1000
44111,0.00078378,0.78378,1000
44112,0.000566005,0.566005,1000
44113,0.000630264,0.630264,1000
44114,0.000782876,0.782876,1000
44115,0.001315111,1.315111,1000
44116,0.000913567,0.913567,1000
44117,0.000738425,0.738425,1000
44118,0.001408535,1.408535,1000
44119,0.000664745,0.664745,1000
44120,0.000901847,0.901847,1000
44121,0.001026679,1.026679,1000
44122,0.000908983,0.908983,1000
44123,0.000716975,0.716975,1000
44124,0.00080483,0.80483,1000
44125,0.001300201,1.300201,1000
44126,0.003711064,3.711064,1000
44127,0.000957734,0.957734,1000
44128,0.000823859,0.823859,1000
44129,0.001104592,1.104592,1000
44130,0.001750714,1.750714,1000
44131,0.000361608,0.361608,1000
44132,0.000949545,0.949545,1000
44133,0.000876883,0.876883,1000
44134,0.000488716,0.488716,1000
44135,0.002852514,2.852514,1000
44136,0.002784115,2.784115,1000
44137,0.000603661,0.603661,1000
44138,0.007936883,7.936883,1000
44139,0.000700481,0.700481,1000
44140,0.003034241,3.034241,1000
44141,0.001691037,1.691037,1000
44142,0.000495603,0.495603,1000
44143,0.003575011,3.575011,1000
44144,0.000654492,0.654492,1000
44145,0.000266758,0.266758,1000
44146,0.000825966,0.825966,1000
44147,0.000850176,0.850176,1000
44148,0.000298679,0.298679,1000
44149,0.002761908,2.761908,1000
44150,0.003048622,3.048622,1000
44151,0.003092256,3.092256,1000
44152,0.008406052,8.406052,1000
44153,0.002203306,2.203306,1000
44154,0.000892074,0.892074,1000
44155,0.000743518,0.743518,1000
44156,0.000554845,0.554845,1000
44157,0.008302168,8.302168,1000
44158,0.008208331,8.208331,1000
44159,0.002427348,2.427348,1000
44160,0.000960681,0.960681,1000
44161,0.000839959,0.839959,1000
44162,0.028176805,28.176805,1000
44163,0.000825966,0.825966,1000
44164,0.000948446,0.948446,1000
44165,0.000707084,0.707084,1000
44166,0.008073049,8.073049,1000
44167,0.001243797,1.243797,1000
44168,0.000701925,0.701925,1000
44169,0.024181684,24.181684,1000
44170,0.00073328,0.73328,1000
44171,0.000252794,0.252794,1000
44172,0.000656362,0.656362,1000
44173,0.001633535,1.633535,1000
44174,0.004732084,4.732084,1000
44175,0.006836065,6.836065,1000
44176,0.002610237,2.610237,1000
44177,0.00097257,0.97257,1000
44178,0.005225802,5.225802,1000
44179,0.001014543,1.014543,1000
44180,0.000719401,0.719401,1000
44181,0.001092821,1.092821,1000
44182,0.00055101,0.55101,1000
44183,0.000404453,0.404453,1000
44184,0.001611942,1.611942,1000
44185,0.000600413,0.600413,1000
44186,0.000819679,0.819679,1000
44187,0.000977316,0.977316,1000
44188,0.000758768,0.758768,1000
44189,0.0015091,1.5091,1000
44190,0.0006509,0.6509,1000
44191,0.001497512,1.497512,1000
44192,0.001593884,1.593884,1000
44193,0.000865555,0.865555,1000
44194,0.00574936,5.74936,1000
44195,0.000593421,0.593421,1000
44196,0.006747183,6.747183,1000
44197,0.001552226,1.552226,1000
44198,0.003030649,3.030649,1000
44199,0.002915217,2.915217,1000
44200,0.001015397,1.015397,1000
44201,0.001382519,1.382519,1000
44202,0.000574001,0.574001,1000
44203,0.001618719,1.618719,1000
44204,0.001044721,1.044721,1000
44205,0.016108739,16.108739,1000
44206,0.000364929,0.364929,1000
44207,0.000708378,0.708378,1000
44208,0.002895873,2.895873,1000
44209,0.000842083,0.842083,1000
44210,0.001065355,1.065355,1000
44211,0.00043348,0.43348,1000
44212,0.003524309,3.524309,1000
44213,0.008642866,8.642866,1000
44214,0.000954162,0.954162,1000
44215,0.001383771,1.383771,1000
44216,0.00339883,3.39883,1000
44217,0.002102562,2.102562,1000
44218,0.000617165,0.617165,1000
44219,0.002782332,2.782332,1000
44220,0.000993186,0.993186,1000
44221,0.000829275,0.829275,1000
44222,0.001261854,1.261854,1000
44223,0.000657618,0.657618,1000
44224,0.001335274,1.335274,1000
44225,0.000903691,0.903691,1000
44226,0.00042657,0.42657,1000
44227,0.000337268,0.337268,1000
44228,0.002784018,2.784018,1000
44229,0.000642616,0.642616,1000
44230,0.008667369,8.667369,1000
44231,0.000813328,0.813328,1000
44232,0.007994245,7.994245,1000
44233,0.000708219,0.708219,1000
44234,0.000858022,0.858022,1000
44235,0.001361975,1.361975,1000
44236,0.00083965,0.83965,1000
44237,0.003559717,3.559717,1000
44238,0.000600946,0.600946,1000
44239,0.000365827,0.365827,1000
44240,0.21426985,214.26985,1000
44241,0.06457915,64.57915,1000
44242,0.000993186,0.993186,1000
44243,0.006412235,6.412235,1000
44244,0.001347774,1.347774,1000
44245,0.000630424,0.630424,1000
44246,0.000278776,0.278776,1000
44247,0.001020245,1.020245,1000
44248,0.001062569,1.062569,1000
44249,0.000626501,0.626501,1000
44250,0.005490392,5.490392,1000
44251,0.000827222,0.827222,1000
44252,0.000910869,0.910869,1000
44253,0.00081312,0.81312,1000
44254,0.001020034,1.020034,1000
44255,0.001138871,1.138871,1000
44256,0.000605809,0.605809,1000
44257,0.001442588,1.442588,1000
44258,0.001225214,1.225214,1000
44259,0.000825966,0.825966,1000
44260,0.003008621,3.008621,1000
44261,0.000838004,0.838004,1000
44262,0.000808255,0.808255,1000
44263,0.000263659,0.263659,1000
44264,0.000975013,0.975013,1000
44265,0.000367094,0.367094,1000
44266,0.00081312,0.81312,1000
44267,0.000367533,0.367533,1000
44268,0.00127916,1.27916,1000
44269,0.00275263,2.75263,1000
44270,0.000717492,0.717492,1000
44271,0.000745775,0.745775,1000
44272,0.000698907,0.698907,1000
44273,0.000964045,0.964045,1000
44274,0.023159061,23.159061,1000
44275,0.000993186,0.993186,1000
44276,0.007931647,7.931647,1000
44277,0.000934208,0.934208,1000
44278,0.003014523,3.014523,1000
44279,0.001042288,1.042288,1000
44280,0.000993186,0.993186,1000
44281,0.000813933,0.813933,1000
44282,0.000338731,0.338731,1000
44283,0.000834244,0.834244,1000
44284,0.001970822,1.970822,1000
44285,0.000774559,0.774559,1000
44286,0.000467711,0.467711,1000
44287,0.001508305,1.508305,1000
44288,0.000993186,0.993186,1000
44289,0.000705248,0.705248,1000
44290,0.00096258,0.96258,1000
44291,0.000925013,0.925013,1000
44292,0.000768412,0.768412,1000
44293,0.001269771,1.269771,1000
44294,0.000825966,0.825966,1000
44295,0.001219446,1.219446,1000
44296,0.000499192,0.499192,1000
44297,0.000955102,0.955102,1000
44298,0.002152703,2.152703,1000
44299,0.000516212,0.516212,1000
44300,0.001750714,1.750714,1000
44301,0.000738372,0.738372,1000
44302,0.000379945,0.379945,1000
44303,0.001044721,1.044721,1000
44304,0.001684998,1.684998,1000
44305,0.001234034,1.234034,1000
44306,0.0034497,3.4497,1000
44307,0.001191914,1.191914,1000
44308,0.00660287,6.60287,1000
44309,0.001177522,1.177522,1000
44310,0.001166293,1.166293,1000
44311,0.464573257,464.573257,1000
44312,0.005251613,5.251613,1000
44313,0.000825966,0.825966,1000
44314,0.000800218,0.800218,1000
44315,0.001331925,1.331925,1000
44316,0.000455751,0.455751,1000
44317,0.000707518,0.707518,1000
44318,0.001015131,1.015131,1000
44319,0.000877126,0.877126,1000
44320,0.001107626,1.107626,1000
44321,0.000585641,0.585641,1000
44322,0.000893644,0.893644,1000
44323,0.000937243,0.937243,1000
44324,0.001746026,1.746026,1000
44325,0.000817483,0.817483,1000
44326,0.000701189,0.701189,1000
44327,0.000900984,0.900984,1000
44328,0.000875398,0.875398,1000
44329,0.000873638,0.873638,1000
44330,0.00081312,0.81312,1000
44331,0.001667677,1.667677,1000
44332,0.001195117,1.195117,1000
44333,0.001006227,1.006227,1000
44334,0.001042957,1.042957,1000
44335,0.002551019,2.551019,1000
44336,0.000789753,0.789753,1000
44337,0.001006227,1.006227,1000
44338,0.000734392,0.734392,1000
44339,0.000775947,0.775947,1000
44340,0.001437825,1.437825,1000
44341,0.001024048,1.024048,1000
44342,0.00091529,0.91529,1000
44343,0.001311908,1.311908,1000
44344,0.001018268,1.018268,1000
44345,0.002983806,2.983806,1000
44346,0.000545967,0.545967,1000
44347,0.001230286,1.230286,1000
44348,0.000813379,0.813379,1000
44349,0.000880673,0.880673,1000
44350,0.000920612,0.920612,1000
44351,0.000937371,0.937371,1000
44352,0.001003715,1.003715,1000
44353,0.000996913,0.996913,1000
44354,0.00099329,0.99329,1000
44355,0.001212698,1.212698,1000
44356,0.000883933,0.883933,1000
44357,0.000825966,0.825966,1000
44358,0.00115098,1.15098,1000
44359,0.000875886,0.875886,1000
44360,0.001749287,1.749287,1000
44361,0.002245144,2.245144,1000
44362,0.001821889,1.821889,1000
44363,0.000620619,0.620619,1000
44364,0.001142605,1.142605,1000
44365,0.000800111,0.800111,1000
44366,0.001555514,1.555514,1000
44367,0.00114796,1.14796,1000
44368,0.001062093,1.062093,1000
44369,0.001036568,1.036568,1000
44370,0.001510527,1.510527,1000
44371,0.004141991,4.141991,1000
44372,0.000359693,0.359693,1000
44373,0.001236043,1.236043,1000
44374,0.003058972,3.058972,1000
44375,0.000811767,0.811767,1000
44376,0.000616708,0.616708,1000
44377,0.001043007,1.043007,1000
44378,0.000282837,0.282837,1000
44379,0.000990669,0.990669,1000
44380,0.002458354,2.458354,1000
44381,0.001614267,1.614267,1000
44382,0.006091638,6.091638,1000
44383,0.001013786,1.013786,1000
44384,0.000813123,0.813123,1000
44385,0.000988925,0.988925,1000
44386,0.000825966,0.825966,1000
44387,0.000986801,0.986801,1000
44388,0.001286498,1.286498,1000
44389,0.001681571,1.681571,1000
44390,0.001554703,1.554703,1000
44391,0.000761382,0.761382,1000
44392,0.001955087,1.955087,1000
44393,0.000439917,0.439917,1000
44394,0.000783854,0.783854,1000
44395,0.000585946,0.585946,1000
44396,0.00073787,0.73787,1000
44397,0.00106328,1.06328,1000
44398,0.001041789,1.041789,1000
44399,0.002664367,2.664367,1000
44400,0.000718493,0.718493,1000
44401,0.001003429,1.003429,1000
44402,0.000886954,0.886954,1000
44403,0.00043363,0.43363,1000
44404,0.000825969,0.825969,1000
44405,0.003162832,3.162832,1000
44406,0.00058943,0.58943,1000
44407,0.000612586,0.612586,1000
44408,0.00081312,0.81312,1000
44409,0.000780725,0.780725,1000
44410,0.002211248,2.211248,1000
44411,0.001430787,1.430787,1000
44412,0.000908145,0.908145,1000
44413,0.003373727,3.373727,1000
44414,0.001202164,1.202164,1000
44415,0.000615618,0.615618,1000
44416,0.000576091,0.576091,1000
44417,0.000733328,0.733328,1000
44418,0.001137961,1.137961,1000
44419,0.001147408,1.147408,1000
44420,0.000704938,0.704938,1000
44421,0.000686342,0.686342,1000
44422,0.008984945,8.984945,1000
44423,0.000701457,0.701457,1000
44424,0.001011936,1.011936,1000
44425,0.000750433,0.750433,1000
44426,0.001076418,1.076418,1000
44427,0.000724618,0.724618,1000
44428,0.000978936,0.978936,1000
44429,0.001046408,1.046408,1000
44430,0.002759594,2.759594,1000
44431,0.000648901,0.648901,1000
44432,0.00081312,0.81312,1000
44433,0.000825966,0.825966,1000
44434,0.001150691,1.150691,1000
44435,0.033810259,33.810259,1000
44436,0.001002329,1.002329,1000
44437,0.004280981,4.280981,1000
44438,0.000782611,0.782611,1000
44439,0.01097457,10.97457,1000
44440,0.000752611,0.752611,1000
44441,0.000549894,0.549894,1000
44442,0.001548993,1.548993,1000
44443,0.001031114,1.031114,1000
44444,0.000691475,0.691475,1000
44445,0.000609683,0.609683,1000
44446,0.002941009,2.941009,1000
44447,0.000844961,0.844961,1000
44448,0.003173019,3.173019,1000
44449,0.000881972,0.881972,1000
44450,0.002208419,2.208419,1000
44451,0.000701867,0.701867,1000
44452,0.000679916,0.679916,1000
44453,0.000541942,0.541942,1000
44454,0.000884819,0.884819,1000
44455,0.001329412,1.329412,1000
44456,0.00295464,2.95464,1000
44457,0.000434692,0.434692,1000
44458,0.000486047,0.486047,1000
44459,0.001168188,1.168188,1000
44460,0.00081312,0.81312,1000
44461,0.000825966,0.825966,1000
44462,0.000825966,0.825966,1000
44463,0.000790788,0.790788,1000
44464,0.000909482,0.909482,1000
44465,0.000816306,0.816306,1000
44466,0.00680949,6.80949,1000
44467,0.000807023,0.807023,1000
44468,0.001477486,1.477486,1000
44469,0.001633535,1.633535,1000
44470,0.000891297,0.891297,1000
44471,0.001302093,1.302093,1000
44472,0.000825966,0.825966,1000
44473,0.001055218,1.055218,1000
44474,0.001115427,1.115427,1000
44475,0.000916974,0.916974,1000
44476,0.00149761,1.49761,1000
44477,0.000978936,0.978936,1000
44478,0.000845438,0.845438,1000
44479,0.000458619,0.458619,1000
44480,0.001042979,1.042979,1000
44481,0.000981829,0.981829,1000
44482,0.012899531,12.899531,1000
44483,0.002856635,2.856635,1000
44484,0.002815525,2.815525,1000
44485,0.001010701,1.010701,1000
44486,0.000532183,0.532183,1000
44487,0.002028839,2.028839,1000
44488,0.000916903,0.916903,1000
44489,0.002852432,2.852432,1000
44490,0.005076016,5.076016,1000
44491,0.001224407,1.224407,1000
44492,0.002552405,2.552405,1000
44493,0.001062541,1.062541,1000
44494,0.000396381,0.396381,1000
44495,0.002785238,2.785238,1000
44496,0.001157419,1.157419,1000
44497,0.002705474,2.705474,1000
44498,0.000655867,0.655867,1000
44499,0.000861454,0.861454,1000
44500,0.000572064,0.572064,1000
44501,0.000720731,0.720731,1000
44502,0.120585561,120.585561,1000
44503,0.001483479,1.483479,1000
44504,0.001066109,1.066109,1000
44505,0.001114654,1.114654,1000
44506,0.000543023,0.543023,1000
44507,0.001510527,1.510527,1000
44508,0.000928241,0.928241,1000
44509,0.001567045,1.567045,1000
44510,0.001523648,1.523648,1000
44511,0.000684202,0.684202,1000
44512,0.006862205,6.862205,1000
44513,0.000960681,0.960681,1000
44514,0.002797386,2.797386,1000
44515,0.000780106,0.780106,1000
44516,0.001512533,1.512533,1000
44517,0.001181792,1.181792,1000
44518,0.001449867,1.449867,1000
44519,0.001033122,1.033122,1000
44520,0.001746026,1.746026,1000
44521,0.00128748,1.28748,1000
44522,0.000821396,0.821396,1000
44523,0.001159546,1.159546,1000
44524,0.001724504,1.724504,1000
44525,0.000955251,0.955251,1000
44526,0.001087118,1.087118,1000
44527,0.001011936,1.011936,1000
44528,0.000926977,0.926977,1000
44529,0.000927431,0.927431,1000
44530,0.000953672,0.953672,1000
44531,0.001153677,1.153677,1000
44532,0.001071066,1.071066,1000
44533,0.001670348,1.670348,1000
44534,0.006087513,6.087513,1000
44535,0.001330285,1.330285,1000
44536,0.001263137,1.263137,1000
44537,0.000989072,0.989072,1000
44538,0.000505275,0.505275,1000
44539,0.001290858,1.290858,1000
44540,0.000825969,0.825969,1000
44541,0.001295822,1.295822,1000
44542,0.000741964,0.741964,1000
44543,0.00228573,2.28573,1000
44544,0.000825966,0.825966,1000
44545,0.000797238,0.797238,1000
44546,0.001826577,1.826577,1000
44547,0.000980704,0.980704,1000
44548,0.00069531,0.69531,1000
44549,0.004194111,4.194111,1000
44550,0.000624394,0.624394,1000
44551,0.000895371,0.895371,1000
44552,0.00137552,1.37552,1000
44553,0.000759962,0.759962,1000
44554,0.000907084,0.907084,1000
44555,0.001104592,1.104592,1000
44556,0.001211739,1.211739,1000
44557,0.000801922,0.801922,1000
44558,0.000548461,0.548461,1000
44559,0.001188151,1.188151,1000
44560,0.001788299,1.788299,1000
44561,0.001470899,1.470899,1000
44562,0.000830187,0.830187,1000
44563,0.00058686,0.58686,1000
44564,0.00137459,1.37459,1000
44565,0.002080344,2.080344,1000
44566,0.001352722,1.352722,1000
44567,0.000834842,0.834842,1000
44568,0.000734532,0.734532,1000
44569,0.000957536,0.957536,1000
44570,0.007040802,7.040802,1000
44571,0.002734719,2.734719,1000
44572,0.000329127,0.329127,1000
44573,0.001097456,1.097456,1000
44574,0.00070035,0.70035,1000
44575,0.001014429,1.014429,1000
44576,0.001155938,1.155938,1000
44577,0.001019478,1.019478,1000
44578,0.000953545,0.953545,1000
44579,0.001062519,1.062519,1000
44580,0.00079703,0.79703,1000
44581,0.000825966,0.825966,1000
44582,0.00081693,0.81693,1000
44583,0.000882304,0.882304,1000
44584,0.000825969,0.825969,1000
44585,0.001598572,1.598572,1000
44586,0.001167321,1.167321,1000
44587,0.002670358,2.670358,1000
44588,0.00791951,7.91951,1000
44589,0.012730462,12.730462,1000
44590,0.000684702,0.684702,1000
44591,0.000619856,0.619856,1000
44592,0.003067928,3.067928,1000
44593,0.0033938,3.3938,1000
44594,0.003918852,3.918852,1000
44595,0.001097456,1.097456,1000
44596,0.001106998,1.106998,1000
44597,0.001068522,1.068522,1000
44598,0.001006227,1.006227,1000
44599,0.000935803,0.935803,1000
44600,0.001023039,1.023039,1000
44601,0.00054815,0.54815,1000
44602,0.000975284,0.975284,1000
44603,0.000858252,0.858252,1000
44604,0.001283831,1.283831,1000
44605,0.017623632,17.623632,1000
44606,0.000314797,0.314797,1000
44607,0.002098628,2.098628,1000
44608,0.002409471,2.409471,1000
44609,0.000976813,0.976813,1000
44610,0.00062463,0.62463,1000
44611,0.000825966,0.825966,1000
44612,0.001052337,1.052337,1000
44613,0.00183949,1.83949,1000
44614,0.003133806,3.133806,1000
44615,0.000825966,0.825966,1000
44616,0.000612712,0.612712,1000
44617,0.00117837,1.17837,1000
44618,0.000989072,0.989072,1000
44619,0.00166291,1.66291,1000
44620,0.001157211,1.157211,1000
44621,0.00091209,0.91209,1000
44622,0.000842613,0.842613,1000
44623,0.000965191,0.965191,1000
44624,0.000863497,0.863497,1000
44625,0.000466607,0.466607,1000
44626,0.000823996,0.823996,1000
44627,0.001857831,1.857831,1000
44628,0.000993124,0.993124,1000
44629,0.002181712,2.181712,1000
44630,0.007046025,7.046025,1000
44631,0.000901738,0.901738,1000
44632,0.001134926,1.134926,1000
44633,0.008359504,8.359504,1000
44634,0.001028315,1.028315,1000
44635,0.000825966,0.825966,1000
44636,0.000362383,0.362383,1000
44637,0.001271804,1.271804,1000
44638,0.001505839,1.505839,1000
44639,0.000816774,0.816774,1000
44640,0.001011936,1.011936,1000
44641,0.001155282,1.155282,1000
44642,0.001128913,1.128913,1000
44643,0.001443885,1.443885,1000
44644,0.000987157,0.987157,1000
44645,0.000952734,0.952734,1000
44646,0.001015484,1.015484,1000
44647,0.001006227,1.006227,1000
44648,0.00117446,1.17446,1000
44649,0.000993186,0.993186,1000
44650,0.002211248,2.211248,1000
44651,0.000739702,0.739702,1000
44652,0.010880479,10.880479,1000
44653,0.001183142,1.183142,1000
44654,0.00618291,6.18291,1000
44655,0.001922746,1.922746,1000
44656,0.000948038,0.948038,1000
44657,0.002903711,2.903711,1000
44658,0.000377085,0.377085,1000
44659,0.000597556,0.597556,1000
44660,0.000717403,0.717403,1000
44661,0.001637817,1.637817,1000
44662,0.001543564,1.543564,1000
44663,0.001187193,1.187193,1000
44664,0.002700196,2.700196,1000
44665,0.001775927,1.775927,1000
44666,0.000468128,0.468128,1000
44667,0.0015091,1.5091,1000
44668,0.000687391,0.687391,1000
44669,0.001316734,1.316734,1000
44670,0.000825966,0.825966,1000
44671,0.016096649,16.096649,1000
44672,0.001411615,1.411615,1000
44673,0.002077044,2.077044,1000
44674,0.000788625,0.788625,1000
44675,0.003968403,3.968403,1000
44676,0.000968072,0.968072,1000
44677,0.000819283,0.819283,1000
44678,0.000960809,0.960809,1000
44679,0.002813836,2.813836,1000
44680,0.007728053,7.728053,1000
44681,0.000777458,0.777458,1000
44682,0.008146736,8.146736,1000
44683,0.001409894,1.409894,1000
44684,0.001736342,1.736342,1000
44685,0.000620002,0.620002,1000
44686,0.000637241,0.637241,1000
44687,0.001221487,1.221487,1000
44688,0.001054302,1.054302,1000
44689,0.000922049,0.922049,1000
44690,0.001477486,1.477486,1000
44691,0.000872074,0.872074,1000
44692,0.000804338,0.804338,1000
44693,0.000805479,0.805479,1000
44694,0.001329426,1.329426,1000
44695,0.000825966,0.825966,1000
44696,0.00099199,0.99199,1000
44697,0.001070445,1.070445,1000
44698,0.00033276,0.33276,1000
44699,0.000838529,0.838529,1000
44700,0.000706959,0.706959,1000
44701,0.00089139,0.89139,1000
44702,0.000983541,0.983541,1000
44703,0.00103168,1.03168,1000
44704,0.001042979,1.042979,1000
44705,0.000993124,0.993124,1000
44706,0.00213851,2.13851,1000
44707,0.000227439,0.227439,1000
44708,0.00182469,1.82469,1000
44709,0.001131756,1.131756,1000
44710,0.005627914,5.627914,1000
44711,0.000813123,0.813123,1000
44712,0.00427016,4.27016,1000
44713,0.001612347,1.612347,1000
44714,0.000616007,0.616007,1000
44715,0.000737893,0.737893,1000
44716,0.001455189,1.455189,1000
44717,0.00088629,0.88629,1000
44718,0.003887881,3.887881,1000
44719,0.000974465,0.974465,1000
44720,0.000624237,0.624237,1000
44721,0.000871963,0.871963,1000
44722,0.000800036,0.800036,1000
44723,0.005647866,5.647866,1000
44724,0.000649275,0.649275,1000
44725,0.00073733,0.73733,1000
44726,0.000919345,0.919345,1000
44727,0.001160739,1.160739,1000
44728,0.001078797,1.078797,1000
44729,0.00081312,0.81312,1000
44730,0.001071083,1.071083,1000
44731,0.000583366,0.583366,1000
44732,0.0015091,1.5091,1000
44733,0.000520961,0.520961,1000
44734,0.000475311,0.475311,1000
44735,0.002857068,2.857068,1000
44736,0.000716199,0.716199,1000
44737,0.000818475,0.818475,1000
44738,0.001528132,1.528132,1000
44739,0.001817742,1.817742,1000
44740,0.000601123,0.601123,1000
44741,0.001022842,1.022842,1000
44742,0.001313,1.313,1000
44743,0.001150389,1.150389,1000
44744,0.000778458,0.778458,1000
44745,0.00081312,0.81312,1000
44746,0.001651305,1.651305,1000
44747,0.00101138,1.01138,1000
44748,0.000668821,0.668821,1000
44749,0.001006227,1.006227,1000
44750,0.000844113,0.844113,1000
44751,0.003170021,3.170021,1000
44752,0.000975013,0.975013,1000
44753,0.000978076,0.978076,1000
44754,0.002835355,2.835355,1000
44755,0.000834327,0.834327,1000
44756,0.000458569,0.458569,1000
44757,0.000782886,0.782886,1000
44758,0.001002282,1.002282,1000
44759,0.001124177,1.124177,1000
44760,0.000800052,0.800052,1000
44761,0.000775467,0.775467,1000
44762,0.001097456,1.097456,1000
44763,0.002700787,2.700787,1000
44764,0.000845882,0.845882,1000
44765,0.001044721,1.044721,1000
44766,0.008625707,8.625707,1000
44767,0.00090616,0.90616,1000
44768,0.000925934,0.925934,1000
44769,0.000589216,0.589216,1000
44770,0.001210813,1.210813,1000
44771,0.000283366,0.283366,1000
44772,0.008072547,8.072547,1000
44773,0.06457915,64.57915,1000
44774,0.001598359,1.598359,1000
44775,0.000839238,0.839238,1000
44776,0.000809396,0.809396,1000
44777,0.003048147,3.048147,1000
44778,0.003556721,3.556721,1000
44779,0.001191719,1.191719,1000
44780,0.000645242,0.645242,1000
44781,0.001072643,1.072643,1000
44782,0.000607268,0.607268,1000
44783,0.001042288,1.042288,1000
44784,0.000783777,0.783777,1000
44785,0.00714747,7.14747,1000
44786,0.000792936,0.792936,1000
44787,0.000683806,0.683806,1000
44788,0.001265989,1.265989,1000
44789,0.000736876,0.736876,1000
44790,0.000469108,0.469108,1000
44791,0.000667641,0.667641,1000
44792,0.000582542,0.582542,1000
44793,0.00188988,1.88988,1000
44794,0.06457589,64.57589,1000
44795,0.004749603,4.749603,1000
44796,0.002971178,2.971178,1000
44797,0.001363194,1.363194,1000
44798,0.000646992,0.646992,1000
44799,0.023093242,23.093242,1000
44800,0.001081154,1.081154,1000
44801,0.004566095,4.566095,1000
44802,0.001172632,1.172632,1000
44803,0.00097808,0.97808,1000
44804,0.000885628,0.885628,1000
44805,0.000792303,0.792303,1000
44806,0.001141276,1.141276,1000
44807,0.000696703,0.696703,1000
44808,0.000470152,0.470152,1000
44809,0.000795512,0.795512,1000
44810,0.000777187,0.777187,1000
44811,0.008244973,8.244973,1000
44812,0.001825149,1.825149,1000
44813,0.000716784,0.716784,1000
44814,0.00120664,1.20664,1000
44815,0.000916015,0.916015,1000
44816,0.000785048,0.785048,1000
44817,0.000990932,0.990932,1000
44818,0.000348409,0.348409,1000
44819,0.000919407,0.919407,1000
44820,0.001044721,1.044721,1000
44821,0.003496082,3.496082,1000
44822,0.00113347,1.13347,1000
44823,0.001067715,1.067715,1000
44824,0.021907753,21.907753,1000
44825,0.000527999,0.527999,1000
44826,0.00081312,0.81312,1000
44827,0.000906863,0.906863,1000
44828,0.00092869,0.92869,1000
44829,0.00283828,2.83828,1000
44830,0.001097456,1.097456,1000
44831,0.001621592,1.621592,1000
44832,0.00077593,0.77593,1000
44833,0.000895445,0.895445,1000
44834,0.000777855,0.777855,1000
44835,0.000612144,0.612144,1000
44836,0.00072733,0.72733,1000
44837,0.000694672,0.694672,1000
44838,0.001011936,1.011936,1000
44839,0.00601642,6.01642,1000
44840,0.138985817,138.985817,1000
44841,0.000880674,0.880674,1000
44842,0.001153677,1.153677,1000
44843,0.00072359,0.72359,1000
44844,0.000745922,0.745922,1000
44845,0.000458773,0.458773,1000
44846,0.001327519,1.327519,1000
44847,0.001125651,1.125651,1000
44848,0.001858035,1.858035,1000
44849,0.000421212,0.421212,1000
44850,0.002964565,2.964565,1000
44851,0.00802165,8.02165,1000
44852,0.000822982,0.822982,1000
44853,0.000781245,0.781245,1000
44854,0.000840146,0.840146,1000
44855,0.000392039,0.392039,1000
44856,0.001044721,1.044721,1000
44857,0.001429682,1.429682,1000
44858,0.00037439,0.37439,1000
44859,0.004659296,4.659296,1000
44860,0.00076393,0.76393,1000
44861,0.06457915,64.57915,1000
44862,0.000930188,0.930188,1000
44863,0.001498538,1.498538,1000
44864,0.000869561,0.869561,1000
44865,0.000899009,0.899009,1000
44866,0.000510687,0.510687,1000
44867,0.001062519,1.062519,1000
44868,0.000923892,0.923892,1000
44869,0.002882402,2.882402,1000
44870,0.005856666,5.856666,1000
44871,0.000875119,0.875119,1000
44872,0.001062605,1.062605,1000
44873,0.000695138,0.695138,1000
44874,0.000708307,0.708307,1000
44875,0.000727579,0.727579,1000
44876,0.000806613,0.806613,1000
44877,0.000871163,0.871163,1000
44878,0.000965064,0.965064,1000
44879,0.000649788,0.649788,1000
44880,0.001268362,1.268362,1000
44881,0.000370638,0.370638,1000
44882,0.001416983,1.416983,1000
44883,0.000453135,0.453135,1000
44884,0.000506957,0.506957,1000
44885,0.000619111,0.619111,1000
44886,0.000803121,0.803121,1000
44887,0.000292864,0.292864,1000
44888,0.001006227,1.006227,1000
44889,0.001542313,1.542313,1000
44890,0.016107679,16.107679,1000
44891,0.001472243,1.472243,1000
44892,0.000613093,0.613093,1000
44893,0.000684322,0.684322,1000
44894,0.035465396,35.465396,1000
44895,0.000862515,0.862515,1000
44896,0.002584943,2.584943,1000
44897,0.000993186,0.993186,1000
44898,0.000698998,0.698998,1000
44899,0.000620764,0.620764,1000
44900,0.001011936,1.011936,1000
44901,0.00101643,1.01643,1000
44902,0.002983309,2.983309,1000
44903,0.001108399,1.108399,1000
44904,0.000916974,0.916974,1000
44905,0.001005404,1.005404,1000
44906,0.003199497,3.199497,1000
44907,0.000901156,0.901156,1000
44908,0.000589732,0.589732,1000
44909,0.001000923,1.000923,1000
44910,0.006322933,6.322933,1000
44911,0.000618536,0.618536,1000
44912,0.00086459,0.86459,1000
44913,0.00098638,0.98638,1000
44914,0.000911032,0.911032,1000
44915,0.001031114,1.031114,1000
44916,0.001320572,1.320572,1000
44917,0.000734961,0.734961,1000
44918,0.000985296,0.985296,1000
44919,0.001259744,1.259744,1000
44920,0.001638898,1.638898,1000
44921,0.001144711,1.144711,1000
44922,0.000778572,0.778572,1000
44923,0.00114796,1.14796,1000
44924,0.595287691,595.287691,1000
44925,0.00062317,0.62317,1000
44926,0.000384036,0.384036,1000
44927,0.00032615,0.32615,1000
44928,0.00072274,0.72274,1000
44929,0.000671027,0.671027,1000
44930,0.130113052,130.113052,1000
44931,0.000908299,0.908299,1000
44932,0.0015091,1.5091,1000
44933,0.000514752,0.514752,1000
44934,0.000876432,0.876432,1000
44935,0.001457786,1.457786,1000
44936,0.000326141,0.326141,1000
44937,0.001131337,1.131337,1000
44938,0.000904703,0.904703,1000
44939,0.00590762,5.90762,1000
44940,0.000908656,0.908656,1000
44941,0.001563797,1.563797,1000
44942,0.000666136,0.666136,1000
44943,0.000783777,0.783777,1000
44944,0.001328696,1.328696,1000
44945,0.001203191,1.203191,1000
44946,0.000716692,0.716692,1000
44947,0.001015218,1.015218,1000
44948,0.001107203,1.107203,1000
44949,0.000560055,0.560055,1000
44950,0.003030766,3.030766,1000
44951,0.001643794,1.643794,1000
44952,0.000814883,0.814883,1000
44953,0.001000298,1.000298,1000
44954,0.000846507,0.846507,1000
44955,0.000825966,0.825966,1000
44956,0.000431582,0.431582,1000
44957,0.004114958,4.114958,1000
44958,0.00114796,1.14796,1000
44959,0.001024048,1.024048,1000
44960,0.000917895,0.917895,1000
44961,0.000331041,0.331041,1000
44962,0.00101079,1.01079,1000
44963,0.002211248,2.211248,1000
44964,0.051684035,51.684035,1000
44965,0.000524777,0.524777,1000
44966,0.001143213,1.143213,1000
44967,0.001251958,1.251958,1000
44968,0.000855985,0.855985,1000
44969,0.000656977,0.656977,1000
44970,0.000407642,0.407642,1000
44971,0.004739197,4.739197,1000
44972,0.001039323,1.039323,1000
44973,0.000733291,0.733291,1000
44974,0.001707227,1.707227,1000
44975,0.000769034,0.769034,1000
44976,0.000599343,0.599343,1000
44977,0.000604596,0.604596,1000
44978,0.000586328,0.586328,1000
44979,0.0005819,0.5819,1000
44980,0.001224407,1.224407,1000
44981,0.014985742,14.985742,1000
44982,0.000924651,0.924651,1000
44983,0.000881849,0.881849,1000
44984,0.000532051,0.532051,1000
44985,0.001394242,1.394242,1000
44986,0.001706927,1.706927,1000
44988,0.000737282,0.737282,1000
44989,0.001062541,1.062541,1000
44990,0.005010565,5.010565,1000
44991,0.000730819,0.730819,1000
44992,0.003613717,3.613717,1000
44993,0.001813004,1.813004,1000
44994,0.001381729,1.381729,1000
44995,0.00238503,2.38503,1000
44996,0.00078378,0.78378,1000
44997,0.002413561,2.413561,1000
44998,0.000740975,0.740975,1000
44999,0.000783633,0.783633,1000
45000,0.000761674,0.761674,1000
45001,0.000467666,0.467666,1000
45002,0.000993186,0.993186,1000
45003,0.000926221,0.926221,1000
45004,0.032661976,32.661976,1000
45005,0.001746026,1.746026,1000
45006,0.001178319,1.178319,1000
45007,0.001843142,1.843142,1000
45008,0.000679496,0.679496,1000
45009,0.000791385,0.791385,1000
45010,0.001446869,1.446869,1000
45011,0.00138335,1.38335,1000
45012,0.004551306,4.551306,1000
45013,0.004287606,4.287606,1000
45014,0.000773757,0.773757,1000
45015,0.000795181,0.795181,1000
45016,0.001071083,1.071083,1000
45017,0.004295221,4.295221,1000
45018,0.000816847,0.816847,1000
45019,0.001597046,1.597046,1000
45020,0.001637455,1.637455,1000
45021,0.001031114,1.031114,1000
45022,0.000827663,0.827663,1000
45023,0.000821183,0.821183,1000
45024,0.003288531,3.288531,1000
45025,0.001175368,1.175368,1000
45026,0.001071105,1.071105,1000
45027,0.000685106,0.685106,1000
45028,0.000783566,0.783566,1000
45029,0.007903154,7.903154,1000
45030,0.000778654,0.778654,1000
45031,0.001356461,1.356461,1000
45032,0.000884802,0.884802,1000
45033,0.000683414,0.683414,1000
45034,0.000929651,0.929651,1000
45035,0.001378605,1.378605,1000
45036,0.001152443,1.152443,1000
45037,0.00137604,1.37604,1000
45038,0.000302965,0.302965,1000
45039,0.001937037,1.937037,1000
45040,0.001091942,1.091942,1000
45041,0.000878348,0.878348,1000
45042,0.000915253,0.915253,1000
45043,0.001385415,1.385415,1000
45044,0.000804989,0.804989,1000
45045,0.000660288,0.660288,1000
45046,0.000312664,0.312664,1000
45047,0.00105043,1.05043,1000
45048,0.000978393,0.978393,1000
45049,0.000602653,0.602653,1000
45050,0.00105043,1.05043,1000
45051,0.000926543,0.926543,1000
45052,0.00219507,2.19507,1000
45053,0.000821285,0.821285,1000
45054,0.001188313,1.188313,1000
45055,0.003470494,3.470494,1000
45056,0.000706876,0.706876,1000
45057,0.001071066,1.071066,1000
45058,0.000861445,0.861445,1000
45059,0.013147059,13.147059,1000
45060,0.001463276,1.463276,1000
45061,0.001339782,1.339782,1000
45062,0.000879975,0.879975,1000
45063,0.00220787,2.20787,1000
45064,0.001453099,1.453099,1000
45065,0.000888794,0.888794,1000
45066,0.00079703,0.79703,1000
45067,0.000988925,0.988925,1000
45068,0.000868361,0.868361,1000
45069,0.000589016,0.589016,1000
45070,0.001104037,1.104037,1000
45071,0.002804135,2.804135,1000
45072,0.001164634,1.164634,1000
45073,0.00113319,1.13319,1000
45074,0.001066948,1.066948,1000
45075,0.00103168,1.03168,1000
45076,0.00089139,0.89139,1000
45077,0.001104935,1.104935,1000
45078,0.000813867,0.813867,1000
45079,0.000990922,0.990922,1000
45080,0.001011936,1.011936,1000
45081,0.000905821,0.905821,1000
45082,0.000813123,0.813123,1000
45083,0.00079792,0.79792,1000
45084,0.001016746,1.016746,1000
45085,0.001083214,1.083214,1000
45086,0.002211777,2.211777,1000
45087,0.000916151,0.916151,1000
45088,0.000990932,0.990932,1000
45089,0.000724066,0.724066,1000
45090,0.001158949,1.158949,1000
45091,0.001310851,1.310851,1000
45092,0.00081312,0.81312,1000
45093,0.000993186,0.993186,1000
45094,0.000715568,0.715568,1000
45095,0.001033508,1.033508,1000
45096,0.001255019,1.255019,1000
45097,0.00081312,0.81312,1000
45098,0.000862105,0.862105,1000
45099,0.00115132,1.15132,1000
45100,0.000986276,0.986276,1000
45101,0.000966778,0.966778,1000
45102,0.000783341,0.783341,1000
45103,0.000619709,0.619709,1000
45104,0.022119226,22.119226,1000
45105,0.002060461,2.060461,1000
45106,0.000747193,0.747193,1000
45107,0.002762539,2.762539,1000
45108,0.0017876,1.7876,1000
45109,0.000861082,0.861082,1000
45110,0.000766343,0.766343,1000
45111,0.001693293,1.693293,1000
45112,0.000695831,0.695831,1000
45113,0.001070943,1.070943,1000
45114,0.000430127,0.430127,1000
45115,0.00090841,0.90841,1000
45116,0.00137604,1.37604,1000
45117,0.001584186,1.584186,1000
45118,0.000635258,0.635258,1000
45119,0.001217767,1.217767,1000
45120,0.000910952,0.910952,1000
45121,0.0008992,0.8992,1000
45122,0.001177098,1.177098,1000
45123,0.000948621,0.948621,1000
45124,0.001043007,1.043007,1000
45125,0.000456397,0.456397,1000
45126,0.000652719,0.652719,1000
45127,0.014704656,14.704656,1000
45128,0.002574503,2.574503,1000
45129,0.008212825,8.212825,1000
45130,0.000514845,0.514845,1000
45131,0.001311149,1.311149,1000
45132,0.000707662,0.707662,1000
45133,0.001044721,1.044721,1000
45134,0.005705705,5.705705,1000
45135,0.001416289,1.416289,1000
45136,0.001157252,1.157252,1000
45137,0.001043007,1.043007,1000
45138,0.001305276,1.305276,1000
45139,0.00115776,1.15776,1000
45140,0.000861396,0.861396,1000
45141,0.00074843,0.74843,1000
45142,0.00112596,1.12596,1000
45143,0.001209787,1.209787,1000
45144,0.001500432,1.500432,1000
45145,0.001242727,1.242727,1000
45146,0.000612137,0.612137,1000
45147,0.000618872,0.618872,1000
45148,0.001199191,1.199191,1000
45149,0.000578451,0.578451,1000
45150,0.001071105,1.071105,1000
45151,0.001687798,1.687798,1000
45152,0.000721618,0.721618,1000
45153,0.001371668,1.371668,1000
45154,0.000729005,0.729005,1000
45155,0.000801894,0.801894,1000
45156,0.00234659,2.34659,1000
45157,0.001506905,1.506905,1000
45158,0.001383865,1.383865,1000
45159,0.000661363,0.661363,1000
45160,0.000803116,0.803116,1000
45161,0.00112259,1.12259,1000
45162,0.002487999,2.487999,1000
45163,0.008214174,8.214174,1000
45164,0.008154863,8.154863,1000
45165,0.001104592,1.104592,1000
45166,0.001781358,1.781358,1000
45167,0.001031114,1.031114,1000
45168,0.001091942,1.091942,1000
45169,0.003800166,3.800166,1000
45170,0.001230044,1.230044,1000
45171,0.002943915,2.943915,1000
45172,0.001011936,1.011936,1000
45173,0.001515421,1.515421,1000
45174,0.001042288,1.042288,1000
45175,0.000783441,0.783441,1000
45176,0.000993186,0.993186,1000
45177,0.001184545,1.184545,1000
45178,0.0007076,0.7076,1000
45179,0.002960485,2.960485,1000
45180,0.001821889,1.821889,1000
45181,0.000783777,0.783777,1000
45182,0.001042288,1.042288,1000
45183,0.0011323,1.1323,1000
45184,0.01223419,12.23419,1000
45185,0.001268535,1.268535,1000
45186,0.000687313,0.687313,1000
45187,0.000890654,0.890654,1000
45188,0.000632944,0.632944,1000
45189,0.001339302,1.339302,1000
45190,0.000606982,0.606982,1000
45191,0.001136324,1.136324,1000
45192,0.001011936,1.011936,1000
45193,0.001035918,1.035918,1000
45194,0.001030366,1.030366,1000
45195,0.00112323,1.12323,1000
45196,0.001563696,1.563696,1000
45197,0.001555514,1.555514,1000
45198,0.001125981,1.125981,1000
45199,0.001523569,1.523569,1000
45200,0.001578808,1.578808,1000
45201,0.004737405,4.737405,1000
45202,0.595286263,595.286263,1000
45203,0.001023875,1.023875,1000
45204,0.000760229,0.760229,1000
45205,0.070113547,70.113547,1000
45206,0.001253209,1.253209,1000
45207,0.001062502,1.062502,1000
45208,0.000943445,0.943445,1000
45209,0.008591346,8.591346,1000
45210,0.000411498,0.411498,1000
45211,0.000433295,0.433295,1000
45212,0.000883936,0.883936,1000
45213,0.001260194,1.260194,1000
45214,0.000774173,0.774173,1000
45215,0.000897072,0.897072,1000
45216,0.000847349,0.847349,1000
45217,0.000766201,0.766201,1000
45218,0.000850538,0.850538,1000
45219,0.001042957,1.042957,1000
45220,0.002839611,2.839611,1000
45221,0.000563228,0.563228,1000
45222,0.001077558,1.077558,1000
45223,0.001385374,1.385374,1000
45224,0.003096161,3.096161,1000
45225,0.000760407,0.760407,1000
45226,0.000672495,0.672495,1000
45227,0.007945319,7.945319,1000
45228,0.004446717,4.446717,1000
45229,0.001042979,1.042979,1000
45230,0.001194978,1.194978,1000
45231,0.001065355,1.065355,1000
45232,0.001542492,1.542492,1000
45233,0.021956805,21.956805,1000
45234,0.001175259,1.175259,1000
45235,0.000901017,0.901017,1000
45236,0.595283003,595.283003,1000
45237,0.000950655,0.950655,1000
45238,0.002092332,2.092332,1000
45239,0.000749011,0.749011,1000
45240,0.000937243,0.937243,1000
45241,0.030703509,30.703509,1000
45242,0.005844141,5.844141,1000
45243,0.001167729,1.167729,1000
45244,0.000993186,0.993186,1000
45245,0.040901581,40.901581,1000
45246,0.000929721,0.929721,1000
45247,0.000925283,0.925283,1000
45248,0.001525181,1.525181,1000
45249,0.012217038,12.217038,1000
45250,0.000539741,0.539741,1000
45251,0.000743112,0.743112,1000
45252,0.001001009,1.001009,1000
45253,0.005191612,5.191612,1000
45254,0.001339743,1.339743,1000
45255,0.000406733,0.406733,1000
45256,0.001006165,1.006165,1000
45257,0.001613369,1.613369,1000
45258,0.000507987,0.507987,1000
45259,0.001010012,1.010012,1000
45260,0.001415045,1.415045,1000
45261,0.000783777,0.783777,1000
45262,0.000848298,0.848298,1000
45263,0.021500372,21.500372,1000
45264,0.001072086,1.072086,1000
45265,0.000739079,0.739079,1000
45266,0.000866195,0.866195,1000
45267,0.001586527,1.586527,1000
45268,0.000703413,0.703413,1000
45269,0.004143718,4.143718,1000
45270,0.000755185,0.755185,1000
45271,0.026796437,26.796437,1000
45272,0.001139846,1.139846,1000
45273,0.001523648,1.523648,1000
45274,0.001042957,1.042957,1000
45275,0.01152482,11.52482,1000
45276,0.000554845,0.554845,1000
45277,0.008726571,8.726571,1000
45278,0.595283003,595.283003,1000
45279,0.002452977,2.452977,1000
45280,0.010460609,10.460609,1000
45281,0.001071083,1.071083,1000
45282,0.001041753,1.041753,1000
45283,0.001505839,1.505839,1000
45284,0.003396994,3.396994,1000
45285,0.024595816,24.595816,1000
45286,0.000630288,0.630288,1000
45287,0.097200846,97.200846,1000
45288,0.003399517,3.399517,1000
45289,0.028717138,28.717138,1000
45290,0.003519697,3.519697,1000
45291,0.000765533,0.765533,1000
45292,0.000481527,0.481527,1000
45293,0.018359332,18.359332,1000
45294,0.001327786,1.327786,1000
45295,0.001482902,1.482902,1000
45296,0.000927637,0.927637,1000
45297,0.001108655,1.108655,1000
45298,0.000742186,0.742186,1000
45299,0.028964405,28.964405,1000
45300,0.003012863,3.012863,1000
45301,0.000986986,0.986986,1000
45302,0.001457948,1.457948,1000
45303,0.001601399,1.601399,1000
45304,0.000611321,0.611321,1000
45305,0.000854023,0.854023,1000
45306,0.011048244,11.048244,1000
45307,0.007925713,7.925713,1000
45308,0.000263961,0.263961,1000
45309,0.000625183,0.625183,1000
45310,0.004505458,4.505458,1000
45311,0.000239851,0.239851,1000
45312,0.000604297,0.604297,1000
45313,0.000764606,0.764606,1000
45314,0.001235166,1.235166,1000
45315,0.000756512,0.756512,1000
45316,0.009232855,9.232855,1000
45317,0.000597523,0.597523,1000
45318,0.00164262,1.64262,1000
45319,0.000845478,0.845478,1000
45320,0.00315025,3.15025,1000
45321,0.00115367,1.15367,1000
45322,0.0008978,0.8978,1000
45323,0.000979319,0.979319,1000
45324,0.015996942,15.996942,1000
45325,0.021321618,21.321618,1000
45326,0.042409404,42.409404,1000
45327,0.001143068,1.143068,1000
45328,0.000963771,0.963771,1000
45329,0.000963771,0.963771,1000
45330,0.000695688,0.695688,1000
45331,0.001227915,1.227915,1000
45332,0.000736907,0.736907,1000
45333,0.002569365,2.569365,1000
45334,0.001613775,1.613775,1000
45335,0.001156434,1.156434,1000
45336,0.004385045,4.385045,1000
45337,0.000783777,0.783777,1000
45338,0.000601134,0.601134,1000
45339,0.000560415,0.560415,1000
45340,0.002785991,2.785991,1000
45341,0.000672422,0.672422,1000
45342,0.000871206,0.871206,1000
45343,0.001160222,1.160222,1000
45344,0.00050473,0.50473,1000
45345,0.001074174,1.074174,1000
45346,0.001331153,1.331153,1000
45347,0.000980513,0.980513,1000
45348,0.001013986,1.013986,1000
45349,0.000655879,0.655879,1000
45350,0.001365328,1.365328,1000
45351,0.016337699,16.337699,1000
45352,0.052990339,52.990339,1000
45353,0.002023122,2.023122,1000
45354,0.000896686,0.896686,1000
45355,0.000884927,0.884927,1000
45356,0.001062502,1.062502,1000
45357,0.000927759,0.927759,1000
45358,0.00930583,9.30583,1000
45359,0.008347982,8.347982,1000
45360,0.001813596,1.813596,1000
45361,0.000615396,0.615396,1000
45362,0.000955012,0.955012,1000
45363,0.070625339,70.625339,1000
45364,0.010856886,10.856886,1000
45365,0.001687941,1.687941,1000
45366,0.000802599,0.802599,1000
45367,0.000797405,0.797405,1000
45368,0.000768409,0.768409,1000
45369,0.034497402,34.497402,1000
45370,0.002862046,2.862046,1000
45371,0.001232959,1.232959,1000
45372,0.00097848,0.97848,1000
45373,0.000882144,0.882144,1000
45374,0.000983108,0.983108,1000
45375,0.001609087,1.609087,1000
45376,0.00082629,0.82629,1000
45377,0.00900556,9.00556,1000
45378,0.000993186,0.993186,1000
45379,0.001044721,1.044721,1000
45380,0.000825966,0.825966,1000
45381,0.000819834,0.819834,1000
45382,0.000751855,0.751855,1000
45383,0.008061413,8.061413,1000
45384,0.000263068,0.263068,1000
45385,0.001033645,1.033645,1000
45386,0.043283014,43.283014,1000
45387,0.000962564,0.962564,1000
45388,0.000946261,0.946261,1000
45389,0.00068197,0.68197,1000
45390,0.001339784,1.339784,1000
45391,0.000897439,0.897439,1000
45392,0.001013062,1.013062,1000
45393,0.000686179,0.686179,1000
45394,0.000669723,0.669723,1000
45395,0.000586979,0.586979,1000
45396,0.000731519,0.731519,1000
45397,0.001031347,1.031347,1000
45398,0.000818367,0.818367,1000
45399,0.001682746,1.682746,1000
45400,0.000983681,0.983681,1000
45401,0.001026844,1.026844,1000
45402,0.001015072,1.015072,1000
45403,0.000608075,0.608075,1000
45404,0.001097456,1.097456,1000
45405,0.00087603,0.87603,1000
45406,0.014711062,14.711062,1000
45407,0.001221487,1.221487,1000
45408,0.00078883,0.78883,1000
45409,0.000944237,0.944237,1000
45410,0.001057519,1.057519,1000
45411,0.000801469,0.801469,1000
45412,0.000937184,0.937184,1000
45413,0.000878448,0.878448,1000
45414,0.000798024,0.798024,1000
45415,0.000774026,0.774026,1000
45416,0.001018774,1.018774,1000
45417,0.001523569,1.523569,1000
45418,0.000810389,0.810389,1000
45419,0.002809854,2.809854,1000
45420,0.000975013,0.975013,1000
45421,0.000755457,0.755457,1000
45422,0.00135251,1.35251,1000
45423,0.246243013,246.243013,1000
45424,0.00089978,0.89978,1000
45425,0.003375696,3.375696,1000
45426,0.001099781,1.099781,1000
45427,0.00845426,8.45426,1000
45428,0.001220914,1.220914,1000
45429,0.001340132,1.340132,1000
45430,0.001071133,1.071133,1000
45431,0.001677878,1.677878,1000
45432,0.001159546,1.159546,1000
45433,0.001116636,1.116636,1000
45434,0.00112596,1.12596,1000
45435,0.003659682,3.659682,1000
45436,0.001042957,1.042957,1000
45437,0.001022864,1.022864,1000
45438,0.001149588,1.149588,1000
45439,0.001218698,1.218698,1000
45440,0.00112596,1.12596,1000
45441,0.000695504,0.695504,1000
45442,0.000593619,0.593619,1000
45443,0.001903856,1.903856,1000
45444,0.001006227,1.006227,1000
45445,0.005470133,5.470133,1000
45446,0.001496185,1.496185,1000
45447,0.001164489,1.164489,1000
45448,0.000766309,0.766309,1000
45449,0.042365506,42.365506,1000
45450,0.11214475,112.14475,1000
45451,0.001730563,1.730563,1000
45452,0.000608739,0.608739,1000
45453,0.002990666,2.990666,1000
45454,0.001612347,1.612347,1000
45455,0.007958122,7.958122,1000
45456,0.004290339,4.290339,1000
45457,0.000993124,0.993124,1000
45458,0.000878358,0.878358,1000
45459,0.001168148,1.168148,1000
45460,0.000926242,0.926242,1000
45461,0.000684551,0.684551,1000
45462,0.000848783,0.848783,1000
45463,0.033368895,33.368895,1000
45464,0.000818318,0.818318,1000
45465,0.001497556,1.497556,1000
45466,0.000860948,0.860948,1000
45467,0.000815377,0.815377,1000
45468,0.000709057,0.709057,1000
45469,0.001071083,1.071083,1000
45470,0.000798789,0.798789,1000
45471,0.001175463,1.175463,1000
45472,0.001091954,1.091954,1000
45473,0.003481683,3.481683,1000
45474,0.000882371,0.882371,1000
45475,0.00057056,0.57056,1000
45476,0.001070445,1.070445,1000
45477,0.00080787,0.80787,1000
45478,0.000937512,0.937512,1000
45479,0.002440047,2.440047,1000
45480,0.000654721,0.654721,1000
45481,0.001323992,1.323992,1000
45482,0.002897299,2.897299,1000
45483,0.000917092,0.917092,1000
45484,0.001259124,1.259124,1000
45485,0.000575135,0.575135,1000
45486,0.00350597,3.50597,1000
45487,0.000634117,0.634117,1000
45488,0.001203396,1.203396,1000
45489,0.001062541,1.062541,1000
45490,0.000653808,0.653808,1000
45491,0.000617345,0.617345,1000
45492,0.001299991,1.299991,1000
45493,0.00059002,0.59002,1000
45494,0.001651817,1.651817,1000
45495,0.001229488,1.229488,1000
45496,0.000941941,0.941941,1000
45497,0.001370333,1.370333,1000
45498,0.000585669,0.585669,1000
45499,0.001201032,1.201032,1000
45500,0.014436519,14.436519,1000
45501,0.006663449,6.663449,1000
45502,0.000779896,0.779896,1000
45503,0.002763203,2.763203,1000
45504,0.00092205,0.92205,1000
45505,0.001317652,1.317652,1000
45506,0.004935946,4.935946,1000
45507,0.000709152,0.709152,1000
45508,0.000568604,0.568604,1000
45509,0.000708873,0.708873,1000
45510,0.000948554,0.948554,1000
45511,0.001193492,1.193492,1000
45512,0.000937243,0.937243,1000
45513,0.001096762,1.096762,1000
45514,0.001243259,1.243259,1000
45515,0.000817269,0.817269,1000
45516,0.002809228,2.809228,1000
45517,0.00339862,3.39862,1000
45518,0.000658859,0.658859,1000
45519,0.008964191,8.964191,1000
45520,0.000950426,0.950426,1000
45521,0.001264301,1.264301,1000
45522,0.000559785,0.559785,1000
45523,0.001288531,1.288531,1000
45524,0.005561683,5.561683,1000
45525,0.010140023,10.140023,1000
45526,0.001799216,1.799216,1000
45527,0.001348957,1.348957,1000
45528,0.002782308,2.782308,1000
45529,0.003736499,3.736499,1000
45530,0.000886883,0.886883,1000
45531,0.008796502,8.796502,1000
45532,0.000604247,0.604247,1000
45533,0.001458454,1.458454,1000
45534,0.001002276,1.002276,1000
45535,0.003078429,3.078429,1000
45536,0.000449931,0.449931,1000
45537,0.001400009,1.400009,1000
45538,0.001071048,1.071048,1000
45539,0.000730161,0.730161,1000
45540,0.000819577,0.819577,1000
45541,0.000999358,0.999358,1000
45542,0.001208909,1.208909,1000
45543,0.00081312,0.81312,1000
45544,0.000636464,0.636464,1000
45545,0.000777415,0.777415,1000
45546,0.000630529,0.630529,1000
45547,0.000782611,0.782611,1000
45548,0.00081312,0.81312,1000
45549,0.000682537,0.682537,1000
45550,0.001781392,1.781392,1000
45551,0.000478604,0.478604,1000
45552,0.000935353,0.935353,1000
45553,0.000628333,0.628333,1000
45554,0.000980505,0.980505,1000
45555,0.000770276,0.770276,1000
45556,0.001153201,1.153201,1000
45557,0.000816774,0.816774,1000
45558,0.001134919,1.134919,1000
45559,0.000487561,0.487561,1000
45560,0.008094761,8.094761,1000
45561,0.000575475,0.575475,1000
45562,0.000347185,0.347185,1000
45563,0.007702388,7.702388,1000
45564,0.004182012,4.182012,1000
45565,0.006286601,6.286601,1000
45566,0.000806551,0.806551,1000
45567,0.001636137,1.636137,1000
45568,0.003493026,3.493026,1000
45569,0.000789552,0.789552,1000
45570,0.005504074,5.504074,1000
45571,0.003709182,3.709182,1000
45572,0.00088192,0.88192,1000
45573,0.00159304,1.59304,1000
45574,0.001323992,1.323992,1000
45575,0.00268604,2.68604,1000
45576,0.003199067,3.199067,1000
45577,0.001008359,1.008359,1000
45578,0.000773792,0.773792,1000
45579,0.000779274,0.779274,1000
45580,0.00081312,0.81312,1000
45581,0.001020245,1.020245,1000
45582,0.001034277,1.034277,1000
45583,0.000956283,0.956283,1000
45584,0.001066367,1.066367,1000
45585,0.001018268,1.018268,1000
45586,0.001014328,1.014328,1000
45587,0.001176276,1.176276,1000
45588,0.000332298,0.332298,1000
45589,0.000813123,0.813123,1000
45590,0.000577843,0.577843,1000
45591,0.001767677,1.767677,1000
45592,0.001485566,1.485566,1000
45593,0.00114796,1.14796,1000
45594,0.001071105,1.071105,1000
45595,0.002192937,2.192937,1000
45596,0.000963031,0.963031,1000
45597,0.001480195,1.480195,1000
45598,0.00791383,7.91383,1000
45599,0.002516812,2.516812,1000
45600,0.00074164,0.74164,1000
45601,0.015245617,15.245617,1000
45602,0.000845485,0.845485,1000
45603,0.00107159,1.07159,1000
45604,0.004587923,4.587923,1000
45605,0.00080934,0.80934,1000
45606,0.000761165,0.761165,1000
45607,0.001026724,1.026724,1000
45608,0.00097658,0.97658,1000
45609,0.000547057,0.547057,1000
45610,0.003171894,3.171894,1000
45611,0.001151,1.151,1000
45612,0.001002939,1.002939,1000
45613,0.001453099,1.453099,1000
45614,0.001708354,1.708354,1000
45615,0.001453099,1.453099,1000
45616,0.009246428,9.246428,1000
45617,0.001043007,1.043007,1000
45618,0.000492645,0.492645,1000
45619,0.001176933,1.176933,1000
45620,0.009669657,9.669657,1000
45621,0.000660732,0.660732,1000
45622,0.001572179,1.572179,1000
45623,0.000476571,0.476571,1000
45624,0.000819451,0.819451,1000
45625,0.001071105,1.071105,1000
45626,0.001062541,1.062541,1000
45627,0.001577295,1.577295,1000
45628,0.001000921,1.000921,1000
45629,0.06457589,64.57589,1000
45630,0.004822653,4.822653,1000
45631,0.000799607,0.799607,1000
45632,0.000831047,0.831047,1000
45633,0.001109718,1.109718,1000
45634,0.000849015,0.849015,1000
45635,0.00080245,0.80245,1000
45636,0.004006489,4.006489,1000
45637,0.000917753,0.917753,1000
45638,0.000947822,0.947822,1000
45639,0.001110345,1.110345,1000
45640,0.001062519,1.062519,1000
45641,0.000706916,0.706916,1000
45642,0.001006959,1.006959,1000
45643,0.000937243,0.937243,1000
45644,0.00079703,0.79703,1000
45645,0.001134919,1.134919,1000
45646,0.003389743,3.389743,1000
45647,0.000963727,0.963727,1000
45648,0.004817792,4.817792,1000
45649,0.001623754,1.623754,1000
45650,0.000447049,0.447049,1000
45651,0.002226984,2.226984,1000
45652,0.001133385,1.133385,1000
45653,0.000760212,0.760212,1000
45654,0.005303234,5.303234,1000
45655,0.011521032,11.521032,1000
45656,0.000825966,0.825966,1000
45657,0.001996445,1.996445,1000
45658,0.001010701,1.010701,1000
45659,0.001042957,1.042957,1000
45661,0.001716682,1.716682,1000
45662,0.001006227,1.006227,1000
45663,0.000964006,0.964006,1000
45664,0.000800249,0.800249,1000
45665,0.002789913,2.789913,1000
45666,0.000753323,0.753323,1000
45667,0.001107566,1.107566,1000
45668,0.001071083,1.071083,1000
45669,0.000766722,0.766722,1000
45670,0.001356372,1.356372,1000
45671,0.00051152,0.51152,1000
45672,0.003506805,3.506805,1000
45673,0.007009668,7.009668,1000
45674,0.0015091,1.5091,1000
45675,0.000390913,0.390913,1000
45676,0.001023863,1.023863,1000
45677,0.001218698,1.218698,1000
45678,0.000856033,0.856033,1000
45679,0.001537384,1.537384,1000
45680,0.01285663,12.85663,1000
45681,0.001042288,1.042288,1000
45682,0.001042957,1.042957,1000
45683,0.001052014,1.052014,1000
45684,0.000474569,0.474569,1000
45685,0.00115761,1.15761,1000
45686,0.001071066,1.071066,1000
45687,0.001510527,1.510527,1000
45689,0.001062502,1.062502,1000
45690,0.00081312,0.81312,1000
45691,0.001067156,1.067156,1000
45692,0.001453099,1.453099,1000
45693,0.00064584,0.64584,1000
45694,0.000693755,0.693755,1000
45695,0.000639453,0.639453,1000
45696,0.000698344,0.698344,1000
45697,0.017722552,17.722552,1000
45698,0.000751128,0.751128,1000
45699,0.06457915,64.57915,1000
45700,0.000907633,0.907633,1000
45701,0.000962553,0.962553,1000
45702,0.001258278,1.258278,1000
45703,0.000782674,0.782674,1000
45704,0.000862083,0.862083,1000
45705,0.002931786,2.931786,1000
45706,0.001071066,1.071066,1000
45707,0.000810202,0.810202,1000
45708,0.001029575,1.029575,1000
45709,0.00111491,1.11491,1000
45710,0.000673236,0.673236,1000
45711,0.000643673,0.643673,1000
45712,0.001147598,1.147598,1000
45713,0.001097456,1.097456,1000
45714,0.000731395,0.731395,1000
45715,0.000793581,0.793581,1000
45716,0.000931897,0.931897,1000
45717,0.000601706,0.601706,1000
45718,0.003581217,3.581217,1000
45719,0.000809602,0.809602,1000
45720,0.001109718,1.109718,1000
45721,0.000960809,0.960809,1000
45722,0.003170038,3.170038,1000
45723,0.000933887,0.933887,1000
45724,0.004367875,4.367875,1000
45725,0.001062379,1.062379,1000
45726,0.004699474,4.699474,1000
45727,0.001150772,1.150772,1000
45728,0.000961351,0.961351,1000
45729,0.000265867,0.265867,1000
45730,0.001186411,1.186411,1000
45731,0.010464356,10.464356,1000
45732,0.000612401,0.612401,1000
45733,0.00081716,0.81716,1000
45734,0.000810101,0.810101,1000
45735,0.000962922,0.962922,1000
45736,0.000877165,0.877165,1000
45737,0.00311021,3.11021,1000
45738,0.000890808,0.890808,1000
45739,0.00325952,3.25952,1000
45740,0.000644659,0.644659,1000
45741,0.000916666,0.916666,1000
45742,0.001678311,1.678311,1000
45743,0.000610277,0.610277,1000
45744,0.000773465,0.773465,1000
45745,0.000575422,0.575422,1000
45746,0.001627616,1.627616,1000
45747,0.000891464,0.891464,1000
45748,0.003579568,3.579568,1000
45749,0.001402481,1.402481,1000
45750,0.001750714,1.750714,1000
45751,0.000966563,0.966563,1000
45752,0.002932376,2.932376,1000
45753,0.000834079,0.834079,1000
45754,0.001453099,1.453099,1000
45755,0.001062541,1.062541,1000
45756,0.001623363,1.623363,1000
45757,0.001337048,1.337048,1000
45758,0.000770453,0.770453,1000
45759,0.002781507,2.781507,1000
45760,0.002377393,2.377393,1000
45761,0.000627062,0.627062,1000
45762,0.008190748,8.190748,1000
45763,0.000544506,0.544506,1000
45764,0.001670348,1.670348,1000
45765,0.000776912,0.776912,1000
45766,0.001231268,1.231268,1000
45767,0.001111472,1.111472,1000
45768,0.002000248,2.000248,1000
45769,0.001453099,1.453099,1000
45770,0.001047697,1.047697,1000
45771,0.000575439,0.575439,1000
45772,0.001210798,1.210798,1000
45773,0.001004217,1.004217,1000
45774,0.000578302,0.578302,1000
45775,0.001062519,1.062519,1000
45776,0.002219937,2.219937,1000
45777,0.00140723,1.40723,1000
45778,0.001048317,1.048317,1000
45779,0.00168704,1.68704,1000
45780,0.001298618,1.298618,1000
45781,0.001145822,1.145822,1000
45782,0.002034764,2.034764,1000
45783,0.000571802,0.571802,1000
45784,0.000648415,0.648415,1000
45785,0.001152443,1.152443,1000
45786,0.001042957,1.042957,1000
45787,0.001260973,1.260973,1000
45788,0.000632208,0.632208,1000
45789,0.005340924,5.340924,1000
45790,0.000725207,0.725207,1000
45791,0.000473933,0.473933,1000
45792,0.000849015,0.849015,1000
45793,0.00103673,1.03673,1000
45794,0.000522412,0.522412,1000
45795,0.003027103,3.027103,1000
45796,0.001016392,1.016392,1000
45797,0.001316081,1.316081,1000
45798,0.000704352,0.704352,1000
45799,0.000980025,0.980025,1000
45800,0.001204139,1.204139,1000
45801,0.001150967,1.150967,1000
45802,0.00062249,0.62249,1000
45803,0.001529294,1.529294,1000
45804,0.00103168,1.03168,1000
45806,0.001062519,1.062519,1000
45807,0.001125669,1.125669,1000
45808,0.001017002,1.017002,1000
45809,0.000771708,0.771708,1000
45810,0.001012511,1.012511,1000
45811,0.001508129,1.508129,1000
45812,0.000379662,0.379662,1000
45813,0.005216138,5.216138,1000
45814,0.000867554,0.867554,1000
45815,0.001014983,1.014983,1000
45816,0.000922049,0.922049,1000
45817,0.000746547,0.746547,1000
45818,0.000400772,0.400772,1000
45819,0.000720113,0.720113,1000
45820,0.001383588,1.383588,1000
45821,0.000698999,0.698999,1000
45822,0.000527952,0.527952,1000
45823,0.003408705,3.408705,1000
45824,0.000594068,0.594068,1000
45825,0.001491315,1.491315,1000
45826,0.000333602,0.333602,1000
45827,0.00092221,0.92221,1000
45828,0.034598153,34.598153,1000
45829,0.000819852,0.819852,1000
45830,0.001050652,1.050652,1000
45831,0.000896552,0.896552,1000
45832,0.00099872,0.99872,1000
45833,0.00103168,1.03168,1000
45834,0.000786857,0.786857,1000
45835,0.001548993,1.548993,1000
45836,0.000861053,0.861053,1000
45837,0.001062502,1.062502,1000
45838,0.001814517,1.814517,1000
45839,0.000679808,0.679808,1000
45840,0.001999351,1.999351,1000
45841,0.002062822,2.062822,1000
45842,0.06457915,64.57915,1000
45843,0.001062519,1.062519,1000
45844,0.00104294,1.04294,1000
45845,0.00071325,0.71325,1000
45846,0.047385405,47.385405,1000
45847,0.00085012,0.85012,1000
45848,0.001006227,1.006227,1000
45849,0.001063774,1.063774,1000
45850,0.000825966,0.825966,1000
45851,0.0004377,0.4377,1000
45852,0.000878389,0.878389,1000
45853,0.001066625,1.066625,1000
45854,0.000792443,0.792443,1000
45855,0.001622635,1.622635,1000
45856,0.000594702,0.594702,1000
45857,0.00118236,1.18236,1000
45858,0.001091942,1.091942,1000
45859,0.004976541,4.976541,1000
45860,0.00137604,1.37604,1000
45861,0.001037325,1.037325,1000
45862,0.00115367,1.15367,1000
45863,0.007488451,7.488451,1000
45864,0.001351577,1.351577,1000
45865,0.00081312,0.81312,1000
45866,0.000600017,0.600017,1000
45867,0.000944673,0.944673,1000
45868,0.000884806,0.884806,1000
45869,0.001097735,1.097735,1000
45870,0.001018248,1.018248,1000
45871,0.000867803,0.867803,1000
45872,0.000863707,0.863707,1000
45873,0.000576336,0.576336,1000
45874,0.000605496,0.605496,1000
45875,0.000589839,0.589839,1000
45876,0.008145755,8.145755,1000
45877,0.001592072,1.592072,1000
45878,0.000738296,0.738296,1000
45879,0.009142705,9.142705,1000
45880,0.001109718,1.109718,1000
45881,0.002243973,2.243973,1000
45882,0.001296897,1.296897,1000
45883,0.001221487,1.221487,1000
45884,0.000526396,0.526396,1000
45885,0.001483479,1.483479,1000
45886,0.001205656,1.205656,1000
45887,0.001115427,1.115427,1000
45888,0.001118953,1.118953,1000
45889,0.0007675,0.7675,1000
45890,0.001032053,1.032053,1000
45891,0.001006227,1.006227,1000
45892,0.000951075,0.951075,1000
45893,0.000825966,0.825966,1000
45894,0.000249498,0.249498,1000
45895,0.000807456,0.807456,1000
45896,0.001062502,1.062502,1000
45897,0.000544031,0.544031,1000
45898,0.000900742,0.900742,1000
45899,0.004541521,4.541521,1000
45900,0.000564606,0.564606,1000
45901,0.000601705,0.601705,1000
45902,0.000937396,0.937396,1000
45903,0.001042957,1.042957,1000
45904,0.001004991,1.004991,1000
45905,0.00091138,0.91138,1000
45906,0.00080299,0.80299,1000
45907,0.001007951,1.007951,1000
45908,0.001159344,1.159344,1000
45909,0.003063248,3.063248,1000
45910,0.000781473,0.781473,1000
45911,0.001259006,1.259006,1000
45912,0.000777538,0.777538,1000
45913,0.001042957,1.042957,1000
45914,0.001062519,1.062519,1000
45915,0.000855576,0.855576,1000
45916,0.001483455,1.483455,1000
45917,0.001473142,1.473142,1000
45918,0.000748543,0.748543,1000
45919,0.003822702,3.822702,1000
45920,0.000611783,0.611783,1000
45921,0.000829316,0.829316,1000
45922,0.000825966,0.825966,1000
45923,0.000455989,0.455989,1000
45924,0.000790946,0.790946,1000
45925,0.000765797,0.765797,1000
45926,0.000848631,0.848631,1000
45927,0.001309979,1.309979,1000
45928,0.000813867,0.813867,1000
45929,0.000726019,0.726019,1000
45930,0.001062541,1.062541,1000
45931,0.001062541,1.062541,1000
45932,0.005282615,5.282615,1000
45933,0.001277431,1.277431,1000
45934,0.023637582,23.637582,1000
45935,0.009046675,9.046675,1000
45936,0.000336939,0.336939,1000
45937,0.000954263,0.954263,1000
45938,0.001164173,1.164173,1000
45939,0.001000921,1.000921,1000
45940,0.00081312,0.81312,1000
45941,0.000827942,0.827942,1000
45942,0.003096941,3.096941,1000
45943,0.001012717,1.012717,1000
45944,0.001000921,1.000921,1000
45945,0.00051678,0.51678,1000
45946,0.000626271,0.626271,1000
45947,0.000736678,0.736678,1000
45948,0.014565287,14.565287,1000
45949,0.000833581,0.833581,1000
45950,0.010942329,10.942329,1000
45951,0.000809625,0.809625,1000
45952,0.001633535,1.633535,1000
45953,0.001050709,1.050709,1000
45954,0.001376053,1.376053,1000
45955,0.000798826,0.798826,1000
45956,0.001042979,1.042979,1000
45957,0.000842768,0.842768,1000
45958,0.001149588,1.149588,1000
45959,0.000910531,0.910531,1000
45960,0.001224407,1.224407,1000
45961,0.163227486,163.227486,1000
45962,0.000622145,0.622145,1000
45963,0.000258668,0.258668,1000
45964,0.000549723,0.549723,1000
45965,0.000642756,0.642756,1000
45966,0.000773789,0.773789,1000
45967,0.000511958,0.511958,1000
45968,0.001062541,1.062541,1000
45969,0.001062519,1.062519,1000
45970,0.001830828,1.830828,1000
45971,0.00089759,0.89759,1000
45972,0.000949229,0.949229,1000
45973,0.001162375,1.162375,1000
45974,0.000695351,0.695351,1000
45975,0.000729889,0.729889,1000
45976,0.001821889,1.821889,1000
45977,0.002741438,2.741438,1000
45978,0.001062519,1.062519,1000
45979,0.000902987,0.902987,1000
45980,0.001671646,1.671646,1000
45981,0.001498264,1.498264,1000
45982,0.000825966,0.825966,1000
45983,0.000606326,0.606326,1000
45984,0.000705562,0.705562,1000
45985,0.000948623,0.948623,1000
45986,0.001042817,1.042817,1000
45987,0.001277898,1.277898,1000
45988,0.001520309,1.520309,1000
45989,0.005028399,5.028399,1000
45990,0.004084342,4.084342,1000
45991,0.001009371,1.009371,1000
45992,0.000835233,0.835233,1000
45993,0.001725914,1.725914,1000
45994,0.002805377,2.805377,1000
45995,0.000795546,0.795546,1000
45996,0.000989981,0.989981,1000
45997,0.003084451,3.084451,1000
45998,0.000825969,0.825969,1000
45999,0.001130459,1.130459,1000
46000,0.000667167,0.667167,1000
46001,0.000922241,0.922241,1000
46002,0.001170172,1.170172,1000
46003,0.000749198,0.749198,1000
46004,0.000678839,0.678839,1000
46005,0.000495811,0.495811,1000
46006,0.002932992,2.932992,1000
46007,0.000538746,0.538746,1000
46008,0.000573624,0.573624,1000
46009,0.00081312,0.81312,1000
46010,0.000756261,0.756261,1000
46011,0.000293514,0.293514,1000
46012,0.001031114,1.031114,1000
46013,0.000831387,0.831387,1000
46014,0.001108175,1.108175,1000
46015,0.000451457,0.451457,1000
46016,0.000835464,0.835464,1000
46017,0.00291773,2.91773,1000
46018,0.000587757,0.587757,1000
46019,0.00317854,3.17854,1000
46020,0.000799803,0.799803,1000
46021,0.000721996,0.721996,1000
46022,0.005762404,5.762404,1000
46023,0.00085482,0.85482,1000
46024,0.000674021,0.674021,1000
46025,0.001893829,1.893829,1000
46026,0.000546916,0.546916,1000
46027,0.001667934,1.667934,1000
46028,0.000726709,0.726709,1000
46029,0.000490961,0.490961,1000
46030,0.000881954,0.881954,1000
46031,0.00386461,3.86461,1000
46032,0.001593884,1.593884,1000
46033,0.001611993,1.611993,1000
46034,0.000540792,0.540792,1000
46035,0.000648563,0.648563,1000
46036,0.001042979,1.042979,1000
46037,0.06457915,64.57915,1000
46038,0.000922584,0.922584,1000
46039,0.000570532,0.570532,1000
46040,0.000964089,0.964089,1000
46041,0.013767171,13.767171,1000
46042,0.000262432,0.262432,1000
46043,0.001206143,1.206143,1000
46044,0.001008274,1.008274,1000
46045,0.02080687,20.80687,1000
46046,0.000706234,0.706234,1000
46047,0.002945071,2.945071,1000
46048,0.008301813,8.301813,1000
46049,0.003072995,3.072995,1000
46050,0.003096617,3.096617,1000
46051,0.002381823,2.381823,1000
46052,0.000614116,0.614116,1000
46053,0.002852945,2.852945,1000
46054,0.000657085,0.657085,1000
46055,0.00081312,0.81312,1000
46056,0.002732212,2.732212,1000
46057,0.000266541,0.266541,1000
46058,0.000450614,0.450614,1000
46059,0.000478695,0.478695,1000
46060,0.001305067,1.305067,1000
46061,0.00078378,0.78378,1000
46062,0.001102374,1.102374,1000
46063,0.002770936,2.770936,1000
46064,0.000778652,0.778652,1000
46065,0.000783777,0.783777,1000
46066,0.001062569,1.062569,1000
46067,0.000825966,0.825966,1000
46068,0.001097456,1.097456,1000
46069,0.000981991,0.981991,1000
46070,0.000611996,0.611996,1000
46071,0.000783777,0.783777,1000
46072,0.001228227,1.228227,1000
46073,0.001246149,1.246149,1000
46074,0.000987887,0.987887,1000
46075,0.008784236,8.784236,1000
46076,0.002953478,2.953478,1000
46077,0.000252027,0.252027,1000
46078,0.001593884,1.593884,1000
46079,0.001147967,1.147967,1000
46080,0.00081312,0.81312,1000
46081,0.00068187,0.68187,1000
46082,0.000783777,0.783777,1000
46083,0.000937371,0.937371,1000
46084,0.007060008,7.060008,1000
46085,0.001084869,1.084869,1000
46086,0.000767385,0.767385,1000
46087,0.002890251,2.890251,1000
46088,0.000825969,0.825969,1000
46089,0.001000921,1.000921,1000
46090,0.00103168,1.03168,1000
46091,0.00144782,1.44782,1000
46092,0.000441995,0.441995,1000
46093,0.00095244,0.95244,1000
46094,0.001062519,1.062519,1000
46095,0.022996796,22.996796,1000
46096,0.00081312,0.81312,1000
46097,0.001003163,1.003163,1000
46098,0.001134919,1.134919,1000
46099,0.001510527,1.510527,1000
46100,0.016595454,16.595454,1000
46101,0.001284564,1.284564,1000
46102,0.000978179,0.978179,1000
46103,0.002937214,2.937214,1000
46104,0.002554916,2.554916,1000
46105,0.000868258,0.868258,1000
46106,0.001139001,1.139001,1000
46107,0.00061441,0.61441,1000
46108,0.00082305,0.82305,1000
46109,0.001178814,1.178814,1000
46110,0.000411664,0.411664,1000
46111,0.003082727,3.082727,1000
46112,0.001703374,1.703374,1000
46113,0.002341577,2.341577,1000
46114,0.000951217,0.951217,1000
46115,0.000438734,0.438734,1000
46116,0.003548644,3.548644,1000
46117,0.001013786,1.013786,1000
46118,0.000627039,0.627039,1000
46119,0.000825966,0.825966,1000
46120,0.003530435,3.530435,1000
46121,0.00081312,0.81312,1000
46122,0.000555572,0.555572,1000
46123,0.001176943,1.176943,1000
46124,0.001366669,1.366669,1000
46125,0.003023952,3.023952,1000
46126,0.002982043,2.982043,1000
46127,0.000874048,0.874048,1000
46128,0.003774842,3.774842,1000
46129,0.000857584,0.857584,1000
46130,0.000627123,0.627123,1000
46131,0.000663803,0.663803,1000
46132,0.001189834,1.189834,1000
46133,0.000641352,0.641352,1000
46134,0.001062502,1.062502,1000
46135,0.000499071,0.499071,1000
46136,0.001001497,1.001497,1000
46137,0.009583602,9.583602,1000
46138,0.022648263,22.648263,1000
46139,0.001215707,1.215707,1000
46140,0.005884634,5.884634,1000
46141,0.000700974,0.700974,1000
46142,0.00601427,6.01427,1000
46143,0.001653429,1.653429,1000
46144,0.000576128,0.576128,1000
46145,0.001062502,1.062502,1000
46146,0.000783777,0.783777,1000
46147,0.005890633,5.890633,1000
46148,0.000587616,0.587616,1000
46149,0.00077449,0.77449,1000
46150,0.000415597,0.415597,1000
46151,0.000851302,0.851302,1000
46152,0.000698893,0.698893,1000
46153,0.001188313,1.188313,1000
46154,0.000777,0.777,1000
46155,0.00082768,0.82768,1000
46156,0.000718732,0.718732,1000
46157,0.008033969,8.033969,1000
46158,0.000864643,0.864643,1000
46159,0.000649166,0.649166,1000
46160,0.000646302,0.646302,1000
46161,0.00240125,2.40125,1000
46162,0.000465034,0.465034,1000
46163,0.002943532,2.943532,1000
46164,0.001111976,1.111976,1000
46165,0.000296906,0.296906,1000
46166,0.004132826,4.132826,1000
46167,0.001246329,1.246329,1000
46168,0.000407091,0.407091,1000
46169,0.001320641,1.320641,1000
46170,0.595287691,595.287691,1000
46171,0.00081312,0.81312,1000
46172,0.001194978,1.194978,1000
46173,0.001327025,1.327025,1000
46174,0.001381621,1.381621,1000
46175,0.00113813,1.13813,1000
46176,0.000551324,0.551324,1000
46177,0.000861,0.861,1000
46178,0.000813867,0.813867,1000
46179,0.000778286,0.778286,1000
46180,0.000670731,0.670731,1000
46181,0.000783777,0.783777,1000
46182,0.000655341,0.655341,1000
46183,0.00081312,0.81312,1000
46184,0.000783777,0.783777,1000
46185,0.002898818,2.898818,1000
46186,0.003891686,3.891686,1000
46187,0.000565218,0.565218,1000
46188,0.000689274,0.689274,1000
46189,0.000630509,0.630509,1000
46190,0.000906188,0.906188,1000
46191,0.000773144,0.773144,1000
46192,0.006165662,6.165662,1000
46193,0.001224407,1.224407,1000
46194,0.00107689,1.07689,1000
46195,0.003153292,3.153292,1000
46196,0.000878428,0.878428,1000
46197,0.001062502,1.062502,1000
46198,0.000798789,0.798789,1000
46199,0.00091128,0.91128,1000
46200,0.000427467,0.427467,1000
46201,0.001311129,1.311129,1000
46202,0.006443569,6.443569,1000
46203,0.000612983,0.612983,1000
46205,0.00081312,0.81312,1000
46206,0.001554015,1.554015,1000
46207,0.001062502,1.062502,1000
46208,0.001658494,1.658494,1000
46209,0.002446685,2.446685,1000
46211,0.001711571,1.711571,1000
46212,0.00699624,6.99624,1000
46213,0.00293053,2.93053,1000
46214,0.001017768,1.017768,1000
46215,0.008175937,8.175937,1000
46216,0.00094286,0.94286,1000
46217,0.002921885,2.921885,1000
46218,0.001491196,1.491196,1000
46219,0.000630233,0.630233,1000
46220,0.000404219,0.404219,1000
46221,0.001211728,1.211728,1000
46222,0.006457058,6.457058,1000
46223,0.001248588,1.248588,1000
46224,0.000429463,0.429463,1000
46225,0.000738956,0.738956,1000
46226,0.00081312,0.81312,1000
46227,0.000877334,0.877334,1000
46228,0.000569725,0.569725,1000
46229,0.000505631,0.505631,1000
46230,0.000511646,0.511646,1000
46231,0.001151077,1.151077,1000
46232,0.000468026,0.468026,1000
46233,0.000348591,0.348591,1000
46234,0.001096676,1.096676,1000
46235,0.000685502,0.685502,1000
46236,0.000731444,0.731444,1000
46237,0.001327025,1.327025,1000
46238,0.000702809,0.702809,1000
46239,0.002983172,2.983172,1000
46240,0.001238632,1.238632,1000
46241,0.001108237,1.108237,1000
46242,0.004505442,4.505442,1000
46243,0.001797708,1.797708,1000
46244,0.019659796,19.659796,1000
46245,0.001071066,1.071066,1000
46246,0.002748131,2.748131,1000
46247,0.00022761,0.22761,1000
46248,0.000656937,0.656937,1000
46249,0.006686937,6.686937,1000
46250,0.008131323,8.131323,1000
46251,0.001433843,1.433843,1000
46252,0.000993186,0.993186,1000
46253,0.00247093,2.47093,1000
46254,0.017065367,17.065367,1000
46255,0.001068977,1.068977,1000
46256,0.000774028,0.774028,1000
46257,0.000391159,0.391159,1000
46258,0.001349099,1.349099,1000
46259,0.004140359,4.140359,1000
46260,0.001062519,1.062519,1000
46261,0.000978323,0.978323,1000
46262,0.002894457,2.894457,1000
46263,0.00057979,0.57979,1000
46264,0.000502201,0.502201,1000
46265,0.012321316,12.321316,1000
46266,0.005698902,5.698902,1000
46267,0.002508977,2.508977,1000
46268,0.007762129,7.762129,1000
46269,0.00356952,3.56952,1000
46270,0.001231268,1.231268,1000
46271,0.000616772,0.616772,1000
46272,0.000818475,0.818475,1000
46273,0.003153919,3.153919,1000
46274,0.000571429,0.571429,1000
46275,0.016387342,16.387342,1000
46276,0.001021104,1.021104,1000
46277,0.001217809,1.217809,1000
46278,0.001021447,1.021447,1000
46279,0.002762883,2.762883,1000
46280,0.000942287,0.942287,1000
46281,0.000592552,0.592552,1000
46282,0.001104592,1.104592,1000
46283,0.001262102,1.262102,1000
46284,0.000601054,0.601054,1000
46285,0.00081312,0.81312,1000
46286,0.00558259,5.58259,1000
46287,0.001257056,1.257056,1000
46288,0.000945045,0.945045,1000
46289,0.002928411,2.928411,1000
46290,0.001062541,1.062541,1000
46291,0.004735756,4.735756,1000
46292,0.000783777,0.783777,1000
46293,0.002055389,2.055389,1000
46294,0.002342887,2.342887,1000
46295,0.001409496,1.409496,1000
46296,0.000604162,0.604162,1000
46297,0.001005054,1.005054,1000
46298,0.000900896,0.900896,1000
46299,0.001223183,1.223183,1000
46300,0.000699309,0.699309,1000
46301,0.002219604,2.219604,1000
46302,0.000647656,0.647656,1000
46303,0.00054365,0.54365,1000
46304,0.004121283,4.121283,1000
46305,0.00084644,0.84644,1000
46306,0.002982821,2.982821,1000
46307,0.001062379,1.062379,1000
46308,0.005346174,5.346174,1000
46309,0.000849333,0.849333,1000
46310,0.074384081,74.384081,1000
46311,0.000892093,0.892093,1000
46312,0.000880187,0.880187,1000
46313,0.003654921,3.654921,1000
46314,0.00042336,0.42336,1000
46315,0.000702194,0.702194,1000
46316,0.00113116,1.13116,1000
46317,0.001125562,1.125562,1000
46318,0.000344422,0.344422,1000
46319,0.001928843,1.928843,1000
46320,0.001040915,1.040915,1000
46321,0.000842143,0.842143,1000
46322,0.000866195,0.866195,1000
46323,0.000627047,0.627047,1000
46324,0.002096323,2.096323,1000
46325,0.000583158,0.583158,1000
46326,0.000962404,0.962404,1000
46327,0.000927585,0.927585,1000
46328,0.001632122,1.632122,1000
46329,0.000566748,0.566748,1000
46330,0.001896074,1.896074,1000
46331,0.002459355,2.459355,1000
46332,0.000985625,0.985625,1000
46333,0.001237045,1.237045,1000
46334,0.000553859,0.553859,1000
46335,0.00073164,0.73164,1000
46336,0.000607336,0.607336,1000
46337,0.002001001,2.001001,1000
46338,0.001097456,1.097456,1000
46339,0.00066783,0.66783,1000
46340,0.000313994,0.313994,1000
46341,0.00064174,0.64174,1000
46342,0.002643038,2.643038,1000
46343,0.000384847,0.384847,1000
46344,0.000945045,0.945045,1000
46345,0.000688089,0.688089,1000
46346,0.000719689,0.719689,1000
46347,0.001190663,1.190663,1000
46348,0.002371944,2.371944,1000
46349,0.000835581,0.835581,1000
46350,0.000994396,0.994396,1000
46351,0.000926846,0.926846,1000
46352,0.000825966,0.825966,1000
46353,0.000747208,0.747208,1000
46354,0.000600127,0.600127,1000
46355,0.000969043,0.969043,1000
46356,0.001138335,1.138335,1000
46357,0.207172208,207.172208,1000
46358,0.001062502,1.062502,1000
46359,0.000730509,0.730509,1000
46360,0.000688034,0.688034,1000
46361,0.000668843,0.668843,1000
46362,0.002246222,2.246222,1000
46363,0.00088369,0.88369,1000
46364,0.001044721,1.044721,1000
46365,0.000866784,0.866784,1000
46366,0.038668705,38.668705,1000
46367,0.000825966,0.825966,1000
46368,0.000605073,0.605073,1000
46369,0.000380768,0.380768,1000
46370,0.000977131,0.977131,1000
46371,0.000517196,0.517196,1000
46372,0.000655201,0.655201,1000
46373,0.001068227,1.068227,1000
46374,0.000409285,0.409285,1000
46375,0.001000191,1.000191,1000
46376,0.00110384,1.10384,1000
46377,0.001428057,1.428057,1000
46378,0.001071066,1.071066,1000
46379,0.001011566,1.011566,1000
46380,0.00101211,1.01211,1000
46381,0.000606795,0.606795,1000
46382,0.000590905,0.590905,1000
46383,0.019289437,19.289437,1000
46384,0.000886671,0.886671,1000
46385,0.000856225,0.856225,1000
46386,0.000499512,0.499512,1000
46387,0.001649119,1.649119,1000
46388,0.000893243,0.893243,1000
46389,0.00378206,3.78206,1000
46390,0.00249603,2.49603,1000
46391,0.000604271,0.604271,1000
46392,0.021695497,21.695497,1000
46393,0.000929332,0.929332,1000
46394,0.000909008,0.909008,1000
46395,0.001147837,1.147837,1000
46396,0.000560115,0.560115,1000
46397,0.001149588,1.149588,1000
46398,0.000622004,0.622004,1000
46399,0.001008594,1.008594,1000
46400,0.001623754,1.623754,1000
46401,0.001479489,1.479489,1000
46402,0.001002939,1.002939,1000
46403,0.002962175,2.962175,1000
46404,0.000942703,0.942703,1000
46405,0.003082841,3.082841,1000
46406,0.001147967,1.147967,1000
46407,0.001876704,1.876704,1000
46408,0.000639926,0.639926,1000
46409,0.001062541,1.062541,1000
46410,0.001893114,1.893114,1000
46411,0.001006227,1.006227,1000
46412,0.000838368,0.838368,1000
46413,0.002814501,2.814501,1000
46414,0.000695066,0.695066,1000
46415,0.000829807,0.829807,1000
46416,0.000773568,0.773568,1000
46417,0.14286451,142.86451,1000
46418,0.001143068,1.143068,1000
46419,0.000654328,0.654328,1000
46420,0.001091003,1.091003,1000
46421,0.001272688,1.272688,1000
46422,0.003033262,3.033262,1000
46423,0.001062541,1.062541,1000
46424,0.000882945,0.882945,1000
46425,0.000599606,0.599606,1000
46426,0.014105428,14.105428,1000
46427,0.001593884,1.593884,1000
46428,0.006768563,6.768563,1000
46430,0.000645225,0.645225,1000
46431,0.000844684,0.844684,1000
46432,0.000736992,0.736992,1000
46433,0.000926743,0.926743,1000
46434,0.001501995,1.501995,1000
46435,0.001143068,1.143068,1000
46436,0.000711477,0.711477,1000
46437,0.000637952,0.637952,1000
46438,0.000856221,0.856221,1000
46439,0.003369674,3.369674,1000
46440,0.000839489,0.839489,1000
46441,0.000690463,0.690463,1000
46442,0.0006774,0.6774,1000
46443,0.000463913,0.463913,1000
46444,0.001011284,1.011284,1000
46445,0.001405312,1.405312,1000
46446,0.001071083,1.071083,1000
46447,0.001372382,1.372382,1000
46448,0.001429064,1.429064,1000
46449,0.000754107,0.754107,1000
46450,0.000795512,0.795512,1000
46451,0.001062519,1.062519,1000
46452,0.005568506,5.568506,1000
46453,0.001557923,1.557923,1000
46454,0.000861396,0.861396,1000
46455,0.000773757,0.773757,1000
46456,0.016282018,16.282018,1000
46457,0.000772641,0.772641,1000
46458,0.00101079,1.01079,1000
46459,0.001119318,1.119318,1000
46460,0.02124512,21.24512,1000
46461,0.002804559,2.804559,1000
46462,0.001062519,1.062519,1000
46463,0.025304421,25.304421,1000
46464,0.008806402,8.806402,1000
46465,0.00144553,1.44553,1000
46466,0.000789572,0.789572,1000
46467,0.003181708,3.181708,1000
46468,0.000920796,0.920796,1000
46469,0.000843976,0.843976,1000
46470,0.000679823,0.679823,1000
46471,0.000616336,0.616336,1000
46472,0.001062502,1.062502,1000
46473,0.001006227,1.006227,1000
46474,0.003300287,3.300287,1000
46475,0.001080748,1.080748,1000
46476,0.003251622,3.251622,1000
46477,0.000970173,0.970173,1000
46478,0.000663699,0.663699,1000
46479,0.000513005,0.513005,1000
46480,0.001134926,1.134926,1000
46481,0.0039403,3.9403,1000
46482,0.001636872,1.636872,1000
46483,0.004065083,4.065083,1000
46484,0.001270866,1.270866,1000
46485,0.00130124,1.30124,1000
46486,0.000745905,0.745905,1000
46487,0.001919561,1.919561,1000
46488,0.001671379,1.671379,1000
46489,0.011266857,11.266857,1000
46490,0.001062569,1.062569,1000
46491,0.001062519,1.062519,1000
46492,0.001635447,1.635447,1000
46493,0.002703945,2.703945,1000
46494,0.042989239,42.989239,1000
46495,0.002741794,2.741794,1000
46496,0.001062502,1.062502,1000
46497,0.000825966,0.825966,1000
46498,0.00122394,1.22394,1000
46499,0.001149099,1.149099,1000
46500,0.004922775,4.922775,1000
46501,0.0010785,1.0785,1000
46502,0.000622412,0.622412,1000
46503,0.00105788,1.05788,1000
46504,0.000876547,0.876547,1000
46505,0.000583011,0.583011,1000
46506,0.001017083,1.017083,1000
46507,0.124833805,124.833805,1000
46508,0.000624147,0.624147,1000
46509,0.001122625,1.122625,1000
46510,0.000977821,0.977821,1000
46511,0.001044721,1.044721,1000
46512,0.000745574,0.745574,1000
46513,0.001148643,1.148643,1000
46514,0.001450235,1.450235,1000
46515,0.001018268,1.018268,1000
46516,0.000907608,0.907608,1000
46517,0.001046465,1.046465,1000
46518,0.001362408,1.362408,1000
46519,0.002944462,2.944462,1000
46520,0.00114796,1.14796,1000
46521,0.000682547,0.682547,1000
46522,0.001634585,1.634585,1000
46523,0.000835998,0.835998,1000
46524,0.000875429,0.875429,1000
46525,0.000923919,0.923919,1000
46526,0.007386116,7.386116,1000
46527,0.00115367,1.15367,1000
46528,0.002924433,2.924433,1000
46529,0.595283003,595.283003,1000
46530,0.000863814,0.863814,1000
46531,0.000606777,0.606777,1000
46532,0.000813406,0.813406,1000
46533,0.001044721,1.044721,1000
46534,0.000938639,0.938639,1000
46535,0.001163309,1.163309,1000
46536,0.001071083,1.071083,1000
46537,0.000593959,0.593959,1000
46538,0.000889846,0.889846,1000
46539,0.000860663,0.860663,1000
46540,0.001840633,1.840633,1000
46541,0.001552772,1.552772,1000
46542,0.001042979,1.042979,1000
46543,0.003555952,3.555952,1000
46544,0.000934699,0.934699,1000
46545,0.000627873,0.627873,1000
46546,0.000325384,0.325384,1000
46547,0.001151318,1.151318,1000
46548,0.000783777,0.783777,1000
46549,0.002942448,2.942448,1000
46550,0.000724808,0.724808,1000
46551,0.00107521,1.07521,1000
46552,0.002641015,2.641015,1000
46553,0.00104294,1.04294,1000
46554,0.000606802,0.606802,1000
46555,0.001181135,1.181135,1000
46556,0.001228171,1.228171,1000
46557,0.001023622,1.023622,1000
46558,0.001071105,1.071105,1000
46559,0.000738378,0.738378,1000
46560,0.001623754,1.623754,1000
46561,0.003102361,3.102361,1000
46562,0.000407084,0.407084,1000
46563,0.000312391,0.312391,1000
46564,0.000608673,0.608673,1000
46565,0.000288024,0.288024,1000
46566,0.003526382,3.526382,1000
46567,0.001071083,1.071083,1000
46568,0.001830475,1.830475,1000
46569,0.00083831,0.83831,1000
46570,0.001114409,1.114409,1000
46571,0.000984818,0.984818,1000
46572,0.05632995,56.32995,1000
46573,0.006310027,6.310027,1000
46574,0.000475495,0.475495,1000
46575,0.000845747,0.845747,1000
46576,0.002879456,2.879456,1000
46577,0.00060116,0.60116,1000
46578,0.002059291,2.059291,1000
46579,0.003113867,3.113867,1000
46580,0.001849201,1.849201,1000
46581,0.003691445,3.691445,1000
46582,0.000593953,0.593953,1000
46583,0.002459743,2.459743,1000
46584,0.004908142,4.908142,1000
46585,0.001010701,1.010701,1000
46586,0.001071083,1.071083,1000
46587,0.000948911,0.948911,1000
46588,0.000800732,0.800732,1000
46589,0.043102518,43.102518,1000
46590,0.000634494,0.634494,1000
46591,0.000860743,0.860743,1000
46592,0.004216077,4.216077,1000
46593,0.002983519,2.983519,1000
46594,0.001147967,1.147967,1000
46595,0.000783777,0.783777,1000
46596,0.001090685,1.090685,1000
46597,0.001071083,1.071083,1000
46598,0.000536345,0.536345,1000
46599,0.003605375,3.605375,1000
46600,0.001699135,1.699135,1000
46601,0.000549571,0.549571,1000
46602,0.00081312,0.81312,1000
46603,0.06457915,64.57915,1000
46604,0.001221487,1.221487,1000
46605,0.002786586,2.786586,1000
46606,0.005430768,5.430768,1000
46607,0.000638138,0.638138,1000
46608,0.000737673,0.737673,1000
46609,0.000461352,0.461352,1000
46610,0.000573933,0.573933,1000
46611,0.00061711,0.61711,1000
46612,0.001749287,1.749287,1000
46613,0.001028946,1.028946,1000
46614,0.000820636,0.820636,1000
46615,0.001018268,1.018268,1000
46616,0.0015091,1.5091,1000
46617,0.000678264,0.678264,1000
46618,0.00123555,1.23555,1000
46619,0.000618883,0.618883,1000
46620,0.000825966,0.825966,1000
46621,0.000782886,0.782886,1000
46622,0.002762666,2.762666,1000
46623,0.001018268,1.018268,1000
46624,0.001054338,1.054338,1000
46625,0.000517269,0.517269,1000
46626,0.000437627,0.437627,1000
46627,0.000621349,0.621349,1000
46628,0.000714496,0.714496,1000
46629,0.001749287,1.749287,1000
46630,0.000682095,0.682095,1000
46631,0.001231268,1.231268,1000
46632,0.001018268,1.018268,1000
46633,0.000667643,0.667643,1000
46634,0.000486315,0.486315,1000
46635,0.000564614,0.564614,1000
46636,0.001632993,1.632993,1000
46637,0.001200455,1.200455,1000
46638,0.001130031,1.130031,1000
46639,0.001062502,1.062502,1000
46640,0.000580536,0.580536,1000
46641,0.025096948,25.096948,1000
46642,0.001523648,1.523648,1000
46643,0.000382997,0.382997,1000
46644,0.001251793,1.251793,1000
46645,0.00059691,0.59691,1000
46646,0.001552794,1.552794,1000
46647,0.001071066,1.071066,1000
46648,0.000931287,0.931287,1000
46649,0.003440138,3.440138,1000
46650,0.00158555,1.58555,1000
46652,0.003576603,3.576603,1000
46653,0.000782666,0.782666,1000
46654,0.001130698,1.130698,1000
46655,0.001018554,1.018554,1000
46656,0.001209563,1.209563,1000
46657,0.000798805,0.798805,1000
46658,0.000946261,0.946261,1000
46659,0.001295283,1.295283,1000
46660,0.000928112,0.928112,1000
46661,0.011718173,11.718173,1000
46662,0.000901727,0.901727,1000
46663,0.001014014,1.014014,1000
46664,0.001393906,1.393906,1000
46665,0.000775102,0.775102,1000
46666,0.000999341,0.999341,1000
46667,0.00073126,0.73126,1000
46668,0.001075202,1.075202,1000
46669,0.001301135,1.301135,1000
46670,0.00081312,0.81312,1000
46671,0.000781375,0.781375,1000
46672,0.00080465,0.80465,1000
46673,0.008146667,8.146667,1000
46674,0.000692722,0.692722,1000
46675,0.00112696,1.12696,1000
46676,0.000916999,0.916999,1000
46677,0.001010701,1.010701,1000
46678,0.000797405,0.797405,1000
46679,0.001692069,1.692069,1000
46680,0.001203504,1.203504,1000
46681,0.000716339,0.716339,1000
46682,0.001054381,1.054381,1000
46683,0.003671103,3.671103,1000
46684,0.000827859,0.827859,1000
46685,0.001217628,1.217628,1000
46686,0.00129342,1.29342,1000
46687,0.000620231,0.620231,1000
46688,0.00071196,0.71196,1000
46689,0.001594926,1.594926,1000
46690,0.000503491,0.503491,1000
46691,0.001750714,1.750714,1000
46692,0.001071083,1.071083,1000
46693,0.000805747,0.805747,1000
46694,0.000772579,0.772579,1000
46695,0.001062519,1.062519,1000
46696,0.001014983,1.014983,1000
46697,0.001211611,1.211611,1000
46698,0.000882907,0.882907,1000
46699,0.000842564,0.842564,1000
46700,0.000908102,0.908102,1000
46701,0.000463757,0.463757,1000
46702,0.064580577,64.580577,1000
46703,0.000736621,0.736621,1000
46704,0.000864529,0.864529,1000
46705,0.000560985,0.560985,1000
46706,0.002280418,2.280418,1000
46707,0.000309438,0.309438,1000
46708,0.001927968,1.927968,1000
46709,0.000891197,0.891197,1000
46710,0.00101079,1.01079,1000
46711,0.008125795,8.125795,1000
46712,0.00059559,0.59559,1000
46713,0.000844959,0.844959,1000
46714,0.001010732,1.010732,1000
46715,0.001011874,1.011874,1000
46716,0.002919107,2.919107,1000
46717,0.000524211,0.524211,1000
46718,0.001044131,1.044131,1000
46719,0.00087171,0.87171,1000
46720,0.012256472,12.256472,1000
46721,0.001068333,1.068333,1000
46722,0.001221064,1.221064,1000
46723,0.00076521,0.76521,1000
46724,0.0013153,1.3153,1000
46725,0.001251883,1.251883,1000
46726,0.015353356,15.353356,1000
46727,0.001958241,1.958241,1000
46728,0.000633939,0.633939,1000
46729,0.015180631,15.180631,1000
46730,0.000681906,0.681906,1000
46731,0.008176725,8.176725,1000
46732,0.001000921,1.000921,1000
46733,0.001995652,1.995652,1000
46734,0.009138018,9.138018,1000
46735,0.001042979,1.042979,1000
46736,0.001044721,1.044721,1000
46737,0.000380465,0.380465,1000
46738,0.000706049,0.706049,1000
46739,0.00115367,1.15367,1000
46740,0.000364488,0.364488,1000
46741,0.000423274,0.423274,1000
46742,0.000360057,0.360057,1000
46743,0.001011874,1.011874,1000
46744,0.000878856,0.878856,1000
46745,0.000624692,0.624692,1000
46746,0.002812675,2.812675,1000
46747,0.001205656,1.205656,1000
46748,0.00081312,0.81312,1000
46749,0.000723914,0.723914,1000
46750,0.001147967,1.147967,1000
46751,0.000295696,0.295696,1000
46752,0.003549579,3.549579,1000
46753,0.001096676,1.096676,1000
46754,0.000568,0.568,1000
46755,0.000848512,0.848512,1000
46756,0.001620354,1.620354,1000
46757,0.001012725,1.012725,1000
46758,0.0010786,1.0786,1000
46759,0.002721214,2.721214,1000
46760,0.001004205,1.004205,1000
46761,0.000515304,0.515304,1000
46762,0.000585271,0.585271,1000
46763,0.001456359,1.456359,1000
46764,0.001432348,1.432348,1000
46765,0.001179457,1.179457,1000
46766,0.000560745,0.560745,1000
46767,0.000607538,0.607538,1000
46768,0.001129414,1.129414,1000
46769,0.000937396,0.937396,1000
46770,0.000783777,0.783777,1000
46771,0.595286263,595.286263,1000
46772,0.000887945,0.887945,1000
46773,0.001321031,1.321031,1000
46774,0.001520187,1.520187,1000
46775,0.0009537,0.9537,1000
46776,0.000822812,0.822812,1000
46777,0.001176933,1.176933,1000
46778,0.000995922,0.995922,1000
46779,0.001071083,1.071083,1000
46780,0.000821774,0.821774,1000
46781,0.000844943,0.844943,1000
46782,0.000849813,0.849813,1000
46783,0.000924121,0.924121,1000
46784,0.000755,0.755,1000
46785,0.001044953,1.044953,1000
46786,0.000956056,0.956056,1000
46787,0.000859296,0.859296,1000
46788,0.001115373,1.115373,1000
46789,0.000405064,0.405064,1000
46790,0.002179061,2.179061,1000
46791,0.001580734,1.580734,1000
46792,0.002328763,2.328763,1000
46793,0.001190326,1.190326,1000
46794,0.001062519,1.062519,1000
46795,0.000285359,0.285359,1000
46796,0.000931001,0.931001,1000
46797,0.001062502,1.062502,1000
46798,0.003002859,3.002859,1000
46799,0.001071105,1.071105,1000
46800,0.003024573,3.024573,1000
46801,0.002752998,2.752998,1000
46802,0.001225214,1.225214,1000
46803,0.000263446,0.263446,1000
46804,0.000784343,0.784343,1000
46805,0.000960681,0.960681,1000
46806,0.003190986,3.190986,1000
46807,0.002853485,2.853485,1000
46808,0.001066719,1.066719,1000
46809,0.000658295,0.658295,1000
46810,0.003283902,3.283902,1000
46811,0.000638218,0.638218,1000
46812,0.00244416,2.44416,1000
46813,0.00082768,0.82768,1000
46814,0.000446684,0.446684,1000
46815,0.019830265,19.830265,1000
46816,0.000717326,0.717326,1000
46817,0.001163734,1.163734,1000
46818,0.007728891,7.728891,1000
46819,0.000783777,0.783777,1000
46820,0.00118236,1.18236,1000
46821,0.001523042,1.523042,1000
46822,0.001240426,1.240426,1000
46823,0.000696679,0.696679,1000
46824,0.000661622,0.661622,1000
46825,0.001015955,1.015955,1000
46826,0.000943357,0.943357,1000
46827,0.00073849,0.73849,1000
46828,0.001334606,1.334606,1000
46829,0.000803515,0.803515,1000
46830,0.000754007,0.754007,1000
46831,0.002300397,2.300397,1000
46832,0.001134926,1.134926,1000
46833,0.000759206,0.759206,1000
46834,0.00073514,0.73514,1000
46835,0.002516825,2.516825,1000
46836,0.00030358,0.30358,1000
46837,0.000862105,0.862105,1000
46838,0.001120065,1.120065,1000
46839,0.001182245,1.182245,1000
46840,0.003459945,3.459945,1000
46841,0.000816593,0.816593,1000
46842,0.001605701,1.605701,1000
46843,0.129218157,129.218157,1000
46844,0.00510284,5.10284,1000
46845,0.001139001,1.139001,1000
46846,0.000818693,0.818693,1000
46847,0.002192358,2.192358,1000
46848,0.000858844,0.858844,1000
46849,0.003019743,3.019743,1000
46850,0.000845807,0.845807,1000
46851,0.001744945,1.744945,1000
46852,0.001062519,1.062519,1000
46853,0.001232997,1.232997,1000
46854,0.000615829,0.615829,1000
46855,0.001084549,1.084549,1000
46856,0.000289979,0.289979,1000
46857,0.000956497,0.956497,1000
46858,0.000675355,0.675355,1000
46859,0.00936879,9.36879,1000
46860,0.001066483,1.066483,1000
46861,0.000566279,0.566279,1000
46862,0.000519215,0.519215,1000
46863,0.000857635,0.857635,1000
46864,0.000696291,0.696291,1000
46865,0.001404839,1.404839,1000
46866,0.002881347,2.881347,1000
46867,0.002828671,2.828671,1000
46868,0.000997028,0.997028,1000
46869,0.009177849,9.177849,1000
46870,0.000269421,0.269421,1000
46871,0.000965633,0.965633,1000
46872,0.0004502,0.4502,1000
46873,0.001966109,1.966109,1000
46874,0.00286681,2.86681,1000
46875,0.001416289,1.416289,1000
46876,0.001009399,1.009399,1000
46877,0.001003084,1.003084,1000
46878,0.001591078,1.591078,1000
46879,0.013494695,13.494695,1000
46880,0.003535436,3.535436,1000
46881,0.000389307,0.389307,1000
46882,0.001555514,1.555514,1000
46883,0.001270481,1.270481,1000
46884,0.001062519,1.062519,1000
46885,0.001071105,1.071105,1000
46886,0.000845177,0.845177,1000
46887,0.001170082,1.170082,1000
46888,0.000633939,0.633939,1000
46889,0.002200876,2.200876,1000
46890,0.000746759,0.746759,1000
46891,0.00103168,1.03168,1000
46892,0.000729071,0.729071,1000
46893,0.000733642,0.733642,1000
46894,0.000813123,0.813123,1000
46895,0.003748058,3.748058,1000
46896,0.001321031,1.321031,1000
46897,0.001179425,1.179425,1000
46898,0.000711594,0.711594,1000
46899,0.000839215,0.839215,1000
46900,0.0030203,3.0203,1000
46901,0.001583686,1.583686,1000
46902,0.000929069,0.929069,1000
46903,0.000396889,0.396889,1000
46904,0.001421377,1.421377,1000
46905,0.000296749,0.296749,1000
46906,0.000872742,0.872742,1000
46907,0.000753292,0.753292,1000
46908,0.000502647,0.502647,1000
46909,0.002301678,2.301678,1000
46910,0.001260194,1.260194,1000
46911,0.001042957,1.042957,1000
46912,0.001051331,1.051331,1000
46913,0.001334149,1.334149,1000
46914,0.000849015,0.849015,1000
46915,0.001042957,1.042957,1000
46916,0.000998179,0.998179,1000
46917,0.001089766,1.089766,1000
46918,0.00125197,1.25197,1000
46919,0.001046399,1.046399,1000
46920,0.00167298,1.67298,1000
46921,0.000647377,0.647377,1000
46922,0.000824184,0.824184,1000
46923,0.006296104,6.296104,1000
46924,0.000586575,0.586575,1000
46925,0.001334363,1.334363,1000
46926,0.00885119,8.85119,1000
46927,0.000780022,0.780022,1000
46928,0.010600373,10.600373,1000
46929,0.00264359,2.64359,1000
46930,0.001062519,1.062519,1000
46931,0.001933818,1.933818,1000
46932,0.000467044,0.467044,1000
46933,0.001674105,1.674105,1000
46934,0.0008386,0.8386,1000
46935,0.000600755,0.600755,1000
46936,0.006569868,6.569868,1000
46937,0.000655281,0.655281,1000
46938,0.0009021,0.9021,1000
46939,0.000809819,0.809819,1000
46940,0.000866795,0.866795,1000
46941,0.000885948,0.885948,1000
46942,0.001362491,1.362491,1000
46943,0.012692588,12.692588,1000
46944,0.001139001,1.139001,1000
46945,0.001218698,1.218698,1000
46946,0.000741955,0.741955,1000
46947,0.00127162,1.27162,1000
46948,0.000960681,0.960681,1000
46949,0.000773843,0.773843,1000
46950,0.003010896,3.010896,1000
46951,0.000946261,0.946261,1000
46952,0.003706376,3.706376,1000
46953,0.001231268,1.231268,1000
46954,0.001062502,1.062502,1000
46955,0.000649109,0.649109,1000
46956,0.001020026,1.020026,1000
46957,0.002391464,2.391464,1000
46958,0.001071066,1.071066,1000
46959,0.107879169,107.879169,1000
46960,0.001168561,1.168561,1000
46961,0.001006227,1.006227,1000
46962,0.000417591,0.417591,1000
46963,0.006131843,6.131843,1000
46964,0.000965327,0.965327,1000
46965,0.000377301,0.377301,1000
46966,0.00101211,1.01211,1000
46967,0.00121122,1.21122,1000
46968,0.001190355,1.190355,1000
46969,0.000614943,0.614943,1000
46970,0.00621501,6.21501,1000
46971,0.00146753,1.46753,1000
46972,0.004584687,4.584687,1000
46973,0.000865168,0.865168,1000
46974,0.000602938,0.602938,1000
46975,0.000795339,0.795339,1000
46976,0.0015091,1.5091,1000
46977,0.003071636,3.071636,1000
46978,0.000848952,0.848952,1000
46979,0.001062519,1.062519,1000
46980,0.000809819,0.809819,1000
46981,0.001673517,1.673517,1000
46982,0.000828548,0.828548,1000
46983,0.000662484,0.662484,1000
46984,0.001172436,1.172436,1000
46985,0.0009711,0.9711,1000
46986,0.00098284,0.98284,1000
46987,0.003574722,3.574722,1000
46988,0.001544492,1.544492,1000
46989,0.001525076,1.525076,1000
46990,0.000280144,0.280144,1000
46991,0.001013254,1.013254,1000
46992,0.000398916,0.398916,1000
46993,0.00081312,0.81312,1000
46994,0.000937243,0.937243,1000
46995,0.000278814,0.278814,1000
46996,0.001315818,1.315818,1000
46997,0.000790624,0.790624,1000
46998,0.000606795,0.606795,1000
46999,0.001015003,1.015003,1000
47000,0.000797114,0.797114,1000
47001,0.000437906,0.437906,1000
47002,0.001318886,1.318886,1000
47003,0.001700589,1.700589,1000
47004,0.001011295,1.011295,1000
47005,0.001863692,1.863692,1000
47006,0.000825969,0.825969,1000
47007,0.000849015,0.849015,1000
47008,0.000593334,0.593334,1000
47009,0.000778624,0.778624,1000
47010,0.000588245,0.588245,1000
47011,0.007924565,7.924565,1000
47012,0.001488436,1.488436,1000
47013,0.001167094,1.167094,1000
47014,0.000825966,0.825966,1000
47015,0.001071083,1.071083,1000
47016,0.00123698,1.23698,1000
47017,0.001183713,1.183713,1000
47018,0.001506095,1.506095,1000
47019,0.000403386,0.403386,1000
47020,0.000881298,0.881298,1000
47021,0.001168561,1.168561,1000
47022,0.000752996,0.752996,1000
47023,0.001153677,1.153677,1000
47024,0.000882371,0.882371,1000
47025,0.001510527,1.510527,1000
47026,0.001047998,1.047998,1000
47027,0.001882451,1.882451,1000
47028,0.001232062,1.232062,1000
47029,0.000896331,0.896331,1000
47030,0.001746026,1.746026,1000
47031,0.001071083,1.071083,1000
47032,0.00134206,1.34206,1000
47033,0.000888569,0.888569,1000
47034,0.001211835,1.211835,1000
47035,0.000655769,0.655769,1000
47036,0.004092298,4.092298,1000
47037,0.000804786,0.804786,1000
47038,0.000535044,0.535044,1000
47039,0.000836235,0.836235,1000
47040,0.001319304,1.319304,1000
47041,0.004476798,4.476798,1000
47042,0.002842989,2.842989,1000
47043,0.001042957,1.042957,1000
47044,0.00213379,2.13379,1000
47045,0.000844196,0.844196,1000
47046,0.000598699,0.598699,1000
47047,0.000631653,0.631653,1000
47048,0.001011936,1.011936,1000
47049,0.001071135,1.071135,1000
47050,0.002375733,2.375733,1000
47051,0.000813818,0.813818,1000
47052,0.001453099,1.453099,1000
47053,0.002142864,2.142864,1000
47054,0.000310274,0.310274,1000
47055,0.000622479,0.622479,1000
47056,0.000663346,0.663346,1000
47057,0.001155938,1.155938,1000
47058,0.000818023,0.818023,1000
47059,0.000892418,0.892418,1000
47060,0.000390272,0.390272,1000
47061,0.01532488,15.32488,1000
47062,0.000878372,0.878372,1000
47063,0.002926049,2.926049,1000
47064,0.001042979,1.042979,1000
47065,0.000883448,0.883448,1000
47066,0.000575769,0.575769,1000
47067,0.000891274,0.891274,1000
47068,0.001118226,1.118226,1000
47069,0.000801707,0.801707,1000
47070,0.00078352,0.78352,1000
47071,0.001189726,1.189726,1000
47072,0.000628539,0.628539,1000
47073,0.00081312,0.81312,1000
47074,0.000597269,0.597269,1000
47075,0.001382615,1.382615,1000
47076,0.001071105,1.071105,1000
47077,0.000945032,0.945032,1000
47078,0.003902605,3.902605,1000
47079,0.000996195,0.996195,1000
47080,0.001071083,1.071083,1000
47081,0.000752405,0.752405,1000
47082,0.002106423,2.106423,1000
47083,0.000291592,0.291592,1000
47084,0.000820665,0.820665,1000
47085,0.000652103,0.652103,1000
47086,0.001011936,1.011936,1000
47087,0.000664913,0.664913,1000
47088,0.000387382,0.387382,1000
47089,0.001062502,1.062502,1000
47090,0.001062541,1.062541,1000
47091,0.000770264,0.770264,1000
47092,0.000729493,0.729493,1000
47093,0.001062541,1.062541,1000
47094,0.001018823,1.018823,1000
47095,0.001505839,1.505839,1000
47096,0.000622341,0.622341,1000
47097,0.012328722,12.328722,1000
47098,0.000583216,0.583216,1000
47099,0.000744784,0.744784,1000
47100,0.01913985,19.13985,1000
47101,0.000938495,0.938495,1000
47102,0.001047525,1.047525,1000
47103,0.000442277,0.442277,1000
47104,0.005232094,5.232094,1000
47105,0.000416444,0.416444,1000
47106,0.002065729,2.065729,1000
47107,0.000689308,0.689308,1000
47108,0.000802802,0.802802,1000
47109,0.004508754,4.508754,1000
47110,0.000701094,0.701094,1000
47111,0.000305764,0.305764,1000
47112,0.000783777,0.783777,1000
47113,0.00103168,1.03168,1000
47114,0.000741108,0.741108,1000
47115,0.00162124,1.62124,1000
47116,0.000887892,0.887892,1000
47117,0.000953545,0.953545,1000
47118,0.000580766,0.580766,1000
47119,0.000907312,0.907312,1000
47120,0.000888082,0.888082,1000
47121,0.000749268,0.749268,1000
47122,0.000810064,0.810064,1000
47123,0.001100592,1.100592,1000
47124,0.00103934,1.03934,1000
47125,0.064580577,64.580577,1000
47126,0.001154829,1.154829,1000
47127,0.000909008,0.909008,1000
47128,0.001231268,1.231268,1000
47129,0.001210974,1.210974,1000
47130,0.000747951,0.747951,1000
47131,0.000460325,0.460325,1000
47132,0.000965346,0.965346,1000
47133,0.001221487,1.221487,1000
47134,0.000763218,0.763218,1000
47135,0.001139001,1.139001,1000
47136,0.001756064,1.756064,1000
47137,0.000834547,0.834547,1000
47138,0.001071105,1.071105,1000
47139,0.000834175,0.834175,1000
47140,0.000872066,0.872066,1000
47141,0.001385469,1.385469,1000
47142,0.001774525,1.774525,1000
47143,0.001062379,1.062379,1000
47144,0.000587228,0.587228,1000
47145,0.00074205,0.74205,1000
47146,0.02175865,21.75865,1000
47147,0.000583508,0.583508,1000
47148,0.000852805,0.852805,1000
47149,0.00071325,0.71325,1000
47150,0.00065446,0.65446,1000
47151,0.001352947,1.352947,1000
47152,0.001141795,1.141795,1000
47153,0.001062541,1.062541,1000
47154,0.000297716,0.297716,1000
47155,0.004666868,4.666868,1000
47156,0.001225214,1.225214,1000
47157,0.00081312,0.81312,1000
47158,0.00111148,1.11148,1000
47159,0.001062502,1.062502,1000
47160,0.000676443,0.676443,1000
47161,0.001168232,1.168232,1000
47162,0.001260212,1.260212,1000
47163,0.00061994,0.61994,1000
47164,0.000280139,0.280139,1000
47165,0.000951553,0.951553,1000
47166,0.595283003,595.283003,1000
47167,0.000897253,0.897253,1000
47168,0.000769453,0.769453,1000
47169,0.001189855,1.189855,1000
47170,0.001152443,1.152443,1000
47171,0.001509175,1.509175,1000
47172,0.001011936,1.011936,1000
47173,0.000829614,0.829614,1000
47174,0.000845438,0.845438,1000
47175,0.000825969,0.825969,1000
47176,0.000869293,0.869293,1000
47177,0.000877924,0.877924,1000
47178,0.004817885,4.817885,1000
47179,0.000785555,0.785555,1000
47180,0.00269682,2.69682,1000
47181,0.00115367,1.15367,1000
47182,0.000878348,0.878348,1000
47183,0.000911705,0.911705,1000
47184,0.001321031,1.321031,1000
47185,0.001098929,1.098929,1000
47186,0.007935799,7.935799,1000
47187,0.000492247,0.492247,1000
47188,0.000257009,0.257009,1000
47189,0.000782886,0.782886,1000
47190,0.00081475,0.81475,1000
47191,0.000690328,0.690328,1000
47192,0.002995275,2.995275,1000
47193,0.003196493,3.196493,1000
47194,0.003185186,3.185186,1000
47195,0.000769804,0.769804,1000
47196,0.000849015,0.849015,1000
47197,0.000669521,0.669521,1000
47198,0.00280804,2.80804,1000
47199,0.001062519,1.062519,1000
47200,0.000829138,0.829138,1000
47201,0.000370146,0.370146,1000
47202,0.001097456,1.097456,1000
47203,0.0027629,2.7629,1000
47204,0.001641784,1.641784,1000
47205,0.003271356,3.271356,1000
47206,0.000596095,0.596095,1000
47207,0.000707632,0.707632,1000
47208,0.000561698,0.561698,1000
47209,0.001007411,1.007411,1000
47210,0.000293151,0.293151,1000
47211,0.000391928,0.391928,1000
47212,0.000558865,0.558865,1000
47213,0.001616209,1.616209,1000
47214,0.000421615,0.421615,1000
47215,0.000285982,0.285982,1000
47216,0.013632946,13.632946,1000
47217,0.00286108,2.86108,1000
47218,0.008533408,8.533408,1000
47219,0.000509465,0.509465,1000
47220,0.001582123,1.582123,1000
47221,0.000435758,0.435758,1000
47222,0.001059838,1.059838,1000
47223,0.00030887,0.30887,1000
47224,0.000833573,0.833573,1000
47225,0.001042957,1.042957,1000
47226,0.002885392,2.885392,1000
47227,0.001071105,1.071105,1000
47228,0.002542658,2.542658,1000
47229,0.001555514,1.555514,1000
47230,0.00081312,0.81312,1000
47231,0.000693651,0.693651,1000
47232,0.001014975,1.014975,1000
47233,0.000825966,0.825966,1000
47234,0.000783777,0.783777,1000
47235,0.000681464,0.681464,1000
47236,0.001557963,1.557963,1000
47237,0.001062519,1.062519,1000
47238,0.000407573,0.407573,1000
47239,0.001555514,1.555514,1000
47240,0.001297213,1.297213,1000
47241,0.001254571,1.254571,1000
47242,0.000741076,0.741076,1000
47243,0.004796532,4.796532,1000
47244,0.00088964,0.88964,1000
47245,0.000387315,0.387315,1000
47246,0.000690892,0.690892,1000
47247,0.001062519,1.062519,1000
47248,0.000849008,0.849008,1000
47249,0.001071083,1.071083,1000
47250,0.000842183,0.842183,1000
47251,0.002942076,2.942076,1000
47252,0.00067991,0.67991,1000
47253,0.000555476,0.555476,1000
47254,0.005622618,5.622618,1000
47255,0.001325267,1.325267,1000
47256,0.000618053,0.618053,1000
47257,0.001550081,1.550081,1000
47258,0.001826226,1.826226,1000
47259,0.000860046,0.860046,1000
47260,0.000814149,0.814149,1000
47261,0.000725524,0.725524,1000
47262,0.001205656,1.205656,1000
47263,0.000694963,0.694963,1000
47264,0.001970458,1.970458,1000
47265,0.000927057,0.927057,1000
47266,0.000953545,0.953545,1000
47267,0.000915194,0.915194,1000
47268,0.000832975,0.832975,1000
47269,0.001628547,1.628547,1000
47270,0.000733317,0.733317,1000
47271,0.000828616,0.828616,1000
47272,0.002872919,2.872919,1000
47273,0.000783777,0.783777,1000
47274,0.000365255,0.365255,1000
47275,0.003110819,3.110819,1000
47276,0.001334149,1.334149,1000
47277,0.000401955,0.401955,1000
47278,0.000727103,0.727103,1000
47279,0.00297202,2.97202,1000
47280,0.000849015,0.849015,1000
47281,0.000505202,0.505202,1000
47282,0.003183664,3.183664,1000
47283,0.003981747,3.981747,1000
47284,0.064580577,64.580577,1000
47285,0.00068194,0.68194,1000
47286,0.000777857,0.777857,1000
47287,0.001024494,1.024494,1000
47288,0.001212436,1.212436,1000
47289,0.000236224,0.236224,1000
47290,0.001505839,1.505839,1000
47291,0.001108243,1.108243,1000
47292,0.005888853,5.888853,1000
47293,0.000701501,0.701501,1000
47294,0.000817174,0.817174,1000
47295,0.001453099,1.453099,1000
47296,0.000937243,0.937243,1000
47297,0.000832707,0.832707,1000
47298,0.000917822,0.917822,1000
47299,0.002135069,2.135069,1000
47300,0.000919411,0.919411,1000
47301,0.000601199,0.601199,1000
47302,0.000966171,0.966171,1000
47303,0.001024733,1.024733,1000
47304,0.000663385,0.663385,1000
47305,0.002125747,2.125747,1000
47306,0.001071066,1.071066,1000
47307,0.001003667,1.003667,1000
47308,0.00081312,0.81312,1000
47309,0.001182344,1.182344,1000
47310,0.000377495,0.377495,1000
47311,0.000937963,0.937963,1000
47312,0.019211738,19.211738,1000
47313,0.000773789,0.773789,1000
47314,0.000671205,0.671205,1000
47315,0.001021652,1.021652,1000
47316,0.00072534,0.72534,1000
47317,0.008799881,8.799881,1000
47318,0.001010701,1.010701,1000
47319,0.001550084,1.550084,1000
47320,0.002285567,2.285567,1000
47321,0.001185145,1.185145,1000
47322,0.000852104,0.852104,1000
47323,0.000819852,0.819852,1000
47324,0.000656022,0.656022,1000
47325,0.00089,0.89,1000
47326,0.00112259,1.12259,1000
47327,0.000795512,0.795512,1000
47328,0.000969739,0.969739,1000
47329,0.001018268,1.018268,1000
47330,0.00072795,0.72795,1000
47331,0.000842586,0.842586,1000
47332,0.001294682,1.294682,1000
47333,0.000810049,0.810049,1000
47334,0.002933334,2.933334,1000
47335,0.000825966,0.825966,1000
47336,0.001157769,1.157769,1000
47337,0.008917179,8.917179,1000
47338,0.002878344,2.878344,1000
47339,0.001031114,1.031114,1000
47340,0.001149588,1.149588,1000
47341,0.001042957,1.042957,1000
47342,0.000896137,0.896137,1000
47343,0.000673915,0.673915,1000
47344,0.000788875,0.788875,1000
47345,0.000909431,0.909431,1000
47346,0.001523753,1.523753,1000
47347,0.001147967,1.147967,1000
47348,0.001023893,1.023893,1000
47349,0.005895524,5.895524,1000
47350,0.001251768,1.251768,1000
47351,0.000484565,0.484565,1000
47352,0.002649866,2.649866,1000
47353,0.000878358,0.878358,1000
47354,0.000614742,0.614742,1000
47355,0.001370832,1.370832,1000
47356,0.001040313,1.040313,1000
47357,0.001330889,1.330889,1000
47358,0.001806836,1.806836,1000
47359,0.000470285,0.470285,1000
47360,0.022901616,22.901616,1000
47361,0.000901771,0.901771,1000
47362,0.000910502,0.910502,1000
47363,0.000622382,0.622382,1000
47364,0.000778439,0.778439,1000
47365,0.000957286,0.957286,1000
47366,0.016026072,16.026072,1000
47367,0.000790192,0.790192,1000
47368,0.000500284,0.500284,1000
47369,0.000396823,0.396823,1000
47370,0.001480464,1.480464,1000
47371,0.004751537,4.751537,1000
47372,0.000515697,0.515697,1000
47373,0.000593978,0.593978,1000
47374,0.000294417,0.294417,1000
47375,0.00062684,0.62684,1000
47376,0.004068722,4.068722,1000
47377,0.000735455,0.735455,1000
47378,0.00103168,1.03168,1000
47379,0.000813123,0.813123,1000
47380,0.000893094,0.893094,1000
47381,0.006021836,6.021836,1000
47382,0.000930539,0.930539,1000
47383,0.000488503,0.488503,1000
47384,0.006058664,6.058664,1000
47385,0.002147532,2.147532,1000
47386,0.002194011,2.194011,1000
47387,0.001520309,1.520309,1000
47388,0.000810208,0.810208,1000
47389,0.000910495,0.910495,1000
47390,0.008150257,8.150257,1000
47391,0.004034164,4.034164,1000
47392,0.00092462,0.92462,1000
47393,0.001419549,1.419549,1000
47394,0.000380222,0.380222,1000
47395,0.004385278,4.385278,1000
47396,0.02117295,21.17295,1000
47397,0.00167837,1.67837,1000
47398,0.000812047,0.812047,1000
47399,0.000312667,0.312667,1000
47400,0.000656179,0.656179,1000
47401,0.001935325,1.935325,1000
47402,0.002568786,2.568786,1000
47403,0.036126282,36.126282,1000
47405,0.000529561,0.529561,1000
47406,0.001029801,1.029801,1000
47407,0.00078378,0.78378,1000
47408,0.001594926,1.594926,1000
47409,0.037951253,37.951253,1000
47410,0.006355915,6.355915,1000
47411,0.001329478,1.329478,1000
47412,0.000511925,0.511925,1000
47413,0.001471934,1.471934,1000
47414,0.004817292,4.817292,1000
47415,0.00074537,0.74537,1000
47416,0.000825966,0.825966,1000
47417,0.000989259,0.989259,1000
47418,0.000318164,0.318164,1000
47419,0.000877439,0.877439,1000
47420,0.000988925,0.988925,1000
47421,0.000659262,0.659262,1000
47422,0.000672468,0.672468,1000
47423,0.000684027,0.684027,1000
47424,0.000569091,0.569091,1000
47425,0.06457589,64.57589,1000
47426,0.001193522,1.193522,1000
47427,0.001044721,1.044721,1000
47428,0.000891117,0.891117,1000
47429,0.00129332,1.29332,1000
47430,0.00089654,0.89654,1000
47431,0.001128955,1.128955,1000
47432,0.001093808,1.093808,1000
47433,0.000928729,0.928729,1000
47434,0.000792176,0.792176,1000
47435,0.001071083,1.071083,1000
47436,0.018248145,18.248145,1000
47437,0.000767545,0.767545,1000
47438,0.000528551,0.528551,1000
47439,0.00099938,0.99938,1000
47440,0.000703081,0.703081,1000
47441,0.00115367,1.15367,1000
47442,0.000928508,0.928508,1000
47443,0.000825966,0.825966,1000
47444,0.000729849,0.729849,1000
47445,0.001868778,1.868778,1000
47446,0.000782912,0.782912,1000
47447,0.000480063,0.480063,1000
47448,0.000235977,0.235977,1000
47449,0.001708906,1.708906,1000
47450,0.00092969,0.92969,1000
47451,0.000831003,0.831003,1000
47452,0.000814839,0.814839,1000
47453,0.001411615,1.411615,1000
47454,0.001309217,1.309217,1000
47455,0.000971073,0.971073,1000
47456,0.00081312,0.81312,1000
47457,0.000801904,0.801904,1000
47458,0.000423998,0.423998,1000
47459,0.015985227,15.985227,1000
47460,0.001071066,1.071066,1000
47461,0.007932861,7.932861,1000
47462,0.000901624,0.901624,1000
47463,0.000421489,0.421489,1000
47464,0.001319144,1.319144,1000
47465,0.000461314,0.461314,1000
47466,0.002687226,2.687226,1000
47467,0.000962913,0.962913,1000
47468,0.000762736,0.762736,1000
47469,0.000827663,0.827663,1000
47470,0.001071083,1.071083,1000
47471,0.000731356,0.731356,1000
47472,0.001231268,1.231268,1000
47473,0.000753252,0.753252,1000
47474,0.001061881,1.061881,1000
47475,0.001608896,1.608896,1000
47476,0.043300633,43.300633,1000
47477,0.001840083,1.840083,1000
47478,0.001028455,1.028455,1000
47479,0.000861445,0.861445,1000
47480,0.001071083,1.071083,1000
47481,0.00081312,0.81312,1000
47482,0.000817033,0.817033,1000
47483,0.00115367,1.15367,1000
47484,0.00607684,6.07684,1000
47485,0.000307891,0.307891,1000
47486,0.001154811,1.154811,1000
47487,0.000681232,0.681232,1000
47488,0.000838201,0.838201,1000
47489,0.000878351,0.878351,1000
47490,0.001270129,1.270129,1000
47491,0.001419549,1.419549,1000
47492,0.001209787,1.209787,1000
47493,0.001134919,1.134919,1000
47494,0.001155952,1.155952,1000
47495,0.001062502,1.062502,1000
47496,0.001761584,1.761584,1000
47497,0.000548696,0.548696,1000
47498,0.000813828,0.813828,1000
47499,0.001062502,1.062502,1000
47500,0.001010701,1.010701,1000
47501,0.000328372,0.328372,1000
47502,0.001071066,1.071066,1000
47503,0.000886088,0.886088,1000
47504,0.00103168,1.03168,1000
47505,0.000581908,0.581908,1000
47506,0.001052807,1.052807,1000
47507,0.001062502,1.062502,1000
47508,0.001047389,1.047389,1000
47509,0.003075272,3.075272,1000
47510,0.001242727,1.242727,1000
47511,0.000783777,0.783777,1000
47512,0.001668369,1.668369,1000
47513,0.00076384,0.76384,1000
47514,0.001001374,1.001374,1000
47515,0.001019933,1.019933,1000
47516,0.000785198,0.785198,1000
47517,0.194591783,194.591783,1000
47518,0.001062541,1.062541,1000
47519,0.001009645,1.009645,1000
47520,0.00065305,0.65305,1000
47521,0.000993368,0.993368,1000
47522,0.000863776,0.863776,1000
47523,0.000655986,0.655986,1000
47524,0.00097379,0.97379,1000
47525,0.00086966,0.86966,1000
47526,0.000295343,0.295343,1000
47527,0.000998307,0.998307,1000
47528,0.000860064,0.860064,1000
47529,0.000962906,0.962906,1000
47530,0.001042288,1.042288,1000
47531,0.001062519,1.062519,1000
47532,0.000630449,0.630449,1000
47533,0.000366571,0.366571,1000
47534,0.00105043,1.05043,1000
47535,0.008161765,8.161765,1000
47536,0.00107873,1.07873,1000
47537,0.001053311,1.053311,1000
47538,0.000573355,0.573355,1000
47539,0.001144711,1.144711,1000
47540,0.001062502,1.062502,1000
47541,0.000980871,0.980871,1000
47542,0.000813867,0.813867,1000
47543,0.000546699,0.546699,1000
47544,0.001443609,1.443609,1000
47545,0.000938428,0.938428,1000
47546,0.000582063,0.582063,1000
47547,0.000662815,0.662815,1000
47548,0.00036254,0.36254,1000
47549,0.000733875,0.733875,1000
47550,0.000806392,0.806392,1000
47551,0.001888633,1.888633,1000
47552,0.001139814,1.139814,1000
47553,0.00252098,2.52098,1000
47554,0.000658487,0.658487,1000
47555,0.000825966,0.825966,1000
47556,0.000486347,0.486347,1000
47557,0.018756103,18.756103,1000
47558,0.000763034,0.763034,1000
47559,0.000891197,0.891197,1000
47560,0.001143255,1.143255,1000
47561,0.001355392,1.355392,1000
47562,0.000628691,0.628691,1000
47563,0.001105316,1.105316,1000
47564,0.000864742,0.864742,1000
47565,0.001866338,1.866338,1000
47566,0.000765618,0.765618,1000
47567,0.000664395,0.664395,1000
47568,0.001104525,1.104525,1000
47569,0.005664536,5.664536,1000
47570,0.000871074,0.871074,1000
47571,0.000950704,0.950704,1000
47572,0.000884041,0.884041,1000
47573,0.001143907,1.143907,1000
47574,0.001251537,1.251537,1000
47575,0.003361123,3.361123,1000
47576,0.000727949,0.727949,1000
47577,0.001004008,1.004008,1000
47578,0.001062502,1.062502,1000
47579,0.001108175,1.108175,1000
47580,0.000832515,0.832515,1000
47581,0.000783777,0.783777,1000
47582,0.001637817,1.637817,1000
47583,0.001043074,1.043074,1000
47584,0.00066915,0.66915,1000
47585,0.000512052,0.512052,1000
47586,0.0008725,0.8725,1000
47587,0.000756446,0.756446,1000
47588,0.001011936,1.011936,1000
47589,0.003045059,3.045059,1000
47590,0.003796536,3.796536,1000
47591,0.00103168,1.03168,1000
47592,0.00104294,1.04294,1000
47593,0.001049796,1.049796,1000
47594,0.002214108,2.214108,1000
47595,0.001400203,1.400203,1000
47596,0.000825966,0.825966,1000
47597,0.000955723,0.955723,1000
47598,0.002104527,2.104527,1000
47599,0.000312282,0.312282,1000
47600,0.002254171,2.254171,1000
47601,0.001148511,1.148511,1000
47602,0.000328494,0.328494,1000
47603,0.003318915,3.318915,1000
47604,0.000938589,0.938589,1000
47605,0.001584938,1.584938,1000
47606,0.000839767,0.839767,1000
47607,0.001042979,1.042979,1000
47608,0.001033852,1.033852,1000
47609,0.000434503,0.434503,1000
47610,0.00121197,1.21197,1000
47611,0.000276643,0.276643,1000
47612,0.001108237,1.108237,1000
47613,0.002657023,2.657023,1000
47614,0.000329971,0.329971,1000
47615,0.000857027,0.857027,1000
47616,0.000686594,0.686594,1000
47617,0.001011936,1.011936,1000
47618,0.002995255,2.995255,1000
47619,0.00278141,2.78141,1000
47620,0.000996948,0.996948,1000
47621,0.000809819,0.809819,1000
47622,0.001996055,1.996055,1000
47623,0.000360551,0.360551,1000
47624,0.000831991,0.831991,1000
47625,0.001014983,1.014983,1000
47626,0.001254972,1.254972,1000
47627,0.001243841,1.243841,1000
47628,0.004507581,4.507581,1000
47629,0.001118013,1.118013,1000
47630,0.001254541,1.254541,1000
47631,0.000848947,0.848947,1000
47632,0.158419751,158.419751,1000
47633,0.001011284,1.011284,1000
47634,0.000798036,0.798036,1000
47635,0.000663708,0.663708,1000
47636,0.001006227,1.006227,1000
47637,0.0032812,3.2812,1000
47638,0.000709511,0.709511,1000
47639,0.001347774,1.347774,1000
47640,0.000510224,0.510224,1000
47641,0.003528556,3.528556,1000
47642,0.00039971,0.39971,1000
47643,0.001438889,1.438889,1000
47644,0.000964596,0.964596,1000
47645,0.003627359,3.627359,1000
47646,0.001370311,1.370311,1000
47647,0.001207918,1.207918,1000
47648,0.000912571,0.912571,1000
47649,0.00081312,0.81312,1000
47650,0.001224807,1.224807,1000
47651,0.001161654,1.161654,1000
47652,0.000731531,0.731531,1000
47653,0.000965346,0.965346,1000
47654,0.000813381,0.813381,1000
47655,0.00339894,3.39894,1000
47656,0.000611371,0.611371,1000
47657,0.000477234,0.477234,1000
47658,0.007998501,7.998501,1000
47659,0.00086982,0.86982,1000
47660,0.001012844,1.012844,1000
47661,0.000947658,0.947658,1000
47662,0.000926977,0.926977,1000
47663,0.000896809,0.896809,1000
47664,0.000865505,0.865505,1000
47665,0.003223697,3.223697,1000
47666,0.00098553,0.98553,1000
47667,0.000821434,0.821434,1000
47668,0.000750555,0.750555,1000
47669,0.004688188,4.688188,1000
47670,0.000829843,0.829843,1000
47671,0.001127226,1.127226,1000
47672,0.00086376,0.86376,1000
47673,0.000935272,0.935272,1000
47674,0.000825966,0.825966,1000
47675,0.00103168,1.03168,1000
47676,0.000628812,0.628812,1000
47677,0.000754701,0.754701,1000
47678,0.000695014,0.695014,1000
47679,0.000427127,0.427127,1000
47680,0.00081312,0.81312,1000
47681,0.00081312,0.81312,1000
47682,0.000619888,0.619888,1000
47683,0.000905957,0.905957,1000
47684,0.001021905,1.021905,1000
47685,0.00081312,0.81312,1000
47686,0.000972859,0.972859,1000
47687,0.001038632,1.038632,1000
47688,0.001070558,1.070558,1000
47689,0.000955054,0.955054,1000
47690,0.000683777,0.683777,1000
47691,0.000545022,0.545022,1000
47692,0.000643523,0.643523,1000
47693,0.000621174,0.621174,1000
47694,0.000635358,0.635358,1000
47695,0.000893511,0.893511,1000
47696,0.000428394,0.428394,1000
47697,0.000513494,0.513494,1000
47698,0.000902241,0.902241,1000
47699,0.003495905,3.495905,1000
47700,0.003322315,3.322315,1000
47701,0.000931985,0.931985,1000
47702,0.003363377,3.363377,1000
47703,0.008088456,8.088456,1000
47704,0.000745862,0.745862,1000
47705,0.001062519,1.062519,1000
47706,0.008195779,8.195779,1000
47707,0.001523569,1.523569,1000
47708,0.000345412,0.345412,1000
47709,0.000920102,0.920102,1000
47710,0.000947208,0.947208,1000
47711,0.040683049,40.683049,1000
47712,0.002943106,2.943106,1000
47713,0.003710152,3.710152,1000
47714,0.002748846,2.748846,1000
47715,0.000520584,0.520584,1000
47716,0.000888523,0.888523,1000
47717,0.00107159,1.07159,1000
47718,0.001213566,1.213566,1000
47719,0.000779607,0.779607,1000
47720,0.00067324,0.67324,1000
47721,0.00104294,1.04294,1000
47722,0.003332579,3.332579,1000
47723,0.001193046,1.193046,1000
47724,0.001523648,1.523648,1000
47725,0.000408793,0.408793,1000
47726,0.000414329,0.414329,1000
47727,0.001277437,1.277437,1000
47728,0.000660508,0.660508,1000
47729,0.001811652,1.811652,1000
47730,0.000687169,0.687169,1000
47731,0.000402431,0.402431,1000
47732,0.000931985,0.931985,1000
47733,0.000361585,0.361585,1000
47734,0.002447079,2.447079,1000
47735,0.004398162,4.398162,1000
47736,0.005313321,5.313321,1000
47737,0.000568939,0.568939,1000
47738,0.000815989,0.815989,1000
47739,0.00095028,0.95028,1000
47740,0.000696784,0.696784,1000
47741,0.000858751,0.858751,1000
47742,0.012186565,12.186565,1000
47743,0.000316178,0.316178,1000
47744,0.00123329,1.23329,1000
47745,0.000549773,0.549773,1000
47746,0.00213615,2.13615,1000
47747,0.001501995,1.501995,1000
47748,0.000908579,0.908579,1000
47749,0.003376739,3.376739,1000
47750,0.001555514,1.555514,1000
47751,0.001062541,1.062541,1000
47752,0.000411737,0.411737,1000
47753,0.001548256,1.548256,1000
47754,0.001874848,1.874848,1000
47755,0.001218698,1.218698,1000
47756,0.000837716,0.837716,1000
47757,0.000976813,0.976813,1000
47758,0.001955114,1.955114,1000
47759,0.00182358,1.82358,1000
47760,0.000767786,0.767786,1000
47761,0.001134926,1.134926,1000
47762,0.003937389,3.937389,1000
47763,0.005467463,5.467463,1000
47764,0.002940019,2.940019,1000
47765,0.000813761,0.813761,1000
47766,0.000822744,0.822744,1000
47767,0.000681256,0.681256,1000
47768,0.000906878,0.906878,1000
47769,0.004806722,4.806722,1000
47770,0.00306284,3.06284,1000
47771,0.001593695,1.593695,1000
47772,0.000932527,0.932527,1000
47773,0.001205656,1.205656,1000
47774,0.001104592,1.104592,1000
47775,0.00111046,1.11046,1000
47776,0.00057145,0.57145,1000
47777,0.0011851,1.1851,1000
47778,0.001580231,1.580231,1000
47779,0.000795264,0.795264,1000
47780,0.001184133,1.184133,1000
47781,0.000965782,0.965782,1000
47782,0.000775832,0.775832,1000
47783,0.001524997,1.524997,1000
47784,0.000742115,0.742115,1000
47786,0.001825353,1.825353,1000
47787,0.001294414,1.294414,1000
47788,0.000825966,0.825966,1000
47789,0.002903268,2.903268,1000
47790,0.00081312,0.81312,1000
47791,0.002224089,2.224089,1000
47792,0.001109747,1.109747,1000
47793,0.000723034,0.723034,1000
47794,0.001091954,1.091954,1000
47795,0.063410274,63.410274,1000
47796,0.001006227,1.006227,1000
47797,0.000437859,0.437859,1000
47798,0.001510527,1.510527,1000
47799,0.000622397,0.622397,1000
47800,0.00103168,1.03168,1000
47801,0.002171645,2.171645,1000
47802,0.001064827,1.064827,1000
47803,0.001131756,1.131756,1000
47804,0.001347537,1.347537,1000
47805,0.00103168,1.03168,1000
47806,0.016839255,16.839255,1000
47807,0.000943572,0.943572,1000
47808,0.001864713,1.864713,1000
47809,0.001215205,1.215205,1000
47810,0.002135859,2.135859,1000
47811,0.001009391,1.009391,1000
47812,0.00214996,2.14996,1000
47813,0.000696734,0.696734,1000
47814,0.000885196,0.885196,1000
47815,0.000681267,0.681267,1000
47816,0.000762868,0.762868,1000
47817,0.000294842,0.294842,1000
47818,0.000343104,0.343104,1000
47819,0.000747715,0.747715,1000
47820,0.002415206,2.415206,1000
47821,0.001042957,1.042957,1000
47822,0.000701572,0.701572,1000
47823,0.064580577,64.580577,1000
47824,0.000901963,0.901963,1000
47825,0.001533538,1.533538,1000
47826,0.000801495,0.801495,1000
47827,0.002162512,2.162512,1000
47828,0.000827291,0.827291,1000
47829,0.0010843,1.0843,1000
47830,0.000404659,0.404659,1000
47831,0.000887357,0.887357,1000
47832,0.000887402,0.887402,1000
47833,0.000993186,0.993186,1000
47834,0.001339076,1.339076,1000
47835,0.001447552,1.447552,1000
47837,0.000253083,0.253083,1000
47838,0.000457547,0.457547,1000
47839,0.001675005,1.675005,1000
47840,0.001159722,1.159722,1000
47841,0.000836079,0.836079,1000
47842,0.000948554,0.948554,1000
47843,0.000764213,0.764213,1000
47844,0.0008414,0.8414,1000
47845,0.030452323,30.452323,1000
47846,0.000815464,0.815464,1000
47847,0.000703637,0.703637,1000
47848,0.00097701,0.97701,1000
47849,0.001072909,1.072909,1000
47850,0.003713676,3.713676,1000
47851,0.00931741,9.31741,1000
47852,0.001011936,1.011936,1000
47853,0.000795512,0.795512,1000
47854,0.00098654,0.98654,1000
47855,0.00089233,0.89233,1000
47856,0.001139001,1.139001,1000
47857,0.000825966,0.825966,1000
47858,0.000953545,0.953545,1000
47859,0.000928003,0.928003,1000
47860,0.000702249,0.702249,1000
47861,0.000924471,0.924471,1000
47862,0.000644257,0.644257,1000
47863,0.001167143,1.167143,1000
47864,0.000825969,0.825969,1000
47865,0.000734121,0.734121,1000
47866,0.000489914,0.489914,1000
47867,0.000813123,0.813123,1000
47868,0.00149684,1.49684,1000
47869,0.002976237,2.976237,1000
47870,0.001018268,1.018268,1000
47871,0.000679226,0.679226,1000
47872,0.001453099,1.453099,1000
47873,0.000798691,0.798691,1000
47874,0.000988925,0.988925,1000
47875,0.002943789,2.943789,1000
47876,0.000993186,0.993186,1000
47877,0.000617987,0.617987,1000
47878,0.003173449,3.173449,1000
47879,0.00094266,0.94266,1000
47880,0.001044721,1.044721,1000
47881,0.001115427,1.115427,1000
47882,0.000909824,0.909824,1000
47883,0.000599928,0.599928,1000
47884,0.000579018,0.579018,1000
47885,0.014424098,14.424098,1000
47886,0.001062502,1.062502,1000
47887,0.001090059,1.090059,1000
47888,0.001018268,1.018268,1000
47889,0.000988925,0.988925,1000
47890,0.001062502,1.062502,1000
47891,0.001062541,1.062541,1000
47892,0.000626692,0.626692,1000
47893,0.001583539,1.583539,1000
47894,0.00148427,1.48427,1000
47895,0.00103168,1.03168,1000
47896,0.000845094,0.845094,1000
47897,0.024477322,24.477322,1000
47898,0.000977131,0.977131,1000
47899,0.001008955,1.008955,1000
47900,0.000975351,0.975351,1000
47902,0.001010699,1.010699,1000
47903,0.000900438,0.900438,1000
47904,0.000894418,0.894418,1000
47905,0.001806453,1.806453,1000
47906,0.000680262,0.680262,1000
47907,0.000924143,0.924143,1000
47908,0.000891197,0.891197,1000
47909,0.000995545,0.995545,1000
47910,0.001042979,1.042979,1000
47911,0.000780639,0.780639,1000
47912,0.001439193,1.439193,1000
47913,0.003537077,3.537077,1000
47914,0.000862944,0.862944,1000
47915,0.002009127,2.009127,1000
47916,0.001147967,1.147967,1000
47917,0.000852914,0.852914,1000
47918,0.001633535,1.633535,1000
47919,0.001071105,1.071105,1000
47920,0.001584686,1.584686,1000
47921,0.000806727,0.806727,1000
47922,0.001343943,1.343943,1000
47923,0.000930448,0.930448,1000
47924,0.000735997,0.735997,1000
47925,0.001200658,1.200658,1000
47926,0.000298593,0.298593,1000
47927,0.000878348,0.878348,1000
47928,0.002344314,2.344314,1000
47929,0.001043541,1.043541,1000
47930,0.001010694,1.010694,1000
47931,0.001330201,1.330201,1000
47932,0.007648771,7.648771,1000
47933,0.001010701,1.010701,1000
47934,0.000820804,0.820804,1000
47935,0.010151277,10.151277,1000
47936,0.001548993,1.548993,1000
47937,0.007930616,7.930616,1000
47938,0.000543473,0.543473,1000
47939,0.00154191,1.54191,1000
47940,0.000845937,0.845937,1000
47941,0.001453907,1.453907,1000
47942,0.00799361,7.99361,1000
47943,0.000936321,0.936321,1000
47944,0.001290155,1.290155,1000
47945,0.003070126,3.070126,1000
47946,0.000723151,0.723151,1000
47947,0.000793463,0.793463,1000
47948,0.000325411,0.325411,1000
47949,0.00316487,3.16487,1000
47950,0.001286479,1.286479,1000
47951,0.001549294,1.549294,1000
47952,0.000839707,0.839707,1000
47953,0.002846776,2.846776,1000
47954,0.000634986,0.634986,1000
47955,0.000753323,0.753323,1000
47956,0.001677048,1.677048,1000
47957,0.000729071,0.729071,1000
47958,0.001104592,1.104592,1000
47959,0.003439596,3.439596,1000
47960,0.000774016,0.774016,1000
47961,0.034912425,34.912425,1000
47962,0.000591599,0.591599,1000
47963,0.00090967,0.90967,1000
47964,0.00063576,0.63576,1000
47965,0.001555514,1.555514,1000
47966,0.002994356,2.994356,1000
47967,0.000633364,0.633364,1000
47968,0.001375999,1.375999,1000
47969,0.001385785,1.385785,1000
47970,0.001592071,1.592071,1000
47971,0.000952855,0.952855,1000
47972,0.000727949,0.727949,1000
47973,0.002862274,2.862274,1000
47974,0.001065335,1.065335,1000
47975,0.000859928,0.859928,1000
47976,0.001355762,1.355762,1000
47977,0.000516789,0.516789,1000
47978,0.001197502,1.197502,1000
47979,0.000646013,0.646013,1000
47980,0.001071603,1.071603,1000
47981,0.000891197,0.891197,1000
47982,0.002156538,2.156538,1000
47983,0.000757433,0.757433,1000
47984,0.001065335,1.065335,1000
47985,0.00081312,0.81312,1000
47986,0.001181792,1.181792,1000
47987,0.00158555,1.58555,1000
47988,0.001995074,1.995074,1000
47989,0.001296529,1.296529,1000
47990,0.001093789,1.093789,1000
47991,0.000798552,0.798552,1000
47992,0.001217769,1.217769,1000
47993,0.000740303,0.740303,1000
47994,0.0026846,2.6846,1000
47995,0.000765527,0.765527,1000
47996,0.001523648,1.523648,1000
47997,0.000928038,0.928038,1000
47999,0.000640507,0.640507,1000
48000,0.001336872,1.336872,1000
48001,0.000708531,0.708531,1000
48002,0.000825966,0.825966,1000
48003,0.00286512,2.86512,1000
48004,0.001165732,1.165732,1000
48005,0.002501929,2.501929,1000
48006,0.00081312,0.81312,1000
48007,0.001002329,1.002329,1000
48008,0.000761104,0.761104,1000
48009,0.001541685,1.541685,1000
48010,0.001042957,1.042957,1000
48011,0.000656669,0.656669,1000
48012,0.00789831,7.89831,1000
48013,0.001224407,1.224407,1000
48014,0.000953672,0.953672,1000
48015,0.000759338,0.759338,1000
48016,0.001011936,1.011936,1000
48017,0.000543039,0.543039,1000
48018,0.0015091,1.5091,1000
48019,0.019639987,19.639987,1000
48020,0.000795732,0.795732,1000
48021,0.000941506,0.941506,1000
48022,0.001325873,1.325873,1000
48023,0.000753569,0.753569,1000
48024,0.001238456,1.238456,1000
48025,0.001062502,1.062502,1000
48026,0.001571853,1.571853,1000
48027,0.064580577,64.580577,1000
48028,0.00114796,1.14796,1000
48029,0.001066518,1.066518,1000
48030,0.001385997,1.385997,1000
48031,0.020908855,20.908855,1000
48032,0.001155282,1.155282,1000
48033,0.00078378,0.78378,1000
48034,0.00066064,0.66064,1000
48035,0.064580577,64.580577,1000
48036,0.000858773,0.858773,1000
48037,0.00086592,0.86592,1000
48038,0.001479381,1.479381,1000
48039,0.000618431,0.618431,1000
48040,0.002998122,2.998122,1000
48041,0.000680326,0.680326,1000
48042,0.003237639,3.237639,1000
48043,0.007602316,7.602316,1000
48044,0.003584114,3.584114,1000
48045,0.00061965,0.61965,1000
48046,0.001456687,1.456687,1000
48047,0.001489141,1.489141,1000
48048,0.001275609,1.275609,1000
48049,0.000721544,0.721544,1000
48050,0.001070942,1.070942,1000
48051,0.028137794,28.137794,1000
48052,0.000651605,0.651605,1000
48053,0.000812281,0.812281,1000
48054,0.001044721,1.044721,1000
48055,0.000946167,0.946167,1000
48056,0.001062569,1.062569,1000
48057,0.003375161,3.375161,1000
48058,0.000558275,0.558275,1000
48059,0.006183729,6.183729,1000
48060,0.000940684,0.940684,1000
48061,0.000696842,0.696842,1000
48062,0.000705456,0.705456,1000
48063,0.001510527,1.510527,1000
48064,0.000962964,0.962964,1000
48065,0.002899871,2.899871,1000
48066,0.000581638,0.581638,1000
48067,0.000815435,0.815435,1000
48068,0.002720696,2.720696,1000
48069,0.001227817,1.227817,1000
48070,0.000380889,0.380889,1000
48071,0.001225939,1.225939,1000
48072,0.00114796,1.14796,1000
48073,0.000410847,0.410847,1000
48074,0.00285647,2.85647,1000
48075,0.000761674,0.761674,1000
48076,0.000902742,0.902742,1000
48077,0.000724653,0.724653,1000
48078,0.001053987,1.053987,1000
48079,0.002089397,2.089397,1000
48080,0.001141219,1.141219,1000
48081,0.002231208,2.231208,1000
48082,0.000691814,0.691814,1000
48083,0.002708432,2.708432,1000
48084,0.000573107,0.573107,1000
48085,0.06457915,64.57915,1000
48086,0.032780571,32.780571,1000
48087,0.001565163,1.565163,1000
48088,0.06457915,64.57915,1000
48089,0.001215427,1.215427,1000
48090,0.024320087,24.320087,1000
48091,0.000302203,0.302203,1000
48092,0.000878351,0.878351,1000
48093,0.002023751,2.023751,1000
48094,0.001031114,1.031114,1000
48095,0.008227989,8.227989,1000
48096,0.001395256,1.395256,1000
48097,0.001070906,1.070906,1000
48098,0.000682276,0.682276,1000
48099,0.001062519,1.062519,1000
48100,0.00179075,1.79075,1000
48101,0.064292419,64.292419,1000
48102,0.000369768,0.369768,1000
48103,0.000396176,0.396176,1000
48104,0.00103168,1.03168,1000
48105,0.002927081,2.927081,1000
48107,0.001044721,1.044721,1000
48108,0.003342844,3.342844,1000
48109,0.0005148,0.5148,1000
48110,0.000775468,0.775468,1000
48111,0.000701265,0.701265,1000
48112,0.00054518,0.54518,1000
48113,0.001650654,1.650654,1000
48114,0.000928444,0.928444,1000
48115,0.0008426,0.8426,1000
48116,0.000925375,0.925375,1000
48117,0.000483915,0.483915,1000
48118,0.000659596,0.659596,1000
48119,0.00216469,2.16469,1000
48120,0.00113816,1.13816,1000
48121,0.003711028,3.711028,1000
48122,0.000895953,0.895953,1000
48123,0.001930041,1.930041,1000
48124,0.000368668,0.368668,1000
48125,0.001101594,1.101594,1000
48126,0.001007963,1.007963,1000
48127,0.000894774,0.894774,1000
48128,0.00182968,1.82968,1000
48129,0.000778806,0.778806,1000
48130,0.000959839,0.959839,1000
48131,0.000323508,0.323508,1000
48132,0.004293794,4.293794,1000
48133,0.000644445,0.644445,1000
48134,0.001019764,1.019764,1000
48135,0.020611557,20.611557,1000
48136,0.004581862,4.581862,1000
48137,0.000589474,0.589474,1000
48138,0.000704134,0.704134,1000
48139,0.000338955,0.338955,1000
48140,0.001473399,1.473399,1000
48141,0.001231268,1.231268,1000
48142,0.000374952,0.374952,1000
48143,0.006288218,6.288218,1000
48144,0.001159927,1.159927,1000
48145,0.002680591,2.680591,1000
48146,0.001047551,1.047551,1000
48147,0.000338957,0.338957,1000
48148,0.000877665,0.877665,1000
48149,0.000923586,0.923586,1000
48150,0.001084873,1.084873,1000
48151,0.000955023,0.955023,1000
48152,0.001000982,1.000982,1000
48153,0.003563823,3.563823,1000
48154,0.001134919,1.134919,1000
48155,0.002705294,2.705294,1000
48156,0.000878351,0.878351,1000
48157,0.000766942,0.766942,1000
48158,0.000837904,0.837904,1000
48159,0.000820016,0.820016,1000
48160,0.001198522,1.198522,1000
48161,0.001781791,1.781791,1000
48162,0.001062502,1.062502,1000
48163,0.000845094,0.845094,1000
48164,0.001073419,1.073419,1000
48165,0.000946922,0.946922,1000
48166,0.000716522,0.716522,1000
48167,0.002839287,2.839287,1000
48168,0.001076863,1.076863,1000
48169,0.00081312,0.81312,1000
48170,0.00104294,1.04294,1000
48171,0.000750701,0.750701,1000
48172,0.00127502,1.27502,1000
48173,0.000783777,0.783777,1000
48174,0.001037288,1.037288,1000
48175,0.001116635,1.116635,1000
48176,0.001329793,1.329793,1000
48177,0.001061881,1.061881,1000
48178,0.001071795,1.071795,1000
48179,0.000703199,0.703199,1000
48180,0.000722863,0.722863,1000
48181,0.130018199,130.018199,1000
48182,0.000875107,0.875107,1000
48183,0.001126416,1.126416,1000
48184,0.009138018,9.138018,1000
48185,0.000622772,0.622772,1000
48186,0.000606136,0.606136,1000
48187,0.000674826,0.674826,1000
48188,0.000730998,0.730998,1000
48189,0.000914796,0.914796,1000
48190,0.001609087,1.609087,1000
48191,0.001067154,1.067154,1000
48192,0.000960681,0.960681,1000
48193,0.00068911,0.68911,1000
48194,0.000824065,0.824065,1000
48195,0.001071066,1.071066,1000
48196,0.001083835,1.083835,1000
48197,0.009668174,9.668174,1000
48198,0.00081625,0.81625,1000
48199,0.000302002,0.302002,1000
48200,0.000812705,0.812705,1000
48201,0.001006165,1.006165,1000
48202,0.0015091,1.5091,1000
48203,0.001061881,1.061881,1000
48204,0.001062519,1.062519,1000
48205,0.001806505,1.806505,1000
48206,0.001022812,1.022812,1000
48207,0.022076466,22.076466,1000
48208,0.001012872,1.012872,1000
48209,0.000897043,0.897043,1000
48210,0.000558017,0.558017,1000
48211,0.001656285,1.656285,1000
48212,0.001683817,1.683817,1000
48213,0.000527766,0.527766,1000
48214,0.003914383,3.914383,1000
48215,0.000473333,0.473333,1000
48216,0.000958137,0.958137,1000
48217,0.000735766,0.735766,1000
48218,0.00081312,0.81312,1000
48219,0.005592811,5.592811,1000
48220,0.001366774,1.366774,1000
48221,0.001081154,1.081154,1000
48222,0.000384395,0.384395,1000
48223,0.0007897,0.7897,1000
48224,0.001457948,1.457948,1000
48225,0.002017014,2.017014,1000
48226,0.003463768,3.463768,1000
48227,0.000909919,0.909919,1000
48228,0.001042957,1.042957,1000
48229,0.000322375,0.322375,1000
48230,0.004736406,4.736406,1000
48231,0.00096075,0.96075,1000
48232,0.004648967,4.648967,1000
48233,0.002257985,2.257985,1000
48234,0.001047998,1.047998,1000
48235,0.001506826,1.506826,1000
48236,0.001572371,1.572371,1000
48237,0.000976028,0.976028,1000
48238,0.001471205,1.471205,1000
48239,0.001994481,1.994481,1000
48240,0.001750714,1.750714,1000
48241,0.001746026,1.746026,1000
48242,0.000472694,0.472694,1000
48243,0.001570738,1.570738,1000
48244,0.001597587,1.597587,1000
48245,0.000376663,0.376663,1000
48246,0.000647366,0.647366,1000
48247,0.001458928,1.458928,1000
48248,0.020375785,20.375785,1000
48249,0.000555055,0.555055,1000
48250,0.001594926,1.594926,1000
48251,0.000439492,0.439492,1000
48252,0.000767311,0.767311,1000
48253,0.003239189,3.239189,1000
48254,0.001424839,1.424839,1000
48255,0.001625076,1.625076,1000
48256,0.000852951,0.852951,1000
48257,0.000651065,0.651065,1000
48258,0.001071083,1.071083,1000
48259,0.007100274,7.100274,1000
48260,0.002966374,2.966374,1000
48261,0.002656599,2.656599,1000
48262,0.001364283,1.364283,1000
48263,0.004594429,4.594429,1000
48264,0.000484825,0.484825,1000
48265,0.000271896,0.271896,1000
48266,0.000874435,0.874435,1000
48267,0.005084881,5.084881,1000
48268,0.000825966,0.825966,1000
48269,0.002274319,2.274319,1000
48270,0.000501445,0.501445,1000
48271,0.000597209,0.597209,1000
48272,0.001830352,1.830352,1000
48273,0.000746115,0.746115,1000
48274,0.005034812,5.034812,1000
48275,0.002726527,2.726527,1000
48276,0.004524225,4.524225,1000
48277,0.000701119,0.701119,1000
48278,0.000404081,0.404081,1000
48279,0.000735272,0.735272,1000
48280,0.000977976,0.977976,1000
48281,0.00081312,0.81312,1000
48282,0.000919407,0.919407,1000
48283,0.001104592,1.104592,1000
48284,0.000728251,0.728251,1000
48285,0.000612215,0.612215,1000
48286,0.001008084,1.008084,1000
48287,0.000979537,0.979537,1000
48288,0.000593198,0.593198,1000
48289,0.001385469,1.385469,1000
48290,0.001042979,1.042979,1000
48292,0.000404359,0.404359,1000
48293,0.001198794,1.198794,1000
48294,0.011911471,11.911471,1000
48295,0.001204353,1.204353,1000
48296,0.000820665,0.820665,1000
48297,0.000905026,0.905026,1000
48298,0.015268192,15.268192,1000
48299,0.001221487,1.221487,1000
48300,0.001604228,1.604228,1000
48301,0.000886096,0.886096,1000
48302,0.001448479,1.448479,1000
48303,0.002303595,2.303595,1000
48304,0.000912456,0.912456,1000
48305,0.00114968,1.14968,1000
48306,0.001284192,1.284192,1000
48307,0.001097456,1.097456,1000
48308,0.001179955,1.179955,1000
48309,0.000896268,0.896268,1000
48310,0.006666795,6.666795,1000
48311,0.001035779,1.035779,1000
48312,0.000532541,0.532541,1000
48313,0.001004655,1.004655,1000
48314,0.001112243,1.112243,1000
48315,0.000818475,0.818475,1000
48316,0.001006227,1.006227,1000
48317,0.001758919,1.758919,1000
48318,0.009578503,9.578503,1000
48319,0.000642998,0.642998,1000
48320,0.001042223,1.042223,1000
48321,0.001071066,1.071066,1000
48322,0.000823171,0.823171,1000
48323,0.000818475,0.818475,1000
48324,0.000347339,0.347339,1000
48325,0.006563482,6.563482,1000
48326,0.002183725,2.183725,1000
48327,0.007658496,7.658496,1000
48328,0.009808127,9.808127,1000
48329,0.004300197,4.300197,1000
48330,0.00105043,1.05043,1000
48331,0.000825966,0.825966,1000
48332,0.000694251,0.694251,1000
48333,0.000740322,0.740322,1000
48334,0.000792474,0.792474,1000
48335,0.000452994,0.452994,1000
48336,0.000790109,0.790109,1000
48337,0.001011936,1.011936,1000
48338,0.003865453,3.865453,1000
48339,0.001666312,1.666312,1000
48340,0.001228303,1.228303,1000
48341,0.00154718,1.54718,1000
48342,0.000615719,0.615719,1000
48343,0.001020125,1.020125,1000
48344,0.000816774,0.816774,1000
48345,0.001039022,1.039022,1000
48346,0.001453099,1.453099,1000
48347,0.001155945,1.155945,1000
48348,0.000753323,0.753323,1000
48349,0.000623339,0.623339,1000
48350,0.001056161,1.056161,1000
48351,0.000851555,0.851555,1000
48352,0.000812146,0.812146,1000
48353,0.002070427,2.070427,1000
48354,0.000834181,0.834181,1000
48355,0.002142742,2.142742,1000
48356,0.003406863,3.406863,1000
48357,0.00061866,0.61866,1000
48358,0.025307275,25.307275,1000
48359,0.000892347,0.892347,1000
48360,0.003601086,3.601086,1000
48361,0.000524752,0.524752,1000
48362,0.000507471,0.507471,1000
48363,0.001253289,1.253289,1000
48364,0.001219568,1.219568,1000
48365,0.000936086,0.936086,1000
48366,0.000992178,0.992178,1000
48367,0.001154542,1.154542,1000
48368,0.000825966,0.825966,1000
48369,0.000861188,0.861188,1000
48370,0.000362339,0.362339,1000
48371,0.004482047,4.482047,1000
48372,0.064580577,64.580577,1000
48373,0.000898784,0.898784,1000
48374,0.06457589,64.57589,1000
48375,0.003451615,3.451615,1000
48376,0.00046273,0.46273,1000
48377,0.000349852,0.349852,1000
48378,0.001134919,1.134919,1000
48379,0.000995621,0.995621,1000
48380,0.000960681,0.960681,1000
48381,0.007238507,7.238507,1000
48382,0.00140635,1.40635,1000
48383,0.000751456,0.751456,1000
48384,0.001104592,1.104592,1000
48385,0.000973494,0.973494,1000
48386,0.000773757,0.773757,1000
48387,0.00087867,0.87867,1000
48388,0.002935742,2.935742,1000
48389,0.000751192,0.751192,1000
48390,0.000882292,0.882292,1000
48391,0.003119771,3.119771,1000
48392,0.009244874,9.244874,1000
48393,0.000977131,0.977131,1000
48394,0.000692207,0.692207,1000
48395,0.000555477,0.555477,1000
48396,0.003088313,3.088313,1000
48397,0.000710519,0.710519,1000
48398,0.000919593,0.919593,1000
48399,0.000950143,0.950143,1000
48400,0.001029607,1.029607,1000
48401,0.000815392,0.815392,1000
48402,0.001022966,1.022966,1000
48403,0.00078358,0.78358,1000
48404,0.000660002,0.660002,1000
48405,0.000626304,0.626304,1000
48406,0.0015091,1.5091,1000
48407,0.000667852,0.667852,1000
48408,0.000457802,0.457802,1000
48409,0.001159722,1.159722,1000
48410,0.000565874,0.565874,1000
48411,0.000707835,0.707835,1000
48412,0.00114796,1.14796,1000
48413,0.0015091,1.5091,1000
48414,0.000532745,0.532745,1000
48415,0.000991259,0.991259,1000
48416,0.001746026,1.746026,1000
48417,0.001071083,1.071083,1000
48418,0.000900458,0.900458,1000
48419,0.00182198,1.82198,1000
48420,0.000855563,0.855563,1000
48421,0.001305338,1.305338,1000
48422,0.000953595,0.953595,1000
48423,0.000713228,0.713228,1000
48424,0.000858252,0.858252,1000
48425,0.000988925,0.988925,1000
48426,0.001576223,1.576223,1000
48427,0.002020572,2.020572,1000
48428,0.000673819,0.673819,1000
48429,0.000832751,0.832751,1000
48430,0.00505351,5.05351,1000
48431,0.005011977,5.011977,1000
48432,0.001922416,1.922416,1000
48433,0.001209341,1.209341,1000
48434,0.000785251,0.785251,1000
48435,0.000934134,0.934134,1000
48436,0.00081312,0.81312,1000
48437,0.000283688,0.283688,1000
48438,0.00105043,1.05043,1000
48439,0.000656488,0.656488,1000
48440,0.000768292,0.768292,1000
48441,0.001221487,1.221487,1000
48442,0.00591154,5.91154,1000
48443,0.000993186,0.993186,1000
48444,0.00094822,0.94822,1000
48445,0.000314782,0.314782,1000
48446,0.000813867,0.813867,1000
48447,0.0008697,0.8697,1000
48448,0.00052718,0.52718,1000
48449,0.002143292,2.143292,1000
48450,0.001070943,1.070943,1000
48451,0.001301691,1.301691,1000
48452,0.001184545,1.184545,1000
48453,0.00115691,1.15691,1000
48454,0.000945784,0.945784,1000
48455,0.00071162,0.71162,1000
48456,0.001826577,1.826577,1000
48457,0.001957561,1.957561,1000
48458,0.037700824,37.700824,1000
48459,0.011453879,11.453879,1000
48460,0.000945826,0.945826,1000
48461,0.000997448,0.997448,1000
48462,0.000759375,0.759375,1000
48463,0.000914397,0.914397,1000
48464,0.000807952,0.807952,1000
48465,0.006278093,6.278093,1000
48466,0.001416289,1.416289,1000
48467,0.000690795,0.690795,1000
48468,0.000911825,0.911825,1000
48469,0.000844903,0.844903,1000
48470,0.000873979,0.873979,1000
48471,0.00093154,0.93154,1000
48472,0.001115288,1.115288,1000
48473,0.000783777,0.783777,1000
48474,0.002884376,2.884376,1000
48475,0.000511059,0.511059,1000
48476,0.001031114,1.031114,1000
48477,0.001521863,1.521863,1000
48478,0.001977008,1.977008,1000
48479,0.000486329,0.486329,1000
48480,0.001205964,1.205964,1000
48481,0.001171504,1.171504,1000
48482,0.000775642,0.775642,1000
48483,0.000588761,0.588761,1000
48484,0.002278824,2.278824,1000
48485,0.000635552,0.635552,1000
48486,0.000344362,0.344362,1000
48487,0.000852548,0.852548,1000
48488,0.000825512,0.825512,1000
48489,0.000948554,0.948554,1000
48490,0.001062502,1.062502,1000
48491,0.003737843,3.737843,1000
48492,0.000783777,0.783777,1000
48493,0.001646454,1.646454,1000
48494,0.019041156,19.041156,1000
48495,0.002037659,2.037659,1000
48496,0.001049727,1.049727,1000
48497,0.000632552,0.632552,1000
48498,0.000737572,0.737572,1000
48499,0.05594856,55.94856,1000
48500,0.000712088,0.712088,1000
48501,0.001872671,1.872671,1000
48502,0.003714102,3.714102,1000
48503,0.000839797,0.839797,1000
48504,0.001031114,1.031114,1000
48505,0.001018268,1.018268,1000
48506,0.00447863,4.47863,1000
48507,0.001101495,1.101495,1000
48508,0.000993186,0.993186,1000
48509,0.002918249,2.918249,1000
48510,0.001279505,1.279505,1000
48511,0.000822323,0.822323,1000
48512,0.000825966,0.825966,1000
48513,0.0011282,1.1282,1000
48514,0.001821889,1.821889,1000
48515,0.001027786,1.027786,1000
48516,0.007990147,7.990147,1000
48517,0.00061413,0.61413,1000
48518,0.000877339,0.877339,1000
48519,0.00115241,1.15241,1000
48520,0.000705187,0.705187,1000
48521,0.001153677,1.153677,1000
48522,0.005900428,5.900428,1000
48523,0.000664321,0.664321,1000
48524,0.004298245,4.298245,1000
48525,0.000801314,0.801314,1000
48526,0.002739444,2.739444,1000
48527,0.010182729,10.182729,1000
48528,0.000886378,0.886378,1000
48529,0.001101159,1.101159,1000
48530,0.001598572,1.598572,1000
48531,0.000999408,0.999408,1000
48532,0.000855863,0.855863,1000
48533,0.00115367,1.15367,1000
48534,0.000825966,0.825966,1000
48535,0.000847683,0.847683,1000
48536,0.001864602,1.864602,1000
48537,0.024092423,24.092423,1000
48538,0.001323321,1.323321,1000
48539,0.000901238,0.901238,1000
48540,0.002843754,2.843754,1000
48541,0.000971034,0.971034,1000
48542,0.001067394,1.067394,1000
48543,0.001126925,1.126925,1000
48544,0.003619378,3.619378,1000
48545,0.001636809,1.636809,1000
48546,0.005978014,5.978014,1000
48547,0.000795291,0.795291,1000
48548,0.000657358,0.657358,1000
48549,0.001104592,1.104592,1000
48550,0.00078378,0.78378,1000
48551,0.000783777,0.783777,1000
48552,0.000782886,0.782886,1000
48553,0.000825966,0.825966,1000
48554,0.000606137,0.606137,1000
48555,0.000892704,0.892704,1000
48556,0.000945554,0.945554,1000
48557,0.001523569,1.523569,1000
48558,0.01156215,11.56215,1000
48559,0.000894967,0.894967,1000
48560,0.000691028,0.691028,1000
48561,0.000608865,0.608865,1000
48562,0.000942298,0.942298,1000
48563,0.00097067,0.97067,1000
48564,0.012421699,12.421699,1000
48565,0.00069432,0.69432,1000
48566,0.001062379,1.062379,1000
48567,0.001042957,1.042957,1000
48568,0.001062519,1.062519,1000
48569,0.000522198,0.522198,1000
48570,0.00100009,1.00009,1000
48571,0.001169491,1.169491,1000
48572,0.000656033,0.656033,1000
48573,0.000730769,0.730769,1000
48574,0.00130218,1.30218,1000
48575,0.002264468,2.264468,1000
48576,0.001085643,1.085643,1000
48577,0.002351509,2.351509,1000
48578,0.000526569,0.526569,1000
48579,0.000958711,0.958711,1000
48580,0.000804977,0.804977,1000
48581,0.00092462,0.92462,1000
48582,0.001229086,1.229086,1000
48583,0.001231268,1.231268,1000
48584,0.001157019,1.157019,1000
48585,0.001062569,1.062569,1000
48586,0.003090898,3.090898,1000
48587,0.000721276,0.721276,1000
48588,0.00054512,0.54512,1000
48589,0.000959609,0.959609,1000
48590,0.00599511,5.99511,1000
48591,0.001138862,1.138862,1000
48592,0.001062519,1.062519,1000
48593,0.000835278,0.835278,1000
48594,0.002153223,2.153223,1000
48595,0.000600962,0.600962,1000
48596,0.000818877,0.818877,1000
48597,0.001092241,1.092241,1000
48598,0.001874202,1.874202,1000
48599,0.002060995,2.060995,1000
48600,0.004396835,4.396835,1000
48601,0.000881939,0.881939,1000
48602,0.001342901,1.342901,1000
48603,0.000978273,0.978273,1000
48604,0.00123555,1.23555,1000
48605,0.002764849,2.764849,1000
48606,0.000819618,0.819618,1000
48607,0.000761674,0.761674,1000
48608,0.000745755,0.745755,1000
48609,0.002087895,2.087895,1000
48610,0.001088157,1.088157,1000
48611,0.001022282,1.022282,1000
48612,0.000616137,0.616137,1000
48613,0.001147967,1.147967,1000
48614,0.000757526,0.757526,1000
48615,0.000830558,0.830558,1000
48616,0.000993186,0.993186,1000
48617,0.000474294,0.474294,1000
48618,0.005198217,5.198217,1000
48619,0.00189409,1.89409,1000
48620,0.00190881,1.90881,1000
48621,0.006792537,6.792537,1000
48622,0.032424853,32.424853,1000
48623,0.00104294,1.04294,1000
48624,0.001241055,1.241055,1000
48625,0.00115367,1.15367,1000
48626,0.000778352,0.778352,1000
48627,0.00063054,0.63054,1000
48628,0.001523648,1.523648,1000
48629,0.000708365,0.708365,1000
48630,0.001510527,1.510527,1000
48631,0.000685798,0.685798,1000
48632,0.001695684,1.695684,1000
48633,0.002404035,2.404035,1000
48634,0.001062519,1.062519,1000
48635,0.001062502,1.062502,1000
48636,0.00065593,0.65593,1000
48637,0.001235116,1.235116,1000
48638,0.001043007,1.043007,1000
48639,0.008023242,8.023242,1000
48640,0.000633748,0.633748,1000
48641,0.000442597,0.442597,1000
48642,0.003137236,3.137236,1000
48643,0.001750714,1.750714,1000
48644,0.000746733,0.746733,1000
48645,0.002177995,2.177995,1000
48646,0.001010693,1.010693,1000
48647,0.00212416,2.12416,1000
48648,0.001389532,1.389532,1000
48649,0.001260537,1.260537,1000
48650,0.00435042,4.35042,1000
48651,0.001195342,1.195342,1000
48652,0.002049307,2.049307,1000
48653,0.000864561,0.864561,1000
48654,0.000856929,0.856929,1000
48655,0.000542456,0.542456,1000
48656,0.002488682,2.488682,1000
48657,0.006031981,6.031981,1000
48658,0.002286325,2.286325,1000
48659,0.005594417,5.594417,1000
48660,0.000718682,0.718682,1000
48661,0.000606956,0.606956,1000
48662,0.003193649,3.193649,1000
48663,0.01425186,14.25186,1000
48664,0.00650244,6.50244,1000
48665,0.001716308,1.716308,1000
48666,0.000911853,0.911853,1000
48667,0.000477151,0.477151,1000
48668,0.009321822,9.321822,1000
48669,0.001199871,1.199871,1000
48670,0.001143068,1.143068,1000
48671,0.000672103,0.672103,1000
48672,0.00254491,2.54491,1000
48673,0.000873483,0.873483,1000
48674,0.000925398,0.925398,1000
48675,0.001134919,1.134919,1000
48676,0.001053589,1.053589,1000
48677,0.001377211,1.377211,1000
48678,0.16338954,163.38954,1000
48679,0.001148819,1.148819,1000
48680,0.000666928,0.666928,1000
48681,0.001162085,1.162085,1000
48682,0.000959565,0.959565,1000
48683,0.000584697,0.584697,1000
48684,0.001205197,1.205197,1000
48685,0.000878375,0.878375,1000
48687,0.001411701,1.411701,1000
48688,0.000396554,0.396554,1000
48689,0.000519098,0.519098,1000
48690,0.001418418,1.418418,1000
48691,0.001525181,1.525181,1000
48692,0.000315877,0.315877,1000
48693,0.000837827,0.837827,1000
48694,0.000600896,0.600896,1000
48695,0.000797573,0.797573,1000
48696,0.000736212,0.736212,1000
48697,0.000768573,0.768573,1000
48698,0.000736095,0.736095,1000
48699,0.000903139,0.903139,1000
48700,0.000782666,0.782666,1000
48701,0.00796564,7.96564,1000
48702,0.001042957,1.042957,1000
48703,0.000322053,0.322053,1000
48704,0.001071083,1.071083,1000
48705,0.001009371,1.009371,1000
48706,0.003288236,3.288236,1000
48707,0.000382768,0.382768,1000
48708,0.005557104,5.557104,1000
48709,0.000547687,0.547687,1000
48710,0.001071083,1.071083,1000
48711,0.002102065,2.102065,1000
48712,0.001652996,1.652996,1000
48713,0.000809744,0.809744,1000
48714,0.000986725,0.986725,1000
48715,0.003863856,3.863856,1000
48716,0.00070823,0.70823,1000
48717,0.000478121,0.478121,1000
48718,0.000789225,0.789225,1000
48719,0.001328608,1.328608,1000
48720,0.00096309,0.96309,1000
48721,0.000900594,0.900594,1000
48722,0.000548389,0.548389,1000
48723,0.000564845,0.564845,1000
48724,0.001097456,1.097456,1000
48725,0.000772579,0.772579,1000
48726,0.001006741,1.006741,1000
48727,0.000925167,0.925167,1000
48728,0.001228397,1.228397,1000
48729,0.00159543,1.59543,1000
48730,0.002391293,2.391293,1000
48731,0.004874025,4.874025,1000
48732,0.002862691,2.862691,1000
48733,0.000846716,0.846716,1000
48734,0.000251529,0.251529,1000
48735,0.002107165,2.107165,1000
48736,0.000882667,0.882667,1000
48737,0.001365632,1.365632,1000
48738,0.000580483,0.580483,1000
48739,0.00162556,1.62556,1000
48740,0.000923728,0.923728,1000
48741,0.005807061,5.807061,1000
48742,0.000242785,0.242785,1000
48743,0.001797549,1.797549,1000
48744,0.057914154,57.914154,1000
48745,0.001687941,1.687941,1000
48746,0.00084125,0.84125,1000
48747,0.000487484,0.487484,1000
48748,0.000589289,0.589289,1000
48749,0.001073361,1.073361,1000
48750,0.001062519,1.062519,1000
48751,0.001221487,1.221487,1000
48752,0.000449863,0.449863,1000
48753,0.000963349,0.963349,1000
48754,0.000874531,0.874531,1000
48755,0.001462488,1.462488,1000
48756,0.000442221,0.442221,1000
48757,0.000579309,0.579309,1000
48758,0.000372367,0.372367,1000
48759,0.00074415,0.74415,1000
48760,0.001188242,1.188242,1000
48761,0.001062519,1.062519,1000
48762,0.00074457,0.74457,1000
48763,0.000765891,0.765891,1000
48764,0.000873708,0.873708,1000
48765,0.001009936,1.009936,1000
48766,0.000517254,0.517254,1000
48768,0.000640343,0.640343,1000
48769,0.001162044,1.162044,1000
48770,0.004873953,4.873953,1000
48771,0.00101366,1.01366,1000
48772,0.000954263,0.954263,1000
48773,0.002469706,2.469706,1000
48774,0.000819565,0.819565,1000
48775,0.002219542,2.219542,1000
48776,0.000556232,0.556232,1000
48777,0.000414385,0.414385,1000
48778,0.000993169,0.993169,1000
48779,0.00520526,5.20526,1000
48780,0.002941381,2.941381,1000
48781,0.00077855,0.77855,1000
48782,0.000349923,0.349923,1000
48783,0.000498456,0.498456,1000
48784,0.008892638,8.892638,1000
48785,0.000677366,0.677366,1000
48786,0.194591783,194.591783,1000
48787,0.001666066,1.666066,1000
48788,0.001010701,1.010701,1000
48789,0.002872724,2.872724,1000
48790,0.000565432,0.565432,1000
48791,0.001240696,1.240696,1000
48792,0.000731269,0.731269,1000
48793,0.002941297,2.941297,1000
48794,0.000747153,0.747153,1000
48795,0.000253713,0.253713,1000
48796,0.001301574,1.301574,1000
48797,0.000754064,0.754064,1000
48798,0.000871539,0.871539,1000
48799,0.0003083,0.3083,1000
48800,0.002605749,2.605749,1000
48801,0.00121978,1.21978,1000
48802,0.001149588,1.149588,1000
48803,0.001062519,1.062519,1000
48804,0.000688632,0.688632,1000
48805,0.001369339,1.369339,1000
48806,0.001872941,1.872941,1000
48807,0.00256383,2.56383,1000
48808,0.000976813,0.976813,1000
48809,0.000752727,0.752727,1000
48810,0.000593956,0.593956,1000
48811,0.000818715,0.818715,1000
48812,0.014826822,14.826822,1000
48813,0.000878351,0.878351,1000
48814,0.000454049,0.454049,1000
48815,0.00115322,1.15322,1000
48816,0.000762943,0.762943,1000
48818,0.001942446,1.942446,1000
48819,0.000827602,0.827602,1000
48820,0.000878358,0.878358,1000
48821,0.00063105,0.63105,1000
48822,0.001147967,1.147967,1000
48823,0.000993186,0.993186,1000
48824,0.000664652,0.664652,1000
48825,0.001062502,1.062502,1000
48826,0.000810559,0.810559,1000
48827,0.00081312,0.81312,1000
48828,0.000918105,0.918105,1000
48829,0.001177507,1.177507,1000
48830,0.000783777,0.783777,1000
48831,0.00126589,1.26589,1000
48832,0.002942649,2.942649,1000
48833,0.001209105,1.209105,1000
48834,0.001523885,1.523885,1000
48835,0.000813328,0.813328,1000
48836,0.001478146,1.478146,1000
48837,0.0009435,0.9435,1000
48838,0.003428445,3.428445,1000
48839,0.000986892,0.986892,1000
48840,0.000538177,0.538177,1000
48841,0.001148277,1.148277,1000
48842,0.000857123,0.857123,1000
48843,0.001102589,1.102589,1000
48844,0.000742093,0.742093,1000
48845,0.001005589,1.005589,1000
48846,0.002089606,2.089606,1000
48847,0.001337308,1.337308,1000
48848,0.007992157,7.992157,1000
48849,0.00325761,3.25761,1000
48850,0.00307472,3.07472,1000
48851,0.001053249,1.053249,1000
48852,0.001062502,1.062502,1000
48853,0.000748336,0.748336,1000
48854,0.001224407,1.224407,1000
48855,0.000825966,0.825966,1000
48856,0.000812222,0.812222,1000
48857,0.000762868,0.762868,1000
48858,0.000930169,0.930169,1000
48859,0.000911502,0.911502,1000
48860,0.000668963,0.668963,1000
48861,0.001260194,1.260194,1000
48862,0.000578511,0.578511,1000
48863,0.002404376,2.404376,1000
48864,0.000981935,0.981935,1000
48865,0.000921876,0.921876,1000
48866,0.02360484,23.60484,1000
48867,0.000676216,0.676216,1000
48868,0.001445067,1.445067,1000
48869,0.001637817,1.637817,1000
48870,0.001116083,1.116083,1000
48871,0.002844038,2.844038,1000
48872,0.02324754,23.24754,1000
48873,0.00089425,0.89425,1000
48874,0.000616159,0.616159,1000
48875,0.000580627,0.580627,1000
48876,0.000773222,0.773222,1000
48877,0.00034218,0.34218,1000
48878,0.000973061,0.973061,1000
48879,0.002263852,2.263852,1000
48880,0.000740156,0.740156,1000
48881,0.001062519,1.062519,1000
48882,0.000811755,0.811755,1000
48883,0.00085344,0.85344,1000
48884,0.001071083,1.071083,1000
48885,0.001532075,1.532075,1000
48886,0.000725588,0.725588,1000
48887,0.001126688,1.126688,1000
48888,0.001062569,1.062569,1000
48889,0.001134926,1.134926,1000
48890,0.000331512,0.331512,1000
48891,0.001231268,1.231268,1000
48892,0.002221679,2.221679,1000
48893,0.017243062,17.243062,1000
48894,0.001523042,1.523042,1000
48895,0.0015091,1.5091,1000
48896,0.000856042,0.856042,1000
48897,0.001085637,1.085637,1000
48898,0.595283003,595.283003,1000
48899,0.001525076,1.525076,1000
48900,0.002507409,2.507409,1000
48901,0.001271044,1.271044,1000
48902,0.00166397,1.66397,1000
48903,0.005646406,5.646406,1000
48904,0.000224453,0.224453,1000
48905,0.00059329,0.59329,1000
48906,0.023219578,23.219578,1000
48907,0.001047998,1.047998,1000
48908,0.000716977,0.716977,1000
48909,0.002237509,2.237509,1000
48910,0.000939032,0.939032,1000
48911,0.00115367,1.15367,1000
48912,0.000552423,0.552423,1000
48913,0.001376197,1.376197,1000
48914,0.002872745,2.872745,1000
48915,0.002272834,2.272834,1000
48916,0.002976836,2.976836,1000
48917,0.001354265,1.354265,1000
48918,0.000963771,0.963771,1000
48919,0.001164239,1.164239,1000
48920,0.000537738,0.537738,1000
48921,0.000935008,0.935008,1000
48922,0.000822641,0.822641,1000
48923,0.001181606,1.181606,1000
48924,0.000665541,0.665541,1000
48925,0.000458833,0.458833,1000
48926,0.001138634,1.138634,1000
48927,0.003638734,3.638734,1000
48928,0.001415577,1.415577,1000
48929,0.000579777,0.579777,1000
48930,0.001091954,1.091954,1000
48931,0.000829979,0.829979,1000
48932,0.001217744,1.217744,1000
48933,0.001309076,1.309076,1000
48934,0.000768177,0.768177,1000
48935,0.001197723,1.197723,1000
48936,0.004900225,4.900225,1000
48937,0.06457589,64.57589,1000
48938,0.006606159,6.606159,1000
48939,0.001244608,1.244608,1000
48940,0.024109848,24.109848,1000
48941,0.001049091,1.049091,1000
48942,0.001071133,1.071133,1000
48943,0.000790306,0.790306,1000
48944,0.001489348,1.489348,1000
48945,0.000365567,0.365567,1000
48946,0.001006227,1.006227,1000
48947,0.00081312,0.81312,1000
48948,0.000570833,0.570833,1000
48949,0.001006227,1.006227,1000
48950,0.000878351,0.878351,1000
48951,0.001025813,1.025813,1000
48952,0.001220403,1.220403,1000
48953,0.000799856,0.799856,1000
48954,0.000782611,0.782611,1000
48955,0.001621563,1.621563,1000
48956,0.00101154,1.01154,1000
48957,0.00085656,0.85656,1000
48958,0.00380019,3.80019,1000
48959,0.001075656,1.075656,1000
48960,0.002895799,2.895799,1000
48961,0.000814768,0.814768,1000
48962,0.015988374,15.988374,1000
48963,0.000809774,0.809774,1000
48964,0.001031114,1.031114,1000
48965,0.005005256,5.005256,1000
48966,0.002393629,2.393629,1000
48967,0.003712842,3.712842,1000
48968,0.000610529,0.610529,1000
48969,0.001018268,1.018268,1000
48970,0.006865512,6.865512,1000
48971,0.00112643,1.12643,1000
48972,0.0010419,1.0419,1000
48973,0.002734478,2.734478,1000
48974,0.003621594,3.621594,1000
48975,0.001018268,1.018268,1000
48976,0.0015091,1.5091,1000
48977,0.00093189,0.93189,1000
48978,0.007534506,7.534506,1000
48979,0.001252508,1.252508,1000
48980,0.00057178,0.57178,1000
48981,0.006815667,6.815667,1000
48982,0.001071066,1.071066,1000
48983,0.001018268,1.018268,1000
48984,0.001510527,1.510527,1000
48985,0.000646296,0.646296,1000
48986,0.000679735,0.679735,1000
48987,0.000615602,0.615602,1000
48988,0.000927095,0.927095,1000
48989,0.000659999,0.659999,1000
48990,0.000428764,0.428764,1000
48991,0.018816993,18.816993,1000
48992,0.001221986,1.221986,1000
48993,0.000939646,0.939646,1000
48994,0.00081312,0.81312,1000
48995,0.000991795,0.991795,1000
48996,0.002262977,2.262977,1000
48997,0.002728956,2.728956,1000
48998,0.000993352,0.993352,1000
48999,0.004256041,4.256041,1000
49000,0.00053739,0.53739,1000
49001,0.000519358,0.519358,1000
49002,0.001225091,1.225091,1000
49003,0.002766288,2.766288,1000
49004,0.001597145,1.597145,1000
49005,0.000891197,0.891197,1000
49006,0.00104054,1.04054,1000
49007,0.000956262,0.956262,1000
49008,0.000966509,0.966509,1000
49009,0.000939869,0.939869,1000
49010,0.000954876,0.954876,1000
49011,0.00062246,0.62246,1000
49012,0.000487014,0.487014,1000
49013,0.000791045,0.791045,1000
49014,0.00129343,1.29343,1000
49015,0.001535004,1.535004,1000
49016,0.002863464,2.863464,1000
49017,0.000578418,0.578418,1000
49018,0.000730545,0.730545,1000
49019,0.002921999,2.921999,1000
49020,0.000597802,0.597802,1000
49021,0.005593093,5.593093,1000
49022,0.000912346,0.912346,1000
49023,0.001163008,1.163008,1000
49024,0.000474383,0.474383,1000
49025,0.06457589,64.57589,1000
49026,0.001145417,1.145417,1000
49027,0.000991721,0.991721,1000
49028,0.000736118,0.736118,1000
49029,0.001030883,1.030883,1000
49030,0.000421765,0.421765,1000
49031,0.002992995,2.992995,1000
49032,0.000679916,0.679916,1000
49033,0.00281439,2.81439,1000
49034,0.000912456,0.912456,1000
49035,0.003446678,3.446678,1000
49036,0.00676999,6.76999,1000
49037,0.012141663,12.141663,1000
49038,0.001182245,1.182245,1000
49039,0.001343248,1.343248,1000
49040,0.00141239,1.41239,1000
49041,0.011366845,11.366845,1000
49042,0.006211568,6.211568,1000
49043,0.000644706,0.644706,1000
49044,0.001218482,1.218482,1000
49045,0.00195655,1.95655,1000
49046,0.001042519,1.042519,1000
49047,0.003203945,3.203945,1000
49048,0.000611556,0.611556,1000
49049,0.0005036,0.5036,1000
49050,0.000856288,0.856288,1000
49051,0.001820575,1.820575,1000
49052,0.00464095,4.64095,1000
49053,0.001037325,1.037325,1000
49054,0.001152443,1.152443,1000
49055,0.000824063,0.824063,1000
49056,0.001062519,1.062519,1000
49057,0.001525312,1.525312,1000
49058,0.000800538,0.800538,1000
49059,0.009141434,9.141434,1000
49060,0.000845094,0.845094,1000
49061,0.000826742,0.826742,1000
49062,0.004546915,4.546915,1000
49063,0.000553594,0.553594,1000
49064,0.000593956,0.593956,1000
49065,0.000505299,0.505299,1000
49066,0.002155953,2.155953,1000
49067,0.003836749,3.836749,1000
49068,0.004337063,4.337063,1000
49069,0.000657709,0.657709,1000
49070,0.001019573,1.019573,1000
49071,0.004962287,4.962287,1000
49072,0.000616284,0.616284,1000
49073,0.001355595,1.355595,1000
49074,0.000566791,0.566791,1000
49075,0.015949854,15.949854,1000
49076,0.008149304,8.149304,1000
49077,0.000542811,0.542811,1000
49078,0.000827663,0.827663,1000
49079,0.001354903,1.354903,1000
49080,0.001424494,1.424494,1000
49081,0.003762771,3.762771,1000
49082,0.00075653,0.75653,1000
49083,0.000821778,0.821778,1000
49084,0.003995638,3.995638,1000
49085,0.001922872,1.922872,1000
49086,0.001038267,1.038267,1000
49087,0.000935513,0.935513,1000
49088,0.000837804,0.837804,1000
49089,0.006547912,6.547912,1000
49090,0.000858252,0.858252,1000
49091,0.001062519,1.062519,1000
49092,0.000523763,0.523763,1000
49093,0.008117204,8.117204,1000
49094,0.000552778,0.552778,1000
49095,0.00068999,0.68999,1000
49096,0.008381268,8.381268,1000
49097,0.000737608,0.737608,1000
49098,0.003098115,3.098115,1000
49099,0.000769119,0.769119,1000
49100,0.001071083,1.071083,1000
49101,0.001011936,1.011936,1000
49102,0.001600968,1.600968,1000
49103,0.000579308,0.579308,1000
49104,0.000351394,0.351394,1000
49105,0.001048698,1.048698,1000
49106,0.003060114,3.060114,1000
49107,0.000398582,0.398582,1000
49108,0.00067525,0.67525,1000
49109,0.001014983,1.014983,1000
49110,0.001613775,1.613775,1000
49111,0.001142245,1.142245,1000
49112,0.000723354,0.723354,1000
49113,0.000385396,0.385396,1000
49114,0.000886327,0.886327,1000
49115,0.001940927,1.940927,1000
49116,0.001282388,1.282388,1000
49117,0.001600353,1.600353,1000
49118,0.001050105,1.050105,1000
49119,0.000665973,0.665973,1000
49120,0.000687444,0.687444,1000
49121,0.00104294,1.04294,1000
49122,0.001210516,1.210516,1000
49123,0.000425811,0.425811,1000
49124,0.001021493,1.021493,1000
49125,0.001121965,1.121965,1000
49126,0.000864954,0.864954,1000
49127,0.000935513,0.935513,1000
49128,0.001357341,1.357341,1000
49129,0.001324896,1.324896,1000
49130,0.000896277,0.896277,1000
49131,0.001150691,1.150691,1000
49132,0.000795181,0.795181,1000
49133,0.000574084,0.574084,1000
49134,0.001011874,1.011874,1000
49135,0.001826577,1.826577,1000
49136,0.000642928,0.642928,1000
49137,0.000938138,0.938138,1000
49138,0.00090369,0.90369,1000
49139,0.001196272,1.196272,1000
49140,0.001248097,1.248097,1000
49141,0.00103168,1.03168,1000
49142,0.001011936,1.011936,1000
49143,0.000803213,0.803213,1000
49144,0.001002117,1.002117,1000
49145,0.000945784,0.945784,1000
49146,0.001841125,1.841125,1000
49147,0.003450294,3.450294,1000
49148,0.040340817,40.340817,1000
49149,0.005834832,5.834832,1000
49150,0.001304145,1.304145,1000
49151,0.001457786,1.457786,1000
49152,0.001330889,1.330889,1000
49153,0.000351378,0.351378,1000
49154,0.001011936,1.011936,1000
49155,0.001313053,1.313053,1000
49156,0.005743685,5.743685,1000
49157,0.00047426,0.47426,1000
49158,0.016020729,16.020729,1000
49159,0.001159194,1.159194,1000
49160,0.000903924,0.903924,1000
49161,0.001191701,1.191701,1000
49162,0.002986211,2.986211,1000
49163,0.009708854,9.708854,1000
49164,0.000752675,0.752675,1000
49165,0.001386351,1.386351,1000
49166,0.000607808,0.607808,1000
49167,0.000594812,0.594812,1000
49168,0.000708595,0.708595,1000
49169,0.00104135,1.04135,1000
49170,0.000930591,0.930591,1000
49171,0.00287109,2.87109,1000
49172,0.001049245,1.049245,1000
49173,0.000989401,0.989401,1000
49174,0.002345822,2.345822,1000
49175,0.00130318,1.30318,1000
49176,0.003096044,3.096044,1000
49177,0.002849538,2.849538,1000
49178,0.000584959,0.584959,1000
49179,0.005395125,5.395125,1000
49180,0.005382242,5.382242,1000
49181,0.000862105,0.862105,1000
49182,0.00098284,0.98284,1000
49183,0.001510527,1.510527,1000
49184,0.000695958,0.695958,1000
49185,0.000785518,0.785518,1000
49186,0.000442679,0.442679,1000
49187,0.003765892,3.765892,1000
49188,0.001305806,1.305806,1000
49189,0.004938502,4.938502,1000
49190,0.000912939,0.912939,1000
49191,0.004347782,4.347782,1000
49192,0.016421068,16.421068,1000
49193,0.002937828,2.937828,1000
49194,0.000736152,0.736152,1000
49195,0.000475299,0.475299,1000
49196,0.001323992,1.323992,1000
49197,0.000469495,0.469495,1000
49198,0.003006951,3.006951,1000
49199,0.001553221,1.553221,1000
49200,0.001266254,1.266254,1000
49201,0.001059613,1.059613,1000
49202,0.003150829,3.150829,1000
49203,0.000453786,0.453786,1000
49204,0.000995922,0.995922,1000
49205,0.001139251,1.139251,1000
49206,0.001324356,1.324356,1000
49207,0.001356077,1.356077,1000
49208,0.005258828,5.258828,1000
49209,0.002893662,2.893662,1000
49210,0.001335576,1.335576,1000
49211,0.00129514,1.29514,1000
49212,0.000673387,0.673387,1000
49213,0.000630185,0.630185,1000
49214,0.000648133,0.648133,1000
49215,0.00223686,2.23686,1000
49216,0.001141219,1.141219,1000
49217,0.001036963,1.036963,1000
49218,0.000967739,0.967739,1000
49219,0.000809421,0.809421,1000
49220,0.000842849,0.842849,1000
49221,0.000774155,0.774155,1000
49222,0.002737243,2.737243,1000
49223,0.000832576,0.832576,1000
49224,0.000578809,0.578809,1000
49225,0.000712307,0.712307,1000
49226,0.000976396,0.976396,1000
49227,0.001353188,1.353188,1000
49228,0.000579617,0.579617,1000
49229,0.00106325,1.06325,1000
49230,0.001385469,1.385469,1000
49231,0.000547396,0.547396,1000
49232,0.009794018,9.794018,1000
49233,0.000986786,0.986786,1000
49234,0.003025967,3.025967,1000
49235,0.009524481,9.524481,1000
49236,0.003271718,3.271718,1000
49237,0.06457589,64.57589,1000
49238,0.010166156,10.166156,1000
49239,0.00103168,1.03168,1000
49240,0.001084963,1.084963,1000
49241,0.03533664,35.33664,1000
49242,0.000894653,0.894653,1000
49243,0.001039713,1.039713,1000
49244,0.000415305,0.415305,1000
49245,0.00103168,1.03168,1000
49246,0.001385415,1.385415,1000
49247,0.001011936,1.011936,1000
49248,0.000884806,0.884806,1000
49249,0.008130227,8.130227,1000
49250,0.001057823,1.057823,1000
49251,0.003816354,3.816354,1000
49252,0.000734675,0.734675,1000
49253,0.001066912,1.066912,1000
49254,0.000964025,0.964025,1000
49255,0.001916623,1.916623,1000
49256,0.000874285,0.874285,1000
49257,0.001058741,1.058741,1000
49258,0.00081312,0.81312,1000
49259,0.000735768,0.735768,1000
49260,0.001097456,1.097456,1000
49261,0.00159886,1.59886,1000
49262,0.000849955,0.849955,1000
49263,0.000779398,0.779398,1000
49264,0.003202864,3.202864,1000
49265,0.001485436,1.485436,1000
49266,0.003097858,3.097858,1000
49267,0.001749287,1.749287,1000
49268,0.000746183,0.746183,1000
49269,0.001739162,1.739162,1000
49270,0.000915184,0.915184,1000
49271,0.292791066,292.791066,1000
49272,0.00831927,8.31927,1000
49273,0.002456784,2.456784,1000
49274,0.001912076,1.912076,1000
49275,0.000929046,0.929046,1000
49276,0.001071105,1.071105,1000
49277,0.000908973,0.908973,1000
49278,0.001593884,1.593884,1000
49279,0.000729672,0.729672,1000
49280,0.000663445,0.663445,1000
49281,0.001062569,1.062569,1000
49282,0.178771959,178.771959,1000
49283,0.00118679,1.18679,1000
49284,0.042416875,42.416875,1000
49285,0.000858274,0.858274,1000
49286,0.0005627,0.5627,1000
49287,0.000937243,0.937243,1000
49288,0.000776493,0.776493,1000
49289,0.000676273,0.676273,1000
49290,0.000894163,0.894163,1000
49291,0.00078378,0.78378,1000
49292,0.000656884,0.656884,1000
49293,0.0020935,2.0935,1000
49294,0.000600476,0.600476,1000
49295,0.001157288,1.157288,1000
49296,0.001028193,1.028193,1000
49297,0.000937243,0.937243,1000
49298,0.00073372,0.73372,1000
49299,0.000824867,0.824867,1000
49300,0.003194338,3.194338,1000
49301,0.002207987,2.207987,1000
49302,0.000996367,0.996367,1000
49303,0.001141219,1.141219,1000
49304,0.001036294,1.036294,1000
49305,0.000864977,0.864977,1000
49306,0.00104236,1.04236,1000
49307,0.0010419,1.0419,1000
49308,0.001061881,1.061881,1000
49309,0.001088611,1.088611,1000
49310,0.000974729,0.974729,1000
49311,0.000935513,0.935513,1000
49312,0.056430734,56.430734,1000
49313,0.009163974,9.163974,1000
49314,0.000878348,0.878348,1000
49315,0.000661616,0.661616,1000
49316,0.003729916,3.729916,1000
49317,0.00091056,0.91056,1000
49318,0.001510527,1.510527,1000
49319,0.000782141,0.782141,1000
49320,0.001451759,1.451759,1000
49321,0.001226884,1.226884,1000
49322,0.008237898,8.237898,1000
49323,0.01008751,10.08751,1000
49324,0.003192861,3.192861,1000
49325,0.000537682,0.537682,1000
49326,0.00081312,0.81312,1000
49327,0.001065131,1.065131,1000
49328,0.00092322,0.92322,1000
49329,0.000985603,0.985603,1000
49330,0.000785329,0.785329,1000
49331,0.008326036,8.326036,1000
49332,0.000719587,0.719587,1000
49333,0.000657389,0.657389,1000
49334,0.000952359,0.952359,1000
49335,0.007965833,7.965833,1000
49336,0.000915589,0.915589,1000
49337,0.000902675,0.902675,1000
49338,0.00201805,2.01805,1000
49339,0.000993186,0.993186,1000
49340,0.000710968,0.710968,1000
49341,0.027901872,27.901872,1000
49342,0.017272225,17.272225,1000
49343,0.021611934,21.611934,1000
49344,0.000684139,0.684139,1000
49345,0.001487009,1.487009,1000
49346,0.002334102,2.334102,1000
49347,0.007815594,7.815594,1000
49348,0.000565156,0.565156,1000
49349,0.000637485,0.637485,1000
49350,0.000366297,0.366297,1000
49351,0.595287691,595.287691,1000
49352,0.001639484,1.639484,1000
49353,0.000923955,0.923955,1000
49354,0.002889341,2.889341,1000
49355,0.005773865,5.773865,1000
49356,0.000447327,0.447327,1000
49357,0.000959508,0.959508,1000
49358,0.001385075,1.385075,1000
49359,0.026773162,26.773162,1000
49360,0.002972395,2.972395,1000
49361,0.008354757,8.354757,1000
49362,0.002651689,2.651689,1000
49363,0.026624722,26.624722,1000
49364,0.00202776,2.02776,1000
49365,0.00049642,0.49642,1000
49366,0.000825969,0.825969,1000
49367,0.000937243,0.937243,1000
49368,0.000571384,0.571384,1000
49369,0.010559463,10.559463,1000
49370,0.004211007,4.211007,1000
49371,0.00099376,0.99376,1000
49372,0.009638794,9.638794,1000
49373,0.001194978,1.194978,1000
49374,0.000558413,0.558413,1000
49375,0.001066483,1.066483,1000
49376,0.002957545,2.957545,1000
49377,0.007126228,7.126228,1000
49378,0.000701052,0.701052,1000
49379,0.000972356,0.972356,1000
49380,0.000609123,0.609123,1000
49381,0.000868521,0.868521,1000
49382,0.007959336,7.959336,1000
49383,0.0005092,0.5092,1000
49384,0.000828151,0.828151,1000
49385,0.001263283,1.263283,1000
49386,0.00072271,0.72271,1000
49387,0.001522047,1.522047,1000
49388,0.000814302,0.814302,1000
49389,0.000811276,0.811276,1000
49390,0.000436614,0.436614,1000
49391,0.000777059,0.777059,1000
49392,0.000723705,0.723705,1000
49393,0.001781297,1.781297,1000
49394,0.00063465,0.63465,1000
49395,0.000304271,0.304271,1000
49396,0.002763104,2.763104,1000
49397,0.005771842,5.771842,1000
49398,0.001690764,1.690764,1000
49399,0.000870589,0.870589,1000
49400,0.008799881,8.799881,1000
49401,0.00081312,0.81312,1000
49402,0.000679905,0.679905,1000
49403,0.00090882,0.90882,1000
49404,0.001623754,1.623754,1000
49405,0.002926851,2.926851,1000
49406,0.001975457,1.975457,1000
49407,0.00081894,0.81894,1000
49408,0.000816958,0.816958,1000
49409,0.000446149,0.446149,1000
49410,0.000983255,0.983255,1000
49411,0.001696293,1.696293,1000
49412,0.001764314,1.764314,1000
49413,0.001090736,1.090736,1000
49414,0.000588919,0.588919,1000
49415,0.002388198,2.388198,1000
49416,0.001071083,1.071083,1000
49417,0.005512574,5.512574,1000
49418,0.430101455,430.101455,1000
49419,0.001205656,1.205656,1000
49421,0.00084219,0.84219,1000
49422,0.001609087,1.609087,1000
49423,0.000780666,0.780666,1000
49424,0.000783777,0.783777,1000
49425,0.000826389,0.826389,1000
49426,0.001062541,1.062541,1000
49427,0.004056761,4.056761,1000
49428,0.000716617,0.716617,1000
49429,0.003492512,3.492512,1000
49430,0.000434715,0.434715,1000
49431,0.0028848,2.8848,1000
49432,0.001000921,1.000921,1000
49433,0.001752734,1.752734,1000
49434,0.001000744,1.000744,1000
49435,0.001071133,1.071133,1000
49436,0.008024575,8.024575,1000
49437,0.000485624,0.485624,1000
49438,0.00200274,2.00274,1000
49439,0.008120599,8.120599,1000
49440,0.001956991,1.956991,1000
49441,0.001293355,1.293355,1000
49442,0.0013261,1.3261,1000
49443,0.001474952,1.474952,1000
49444,0.000883939,0.883939,1000
49445,0.003461488,3.461488,1000
49446,0.004173671,4.173671,1000
49447,0.000679836,0.679836,1000
49448,0.001213013,1.213013,1000
49449,0.464608972,464.608972,1000
49450,0.043098088,43.098088,1000
49451,0.000936226,0.936226,1000
49452,0.000591906,0.591906,1000
49453,0.001071083,1.071083,1000
49454,0.015919314,15.919314,1000
49455,0.000478158,0.478158,1000
49456,0.00069811,0.69811,1000
49457,0.00078378,0.78378,1000
49458,0.064580577,64.580577,1000
49459,0.002671989,2.671989,1000
49461,0.000752131,0.752131,1000
49462,0.000272984,0.272984,1000
49463,0.000850147,0.850147,1000
49464,0.001383486,1.383486,1000
49465,0.10141969,101.41969,1000
49466,0.06457589,64.57589,1000
49467,0.000993186,0.993186,1000
49468,0.001411677,1.411677,1000
49469,0.001062541,1.062541,1000
49470,0.001520187,1.520187,1000
49471,0.008949452,8.949452,1000
49472,0.002444059,2.444059,1000
49473,0.001192579,1.192579,1000
49474,0.000783709,0.783709,1000
49475,0.000387439,0.387439,1000
49476,0.001746026,1.746026,1000
49477,0.0010329,1.0329,1000
49478,0.00464797,4.64797,1000
49479,0.001018774,1.018774,1000
49480,0.001127653,1.127653,1000
49481,0.002091546,2.091546,1000
49482,0.00104638,1.04638,1000
49483,0.003984983,3.984983,1000
49484,0.001138634,1.138634,1000
49485,0.002506347,2.506347,1000
49486,0.003481075,3.481075,1000
49487,0.000963771,0.963771,1000
49488,0.001385491,1.385491,1000
49489,0.001130179,1.130179,1000
49490,0.001488002,1.488002,1000
49491,0.000832195,0.832195,1000
49492,0.000834999,0.834999,1000
49493,0.008617144,8.617144,1000
49494,0.000795272,0.795272,1000
49495,0.001370542,1.370542,1000
49496,0.000844272,0.844272,1000
49497,0.001169202,1.169202,1000
49498,0.001362431,1.362431,1000
49499,0.001043007,1.043007,1000
49500,0.071431982,71.431982,1000
49501,0.001147504,1.147504,1000
49502,0.00103168,1.03168,1000
49503,0.001707002,1.707002,1000
49504,0.000812703,0.812703,1000
49505,0.00120977,1.20977,1000
49506,0.062886509,62.886509,1000
49507,0.00038262,0.38262,1000
49508,0.00081475,0.81475,1000
49509,0.017018949,17.018949,1000
49510,0.000772579,0.772579,1000
49511,0.001042817,1.042817,1000
49512,0.001267483,1.267483,1000
49513,0.000896039,0.896039,1000
49514,0.000604027,0.604027,1000
49515,0.002739665,2.739665,1000
49516,0.000728433,0.728433,1000
49517,0.004062859,4.062859,1000
49518,0.000607421,0.607421,1000
49519,0.000896944,0.896944,1000
49520,0.039996364,39.996364,1000
49521,0.000948554,0.948554,1000
49522,0.000996726,0.996726,1000
49523,0.057267501,57.267501,1000
49524,0.001520388,1.520388,1000
49525,0.000588117,0.588117,1000
49526,0.004701791,4.701791,1000
49527,0.010551134,10.551134,1000
49528,0.000993186,0.993186,1000
49529,0.030617415,30.617415,1000
49530,0.000341965,0.341965,1000
49531,0.000578423,0.578423,1000
49532,0.002829373,2.829373,1000
49533,0.000922223,0.922223,1000
49534,0.001186881,1.186881,1000
49535,0.012186757,12.186757,1000
49536,0.010383544,10.383544,1000
49537,0.000489925,0.489925,1000
49538,0.005225401,5.225401,1000
49539,0.000757642,0.757642,1000
49540,0.000557137,0.557137,1000
49541,0.001057419,1.057419,1000
49542,0.001062519,1.062519,1000
49543,0.00061085,0.61085,1000
49544,0.003799636,3.799636,1000
49545,0.016282475,16.282475,1000
49546,0.000318911,0.318911,1000
49547,0.003071304,3.071304,1000
49548,0.0015123,1.5123,1000
49549,0.00087933,0.87933,1000
49550,0.000452808,0.452808,1000
49551,0.00103168,1.03168,1000
49552,0.001067959,1.067959,1000
49553,0.000660989,0.660989,1000
49554,0.001555514,1.555514,1000
49555,0.000977131,0.977131,1000
49556,0.001042979,1.042979,1000
49557,0.001025539,1.025539,1000
49558,0.246763446,246.763446,1000
49559,0.572187316,572.187316,1000
49560,0.001141219,1.141219,1000
49561,0.001134919,1.134919,1000
49562,0.00054404,0.54404,1000
49563,0.001339507,1.339507,1000
49564,0.001168084,1.168084,1000
49565,0.026811317,26.811317,1000
49566,0.000736054,0.736054,1000
49567,0.001043807,1.043807,1000
49568,0.001247679,1.247679,1000
49569,0.000747813,0.747813,1000
49570,0.001046602,1.046602,1000
49571,0.004067043,4.067043,1000
49572,0.009516037,9.516037,1000
49573,0.001071083,1.071083,1000
49574,0.005731026,5.731026,1000
49575,0.000439726,0.439726,1000
49576,0.011921122,11.921122,1000
49577,0.001896862,1.896862,1000
49578,0.000700265,0.700265,1000
49579,0.001147203,1.147203,1000
49580,0.001153677,1.153677,1000
49581,0.00063015,0.63015,1000
49582,0.000916974,0.916974,1000
49583,0.001147967,1.147967,1000
49584,0.000665175,0.665175,1000
49585,0.002610793,2.610793,1000
49586,0.010847783,10.847783,1000
49587,0.00082139,0.82139,1000
49588,0.000797603,0.797603,1000
49589,0.003932438,3.932438,1000
49590,0.001175134,1.175134,1000
49591,0.001093152,1.093152,1000
49592,0.144200753,144.200753,1000
49593,0.002593358,2.593358,1000
49594,0.056564142,56.564142,1000
49595,0.007071792,7.071792,1000
49596,0.000742142,0.742142,1000
49597,0.010940117,10.940117,1000
49598,0.003212747,3.212747,1000
49599,0.000676823,0.676823,1000
49600,0.002891229,2.891229,1000
49601,0.00086258,0.86258,1000
49602,0.004850043,4.850043,1000
49603,0.000989093,0.989093,1000
49604,0.000881061,0.881061,1000
49605,0.000738892,0.738892,1000
49606,0.004006489,4.006489,1000
49607,0.000757641,0.757641,1000
49608,0.000907756,0.907756,1000
49609,0.003615896,3.615896,1000
49610,0.0015091,1.5091,1000
49611,0.000821397,0.821397,1000
49612,0.035884867,35.884867,1000
49613,0.001425888,1.425888,1000
49614,0.001152443,1.152443,1000
49615,0.001071083,1.071083,1000
49616,0.000657447,0.657447,1000
49617,0.000655742,0.655742,1000
49618,0.000631854,0.631854,1000
49619,0.001256536,1.256536,1000
49620,0.000806487,0.806487,1000
49621,0.000660001,0.660001,1000
49622,0.000629804,0.629804,1000
49623,0.00068185,0.68185,1000
49624,0.000777655,0.777655,1000
49625,0.000783777,0.783777,1000
49626,0.001251962,1.251962,1000
49627,0.000724505,0.724505,1000
49628,0.001746896,1.746896,1000
49629,0.003001735,3.001735,1000
49630,0.000785526,0.785526,1000
49631,0.00083083,0.83083,1000
49632,0.017654139,17.654139,1000
49633,0.001190442,1.190442,1000
49634,0.001606325,1.606325,1000
49635,0.000824288,0.824288,1000
49636,0.002005802,2.005802,1000
49637,0.045960357,45.960357,1000
49638,0.000903223,0.903223,1000
49639,0.000955023,0.955023,1000
49640,0.121353202,121.353202,1000
49641,0.000629793,0.629793,1000
49642,0.000946261,0.946261,1000
49643,0.001198754,1.198754,1000
49644,0.00105043,1.05043,1000
49645,0.043064772,43.064772,1000
49646,0.000725944,0.725944,1000
49647,0.001659688,1.659688,1000
49648,0.001029247,1.029247,1000
49649,0.003229541,3.229541,1000
49650,0.001409221,1.409221,1000
49651,0.001497469,1.497469,1000
49652,0.000684536,0.684536,1000
49653,0.000591915,0.591915,1000
49654,0.000895339,0.895339,1000
49655,0.00137604,1.37604,1000
49656,0.001210977,1.210977,1000
49657,0.001317901,1.317901,1000
49658,0.001598572,1.598572,1000
49659,0.000989446,0.989446,1000
49660,0.002700787,2.700787,1000
49661,0.002834174,2.834174,1000
49662,0.001480555,1.480555,1000
49663,0.000334807,0.334807,1000
49664,0.002088709,2.088709,1000
49665,0.000783777,0.783777,1000
49666,0.000877112,0.877112,1000
49667,0.00094995,0.94995,1000
49668,0.000695071,0.695071,1000
49669,0.001347778,1.347778,1000
49670,0.0003888,0.3888,1000
49671,0.000877091,0.877091,1000
49672,0.000823162,0.823162,1000
49673,0.00115367,1.15367,1000
49674,0.003528382,3.528382,1000
49675,0.001671933,1.671933,1000
49676,0.001203044,1.203044,1000
49677,0.001559591,1.559591,1000
49678,0.000807141,0.807141,1000
49679,0.000825966,0.825966,1000
49680,0.000591549,0.591549,1000
49681,0.00575011,5.75011,1000
49682,0.000752098,0.752098,1000
49683,0.001114062,1.114062,1000
49684,0.003264326,3.264326,1000
49685,0.000784814,0.784814,1000
49686,0.008554024,8.554024,1000
49687,0.001184545,1.184545,1000
49688,0.002135067,2.135067,1000
49689,0.001010745,1.010745,1000
49690,0.001029247,1.029247,1000
49691,0.002564127,2.564127,1000
49692,0.002424634,2.424634,1000
49693,0.004881903,4.881903,1000
49694,0.001821889,1.821889,1000
49695,0.000623807,0.623807,1000
49696,0.000534326,0.534326,1000
49697,0.001748258,1.748258,1000
49698,0.000754701,0.754701,1000
49699,0.001658036,1.658036,1000
49700,0.001204929,1.204929,1000
49701,0.000458463,0.458463,1000
49702,0.000766326,0.766326,1000
49703,0.00098439,0.98439,1000
49704,0.001034726,1.034726,1000
49705,0.000952359,0.952359,1000
49706,0.038830665,38.830665,1000
49707,0.000607314,0.607314,1000
49708,0.00103168,1.03168,1000
49709,0.000783777,0.783777,1000
49710,0.000770759,0.770759,1000
49711,0.175251403,175.251403,1000
49712,0.000746246,0.746246,1000
49713,0.020199379,20.199379,1000
49714,0.00081312,0.81312,1000
49715,0.002936691,2.936691,1000
49716,0.000825966,0.825966,1000
49717,0.001217759,1.217759,1000
49718,0.000756242,0.756242,1000
49719,0.008521935,8.521935,1000
49720,0.0015091,1.5091,1000
49721,0.001205656,1.205656,1000
49722,0.001030211,1.030211,1000
49723,0.00076809,0.76809,1000
49724,0.000894084,0.894084,1000
49725,0.001043045,1.043045,1000
49726,0.000977131,0.977131,1000
49727,0.000821629,0.821629,1000
49728,0.000881837,0.881837,1000
49729,0.002862527,2.862527,1000
49730,0.000848506,0.848506,1000
49731,0.000774673,0.774673,1000
49732,0.000473797,0.473797,1000
49733,0.002836895,2.836895,1000
49734,0.000743868,0.743868,1000
49735,0.002283392,2.283392,1000
49736,0.00083466,0.83466,1000
49737,0.000422932,0.422932,1000
49738,0.000394463,0.394463,1000
49739,0.010554926,10.554926,1000
49740,0.000873335,0.873335,1000
49741,0.001376162,1.376162,1000
49742,0.013465859,13.465859,1000
49743,0.004117455,4.117455,1000
49744,0.001004655,1.004655,1000
49745,0.001030942,1.030942,1000
49746,0.001982224,1.982224,1000
49747,0.000884126,0.884126,1000
49748,0.001596319,1.596319,1000
49749,0.000706328,0.706328,1000
49750,0.001020948,1.020948,1000
49751,0.000968047,0.968047,1000
49752,0.001331809,1.331809,1000
49753,0.003243761,3.243761,1000
49754,0.008806402,8.806402,1000
49755,0.002212364,2.212364,1000
49756,0.001185388,1.185388,1000
49757,0.001143068,1.143068,1000
49758,0.001281787,1.281787,1000
49759,0.000935513,0.935513,1000
49760,0.003668413,3.668413,1000
49761,0.001188194,1.188194,1000
49762,0.008648782,8.648782,1000
49763,0.001523885,1.523885,1000
49764,0.000724826,0.724826,1000
49765,0.000607242,0.607242,1000
49766,0.000353125,0.353125,1000
49767,0.000980731,0.980731,1000
49768,0.000957482,0.957482,1000
49769,0.000843201,0.843201,1000
49770,0.000694221,0.694221,1000
49771,0.001043007,1.043007,1000
49772,0.003254889,3.254889,1000
49773,0.210903139,210.903139,1000
49774,0.004201857,4.201857,1000
49775,0.002891673,2.891673,1000
49776,0.001042957,1.042957,1000
49777,0.000558267,0.558267,1000
49778,0.00103168,1.03168,1000
49779,0.000891712,0.891712,1000
49780,0.001595525,1.595525,1000
49781,0.002948173,2.948173,1000
49782,0.000904198,0.904198,1000
49783,0.001097456,1.097456,1000
49784,0.003011021,3.011021,1000
49785,0.000868291,0.868291,1000
49786,0.002097417,2.097417,1000
49787,0.040413469,40.413469,1000
49788,0.001506945,1.506945,1000
49789,0.000916071,0.916071,1000
49790,0.000984387,0.984387,1000
49791,0.000456053,0.456053,1000
49792,0.002143949,2.143949,1000
49793,0.001236935,1.236935,1000
49794,0.00118153,1.18153,1000
49795,0.001108178,1.108178,1000
49796,0.008749655,8.749655,1000
49797,0.051387755,51.387755,1000
49798,0.001319975,1.319975,1000
49799,0.007969269,7.969269,1000
49800,0.000993186,0.993186,1000
49801,0.001520187,1.520187,1000
49802,0.006603251,6.603251,1000
49803,0.000909482,0.909482,1000
49804,0.000367847,0.367847,1000
49805,0.001520388,1.520388,1000
49806,0.005035801,5.035801,1000
49807,0.00090779,0.90779,1000
49808,0.000819887,0.819887,1000
49810,0.001489853,1.489853,1000
49811,0.014971412,14.971412,1000
49812,0.004354913,4.354913,1000
49813,0.000704261,0.704261,1000
49814,0.003980469,3.980469,1000
49815,0.002411614,2.411614,1000
49816,0.026821944,26.821944,1000
49817,0.001112698,1.112698,1000
49818,0.000970498,0.970498,1000
49819,0.004681491,4.681491,1000
49820,0.001142113,1.142113,1000
49821,0.06457589,64.57589,1000
49822,0.000486913,0.486913,1000
49823,0.000669096,0.669096,1000
49824,0.000641058,0.641058,1000
49825,0.001153677,1.153677,1000
49826,0.002691465,2.691465,1000
49827,0.002291512,2.291512,1000
49828,0.005530092,5.530092,1000
49829,0.000878372,0.878372,1000
49830,0.001197731,1.197731,1000
49831,0.046495157,46.495157,1000
49832,0.00081312,0.81312,1000
49833,0.003074798,3.074798,1000
49834,0.159707427,159.707427,1000
49835,0.001010132,1.010132,1000
49836,0.000873696,0.873696,1000
49837,0.00343578,3.43578,1000
49838,0.010465023,10.465023,1000
49839,0.001397508,1.397508,1000
49840,0.000868789,0.868789,1000
49841,0.000732482,0.732482,1000
49842,0.00103168,1.03168,1000
49843,0.001456359,1.456359,1000
49844,0.001394043,1.394043,1000
49845,0.000783777,0.783777,1000
49846,0.000788325,0.788325,1000
49847,0.008890092,8.890092,1000
49848,0.064552953,64.552953,1000
49849,0.000936316,0.936316,1000
49850,0.002192512,2.192512,1000
49851,0.000844113,0.844113,1000
49852,0.000738251,0.738251,1000
49853,0.001598572,1.598572,1000
49854,0.000324337,0.324337,1000
49855,0.003704245,3.704245,1000
49856,0.001510527,1.510527,1000
49857,0.000665932,0.665932,1000
49858,0.000818879,0.818879,1000
49859,0.000926543,0.926543,1000
49860,0.000773792,0.773792,1000
49861,0.006558794,6.558794,1000
49862,0.001156202,1.156202,1000
49863,0.002597315,2.597315,1000
49864,0.002917451,2.917451,1000
49865,0.005618672,5.618672,1000
49866,0.019240195,19.240195,1000
49867,0.000778095,0.778095,1000
49868,0.000496799,0.496799,1000
49869,0.000426351,0.426351,1000
49870,0.00803996,8.03996,1000
49871,0.001496237,1.496237,1000
49872,0.000777561,0.777561,1000
49873,0.012402218,12.402218,1000
49874,0.00181097,1.81097,1000
49875,0.000749918,0.749918,1000
49876,0.00065423,0.65423,1000
49877,0.001029212,1.029212,1000
49878,0.001579571,1.579571,1000
49879,0.001256908,1.256908,1000
49880,0.000958149,0.958149,1000
49881,0.00056461,0.56461,1000
49882,0.001201439,1.201439,1000
49883,0.000836516,0.836516,1000
49884,0.001433365,1.433365,1000
49885,0.002624505,2.624505,1000
49886,0.001524335,1.524335,1000
49887,0.000591254,0.591254,1000
49888,0.000568075,0.568075,1000
49889,0.002968028,2.968028,1000
49890,0.000937243,0.937243,1000
49891,0.001478579,1.478579,1000
49892,0.001202074,1.202074,1000
49893,0.001385374,1.385374,1000
49894,0.003067268,3.067268,1000
49895,0.00165421,1.65421,1000
49896,0.004005573,4.005573,1000
49897,0.004883398,4.883398,1000
49898,0.000358721,0.358721,1000
49899,0.002679217,2.679217,1000
49900,0.001894988,1.894988,1000
49901,0.00124959,1.24959,1000
49902,0.000908723,0.908723,1000
49903,0.000986253,0.986253,1000
49904,0.000769933,0.769933,1000
49905,0.000656077,0.656077,1000
49906,0.00074893,0.74893,1000
49907,0.001012008,1.012008,1000
49908,0.001006227,1.006227,1000
49909,0.0014479,1.4479,1000
49910,0.019140334,19.140334,1000
49911,0.001071066,1.071066,1000
49912,0.000853278,0.853278,1000
49913,0.000560957,0.560957,1000
49914,0.075607201,75.607201,1000
49915,0.004478682,4.478682,1000
49916,0.246279309,246.279309,1000
49917,0.010144359,10.144359,1000
49918,0.00105785,1.05785,1000
49919,0.004292928,4.292928,1000
49920,0.001014983,1.014983,1000
49921,0.009321195,9.321195,1000
49922,0.001014983,1.014983,1000
49923,0.00069713,0.69713,1000
49924,0.00075907,0.75907,1000
49925,0.001315818,1.315818,1000
49926,0.595287691,595.287691,1000
49927,0.001108992,1.108992,1000
49928,0.009779622,9.779622,1000
49929,0.002922478,2.922478,1000
49930,0.06457589,64.57589,1000
49931,0.000663909,0.663909,1000
49932,0.001097456,1.097456,1000
49933,0.00127767,1.27767,1000
49934,0.002865888,2.865888,1000
49935,0.000955035,0.955035,1000
49936,0.000545657,0.545657,1000
49937,0.000895199,0.895199,1000
49938,0.000635854,0.635854,1000
49939,0.001197995,1.197995,1000
49940,0.000788861,0.788861,1000
49941,0.000761558,0.761558,1000
49942,0.000783777,0.783777,1000
49943,0.001059525,1.059525,1000
49944,0.007811795,7.811795,1000
49945,0.075134228,75.134228,1000
49946,0.001011936,1.011936,1000
49947,0.000455674,0.455674,1000
49948,0.000919411,0.919411,1000
49949,0.000785691,0.785691,1000
49950,0.001391069,1.391069,1000
49951,0.000408024,0.408024,1000
49952,0.002238675,2.238675,1000
49953,0.001598572,1.598572,1000
49954,0.000692752,0.692752,1000
49955,0.001633611,1.633611,1000
49956,0.000964089,0.964089,1000
49957,0.056193821,56.193821,1000
49958,0.007196927,7.196927,1000
49959,0.003068517,3.068517,1000
49960,0.000953595,0.953595,1000
49961,0.001062519,1.062519,1000
49962,0.001015484,1.015484,1000
49963,0.003444215,3.444215,1000
49964,0.000800576,0.800576,1000
49965,0.000993124,0.993124,1000
49966,0.001231023,1.231023,1000
49967,0.000705152,0.705152,1000
49968,0.003300985,3.300985,1000
49969,0.000245135,0.245135,1000
49970,0.000717355,0.717355,1000
49971,0.027449931,27.449931,1000
49972,0.000857945,0.857945,1000
49973,0.008198627,8.198627,1000
49974,0.001450406,1.450406,1000
49975,0.000915837,0.915837,1000
49976,0.003763114,3.763114,1000
49977,0.000721159,0.721159,1000
49978,0.001267517,1.267517,1000
49979,0.001608379,1.608379,1000
49980,0.002911417,2.911417,1000
49981,0.00100365,1.00365,1000
49982,0.000858221,0.858221,1000
49983,0.001989291,1.989291,1000
49984,0.000787395,0.787395,1000
49985,0.000783777,0.783777,1000
49986,0.000777706,0.777706,1000
49987,0.001237448,1.237448,1000
49988,0.018532219,18.532219,1000
49989,0.00081312,0.81312,1000
49990,0.001559877,1.559877,1000
49991,0.01005435,10.05435,1000
49992,0.00106935,1.06935,1000
49993,0.00104089,1.04089,1000
49994,0.001327991,1.327991,1000
49995,0.000878348,0.878348,1000
49996,0.001047423,1.047423,1000
49997,0.001032094,1.032094,1000
49998,0.002338505,2.338505,1000
49999,0.001423086,1.423086,1000
50000,0.001475366,1.475366,1000
50001,0.001030334,1.030334,1000
50002,0.003362657,3.362657,1000
50003,0.008146981,8.146981,1000
50004,0.001288235,1.288235,1000
50005,0.000852176,0.852176,1000
50006,0.000281027,0.281027,1000
50007,0.003299709,3.299709,1000
50008,0.000620003,0.620003,1000
50009,0.001520493,1.520493,1000
50010,0.001062502,1.062502,1000
50011,0.00182706,1.82706,1000
50012,0.023481748,23.481748,1000
50013,0.001354317,1.354317,1000
50014,0.039521293,39.521293,1000
50015,0.000990922,0.990922,1000
50016,0.002067536,2.067536,1000
50017,0.001052327,1.052327,1000
50018,0.000959647,0.959647,1000
50019,0.001164239,1.164239,1000
50020,0.000340751,0.340751,1000
50021,0.000999736,0.999736,1000
50022,0.000965633,0.965633,1000
50023,0.000601991,0.601991,1000
50024,0.008153177,8.153177,1000
50025,0.000697116,0.697116,1000
50026,0.003803377,3.803377,1000
50027,0.001433985,1.433985,1000
50028,0.001106106,1.106106,1000
50029,0.009204481,9.204481,1000
50030,0.000733872,0.733872,1000
50031,0.000770546,0.770546,1000
50032,0.001075343,1.075343,1000
50033,0.000647179,0.647179,1000
50034,0.003141645,3.141645,1000
50035,0.000891197,0.891197,1000
50036,0.011102095,11.102095,1000
50037,0.001749287,1.749287,1000
50038,0.016608943,16.608943,1000
50039,0.000872804,0.872804,1000
50040,0.001076281,1.076281,1000
50041,0.002961945,2.961945,1000
50042,0.000897417,0.897417,1000
50043,0.000845094,0.845094,1000
50044,0.000825966,0.825966,1000
50045,0.00678654,6.78654,1000
50046,0.001506501,1.506501,1000
50047,0.00104294,1.04294,1000
50048,0.000674506,0.674506,1000
50049,0.001016838,1.016838,1000
50050,0.000952113,0.952113,1000
50051,0.050726828,50.726828,1000
50052,0.000627096,0.627096,1000
50053,0.040122984,40.122984,1000
50054,0.026751443,26.751443,1000
50055,0.000748835,0.748835,1000
50056,0.001543564,1.543564,1000
50057,0.000825966,0.825966,1000
50058,0.000668361,0.668361,1000
50059,0.001505839,1.505839,1000
50060,0.004654507,4.654507,1000
50061,0.00148679,1.48679,1000
50062,0.001207975,1.207975,1000
50063,0.012463897,12.463897,1000
50064,0.000856719,0.856719,1000
50065,0.001062519,1.062519,1000
50066,0.00095244,0.95244,1000
50067,0.001169781,1.169781,1000
50068,0.009875378,9.875378,1000
50069,0.001525312,1.525312,1000
50070,0.001104592,1.104592,1000
50071,0.030829694,30.829694,1000
50072,0.000825969,0.825969,1000
50073,0.000818914,0.818914,1000
50074,0.003709637,3.709637,1000
50075,0.000731454,0.731454,1000
50076,0.001143068,1.143068,1000
50077,0.000711818,0.711818,1000
50078,0.000621531,0.621531,1000
50079,0.001256094,1.256094,1000
50080,0.00837811,8.37811,1000
50081,0.000928087,0.928087,1000
50082,0.001087225,1.087225,1000
50083,0.000981553,0.981553,1000
50084,0.008277951,8.277951,1000
50085,0.001054861,1.054861,1000
50086,0.04045801,40.45801,1000
50087,0.003039941,3.039941,1000
50088,0.000914226,0.914226,1000
50089,0.0011823,1.1823,1000
50090,0.595283003,595.283003,1000
50091,0.000993186,0.993186,1000
50092,0.003224381,3.224381,1000
50093,0.026929665,26.929665,1000
50094,0.000826604,0.826604,1000
50095,0.003200513,3.200513,1000
50096,0.010599226,10.599226,1000
50097,0.000635792,0.635792,1000
50098,0.000672563,0.672563,1000
50099,0.001141219,1.141219,1000
50100,0.009093443,9.093443,1000
50101,0.000772561,0.772561,1000
50102,0.003071998,3.071998,1000
50103,0.000931261,0.931261,1000
50104,0.003711064,3.711064,1000
50105,0.000749961,0.749961,1000
50106,0.000327053,0.327053,1000
50107,0.001100443,1.100443,1000
50108,0.005162495,5.162495,1000
50109,0.000914634,0.914634,1000
50110,0.001149588,1.149588,1000
50111,0.000828169,0.828169,1000
50112,0.002715164,2.715164,1000
50113,0.000999869,0.999869,1000
50114,0.001130304,1.130304,1000
50115,0.001897121,1.897121,1000
50116,0.001189863,1.189863,1000
50117,0.001006227,1.006227,1000
50118,0.000693646,0.693646,1000
50119,0.003571617,3.571617,1000
50120,0.000465012,0.465012,1000
50121,0.002843099,2.843099,1000
50122,0.001071083,1.071083,1000
50123,0.027621671,27.621671,1000
50124,0.001035087,1.035087,1000
50125,0.004218626,4.218626,1000
50126,0.001448693,1.448693,1000
50127,0.000825966,0.825966,1000
50128,0.001203396,1.203396,1000
50129,0.001036963,1.036963,1000
50130,0.008785604,8.785604,1000
50131,0.000575365,0.575365,1000
50132,0.001770916,1.770916,1000
50133,0.001104592,1.104592,1000
50134,0.001826577,1.826577,1000
50135,0.000790319,0.790319,1000
50136,0.001030073,1.030073,1000
50137,0.001382615,1.382615,1000
50138,0.000783777,0.783777,1000
50139,0.014831652,14.831652,1000
50140,0.00044498,0.44498,1000
50141,0.000858252,0.858252,1000
50142,0.000789457,0.789457,1000
50143,0.000523329,0.523329,1000
50144,0.00081312,0.81312,1000
50145,0.000608788,0.608788,1000
50146,0.00166625,1.66625,1000
50147,0.00407371,4.07371,1000
50148,0.000878349,0.878349,1000
50149,0.001902334,1.902334,1000
50150,0.000960809,0.960809,1000
50151,0.001006227,1.006227,1000
50152,0.00080499,0.80499,1000
50153,0.002792032,2.792032,1000
50154,0.001241046,1.241046,1000
50155,0.003545115,3.545115,1000
50156,0.001516855,1.516855,1000
50157,0.000821146,0.821146,1000
50158,0.001143024,1.143024,1000
50159,0.000867254,0.867254,1000
50160,0.000629627,0.629627,1000
50161,0.002700787,2.700787,1000
50162,0.000753455,0.753455,1000
50163,0.001520668,1.520668,1000
50164,0.002207987,2.207987,1000
50165,0.001062541,1.062541,1000
50166,0.000822921,0.822921,1000
50167,0.000924355,0.924355,1000
50168,0.000825966,0.825966,1000
50169,0.000713546,0.713546,1000
50170,0.000701775,0.701775,1000
50171,0.000718266,0.718266,1000
50172,0.000613559,0.613559,1000
50173,0.002870438,2.870438,1000
50174,0.000836666,0.836666,1000
50175,0.284427852,284.427852,1000
50176,0.001246342,1.246342,1000
50177,0.000911396,0.911396,1000
50178,0.026553362,26.553362,1000
50179,0.001284055,1.284055,1000
50180,0.000969253,0.969253,1000
50181,0.172009574,172.009574,1000
50182,0.000531894,0.531894,1000
50183,0.00109536,1.09536,1000
50184,0.000993124,0.993124,1000
50185,0.001134919,1.134919,1000
50186,0.000521633,0.521633,1000
50187,0.001553333,1.553333,1000
50188,0.001429148,1.429148,1000
50189,0.0006684,0.6684,1000
50190,0.194588522,194.588522,1000
50191,0.003507009,3.507009,1000
50192,0.001074458,1.074458,1000
50193,0.000652646,0.652646,1000
50194,0.000581607,0.581607,1000
50195,0.001044736,1.044736,1000
50196,0.001171521,1.171521,1000
50197,0.02767355,27.67355,1000
50198,0.008522453,8.522453,1000
50199,0.003320768,3.320768,1000
50200,0.056820224,56.820224,1000
50201,0.000805504,0.805504,1000
50202,0.003097173,3.097173,1000
50203,0.148753902,148.753902,1000
50204,0.001752908,1.752908,1000
50205,0.003216307,3.216307,1000
50206,0.12160876,121.60876,1000
50207,0.001052149,1.052149,1000
50208,0.001164163,1.164163,1000
50209,0.000954475,0.954475,1000
50210,0.001043007,1.043007,1000
50211,0.002706176,2.706176,1000
50212,0.001674654,1.674654,1000
50213,0.002061195,2.061195,1000
50214,0.000699938,0.699938,1000
50215,0.000545737,0.545737,1000
50216,0.000767202,0.767202,1000
50217,0.000872506,0.872506,1000
50218,0.001155282,1.155282,1000
50219,0.002011896,2.011896,1000
50220,0.003922219,3.922219,1000
50221,0.00111469,1.11469,1000
50222,0.001302402,1.302402,1000
50223,0.00093225,0.93225,1000
50224,0.001138494,1.138494,1000
50225,0.00103168,1.03168,1000
50226,0.006206816,6.206816,1000
50227,0.002971954,2.971954,1000
50228,0.000908973,0.908973,1000
50229,0.004290339,4.290339,1000
50230,0.000668867,0.668867,1000
50231,0.000402205,0.402205,1000
50232,0.368818447,368.818447,1000
50233,0.000783777,0.783777,1000
50234,0.001144266,1.144266,1000
50235,0.001108256,1.108256,1000
50236,0.00155939,1.55939,1000
50237,0.000780521,0.780521,1000
50238,0.016786007,16.786007,1000
50239,0.000917703,0.917703,1000
50240,0.000862108,0.862108,1000
50241,0.00081312,0.81312,1000
50242,0.001046744,1.046744,1000
50243,0.001292703,1.292703,1000
50244,0.000862171,0.862171,1000
50245,0.001584186,1.584186,1000
50246,0.001011936,1.011936,1000
50247,0.001054313,1.054313,1000
50248,0.000783777,0.783777,1000
50249,0.001218698,1.218698,1000
50250,0.001136936,1.136936,1000
50251,0.000845194,0.845194,1000
50252,0.00400975,4.00975,1000
50253,0.001102168,1.102168,1000
50254,0.000813123,0.813123,1000
50255,0.00081312,0.81312,1000
50257,0.000810413,0.810413,1000
50258,0.000547952,0.547952,1000
50259,0.001011936,1.011936,1000
50260,0.000835875,0.835875,1000
50261,0.000527598,0.527598,1000
50262,0.008879414,8.879414,1000
50263,0.001147812,1.147812,1000
50264,0.000260803,0.260803,1000
50265,0.000647392,0.647392,1000
50266,0.001437361,1.437361,1000
50267,0.001525076,1.525076,1000
50268,0.002362538,2.362538,1000
50269,0.002727353,2.727353,1000
50270,0.000795732,0.795732,1000
50271,0.000825966,0.825966,1000
50272,0.000710031,0.710031,1000
50273,0.064580577,64.580577,1000
50274,0.000534469,0.534469,1000
50275,0.001112991,1.112991,1000
50276,0.003389257,3.389257,1000
50277,0.000691068,0.691068,1000
50278,0.001171889,1.171889,1000
50279,0.002734724,2.734724,1000
50280,0.000610451,0.610451,1000
50281,0.00092399,0.92399,1000
50282,0.001192517,1.192517,1000
50283,0.000927109,0.927109,1000
50284,0.000754984,0.754984,1000
50285,0.002942032,2.942032,1000
50286,0.000763842,0.763842,1000
50287,0.001746247,1.746247,1000
50288,0.000897465,0.897465,1000
50289,0.001144266,1.144266,1000
50290,0.002834054,2.834054,1000
50291,0.000670753,0.670753,1000
50292,0.015094768,15.094768,1000
50293,0.000908998,0.908998,1000
50294,0.000377859,0.377859,1000
50295,0.002069536,2.069536,1000
50296,0.000891082,0.891082,1000
50297,0.000700658,0.700658,1000
50298,0.001010389,1.010389,1000
50299,0.000694761,0.694761,1000
50300,0.002312523,2.312523,1000
50301,0.001416113,1.416113,1000
50302,0.000455535,0.455535,1000
50303,0.004440499,4.440499,1000
50304,0.03450908,34.50908,1000
50305,0.00113397,1.13397,1000
50306,0.015766947,15.766947,1000
50307,0.001062569,1.062569,1000
50308,0.001720278,1.720278,1000
50309,0.000796954,0.796954,1000
50310,0.003432054,3.432054,1000
50311,0.000790569,0.790569,1000
50312,0.000937371,0.937371,1000
50313,0.000946425,0.946425,1000
50314,0.000922584,0.922584,1000
50315,0.00090948,0.90948,1000
50316,0.001312123,1.312123,1000
50317,0.001104592,1.104592,1000
50318,0.000873567,0.873567,1000
50319,0.001598268,1.598268,1000
50320,0.008026749,8.026749,1000
50321,0.000300454,0.300454,1000
50322,0.000646918,0.646918,1000
50323,0.04917422,49.17422,1000
50324,0.001011936,1.011936,1000
50325,0.000818475,0.818475,1000
50326,0.000730301,0.730301,1000
50327,0.000834999,0.834999,1000
50328,0.001392049,1.392049,1000
50329,0.000579781,0.579781,1000
50330,0.000577301,0.577301,1000
50331,0.001011936,1.011936,1000
50332,0.000604913,0.604913,1000
50333,0.000712908,0.712908,1000
50334,0.001047337,1.047337,1000
50335,0.000583353,0.583353,1000
50336,0.000905193,0.905193,1000
50337,0.114329678,114.329678,1000
50338,0.000806543,0.806543,1000
50339,0.001063852,1.063852,1000
50340,0.001229132,1.229132,1000
50341,0.001323992,1.323992,1000
50342,0.001125527,1.125527,1000
50343,0.000998515,0.998515,1000
50344,0.000478603,0.478603,1000
50345,0.003087716,3.087716,1000
50346,0.035718931,35.718931,1000
50347,0.001480195,1.480195,1000
50348,0.000689018,0.689018,1000
50349,0.000855639,0.855639,1000
50350,0.001071133,1.071133,1000
50351,0.001344589,1.344589,1000
50352,0.003532396,3.532396,1000
50353,0.000659724,0.659724,1000
50354,0.32542017,325.42017,1000
50355,0.000943737,0.943737,1000
50356,0.008304603,8.304603,1000
50357,0.00038347,0.38347,1000
50358,0.020577204,20.577204,1000
50359,0.042836942,42.836942,1000
50360,0.003106738,3.106738,1000
50361,0.020525974,20.525974,1000
50362,0.000690635,0.690635,1000
50363,0.000977163,0.977163,1000
50364,0.000745133,0.745133,1000
50365,0.075702173,75.702173,1000
50366,0.000847947,0.847947,1000
50367,0.001261664,1.261664,1000
50368,0.009495383,9.495383,1000
50369,0.00217644,2.17644,1000
50370,0.001913041,1.913041,1000
50371,0.00064759,0.64759,1000
50372,0.001416113,1.416113,1000
50373,0.00113232,1.13232,1000
50374,0.002137322,2.137322,1000
50375,0.001698634,1.698634,1000
50376,0.000692424,0.692424,1000
50377,0.001016838,1.016838,1000
50378,0.000549729,0.549729,1000
50379,0.001247608,1.247608,1000
50380,0.145438875,145.438875,1000
50381,0.000993186,0.993186,1000
50382,0.001215098,1.215098,1000
50383,0.0004896,0.4896,1000
50384,0.001330889,1.330889,1000
50385,0.001141219,1.141219,1000
50386,0.000638609,0.638609,1000
50387,0.062477582,62.477582,1000
50388,0.001011936,1.011936,1000
50389,0.000783777,0.783777,1000
50390,0.000553581,0.553581,1000
50391,0.002402504,2.402504,1000
50392,0.000584854,0.584854,1000
50393,0.001465742,1.465742,1000
50394,0.00138932,1.38932,1000
50395,0.001801105,1.801105,1000
50396,0.000731865,0.731865,1000
50397,0.001044721,1.044721,1000
50398,0.000443002,0.443002,1000
50399,0.000953995,0.953995,1000
50400,0.001311427,1.311427,1000
50401,0.000834917,0.834917,1000
50402,0.001135555,1.135555,1000
50403,0.001158113,1.158113,1000
50404,0.003200006,3.200006,1000
50405,0.00100882,1.00882,1000
50406,0.000999339,0.999339,1000
50407,0.00639622,6.39622,1000
50408,0.001042957,1.042957,1000
50409,0.008402055,8.402055,1000
50410,0.001378198,1.378198,1000
50411,0.070841811,70.841811,1000
50412,0.004745407,4.745407,1000
50413,0.000868523,0.868523,1000
50414,0.000873188,0.873188,1000
50415,0.001108501,1.108501,1000
50416,0.001134926,1.134926,1000
50417,0.001480613,1.480613,1000
50418,0.000258325,0.258325,1000
50419,0.003056033,3.056033,1000
50420,0.001371919,1.371919,1000
50421,0.00062853,0.62853,1000
50422,0.000628147,0.628147,1000
50423,0.011413632,11.413632,1000
50424,0.039975994,39.975994,1000
50425,0.000925328,0.925328,1000
50426,0.001071133,1.071133,1000
50427,0.000829177,0.829177,1000
50428,0.000721248,0.721248,1000
50429,0.001141219,1.141219,1000
50430,0.000762367,0.762367,1000
50431,0.000958577,0.958577,1000
50432,0.001356509,1.356509,1000
50433,0.002954188,2.954188,1000
50434,0.000964089,0.964089,1000
50435,0.000684626,0.684626,1000
50436,0.001458311,1.458311,1000
50437,0.00104294,1.04294,1000
50438,0.002117646,2.117646,1000
50439,0.001042957,1.042957,1000
50440,0.003108623,3.108623,1000
50441,0.001570037,1.570037,1000
50442,0.000741418,0.741418,1000
50443,0.001076934,1.076934,1000
50444,0.000593956,0.593956,1000
50445,0.001334072,1.334072,1000
50446,0.000993186,0.993186,1000
50447,0.001080001,1.080001,1000
50448,0.000603924,0.603924,1000
50449,0.00153273,1.53273,1000
50450,0.000966626,0.966626,1000
50451,0.000670002,0.670002,1000
50452,0.000835867,0.835867,1000
50453,0.00666092,6.66092,1000
50454,0.003052577,3.052577,1000
50455,0.000876404,0.876404,1000
50456,0.000995922,0.995922,1000
50457,0.001131634,1.131634,1000
50458,0.001551458,1.551458,1000
50459,0.00088773,0.88773,1000
50460,0.000967886,0.967886,1000
50461,0.001043007,1.043007,1000
50462,0.009986866,9.986866,1000
50463,0.001042957,1.042957,1000
50464,0.000729696,0.729696,1000
50465,0.002280579,2.280579,1000
50466,0.003129776,3.129776,1000
50467,0.000780545,0.780545,1000
50468,0.000905834,0.905834,1000
50469,0.000378257,0.378257,1000
50470,0.002587564,2.587564,1000
50471,0.00091247,0.91247,1000
50472,0.001667461,1.667461,1000
50473,0.000672494,0.672494,1000
50474,0.004370585,4.370585,1000
50475,0.001441113,1.441113,1000
50476,0.002706715,2.706715,1000
50477,0.006818598,6.818598,1000
50478,0.000906282,0.906282,1000
50479,0.001071083,1.071083,1000
50480,0.003519181,3.519181,1000
50481,0.000690222,0.690222,1000
50482,0.000306217,0.306217,1000
50483,0.000791045,0.791045,1000
50484,0.001555514,1.555514,1000
50485,0.00132985,1.32985,1000
50486,0.000577371,0.577371,1000
50487,0.013858749,13.858749,1000
50488,0.008321475,8.321475,1000
50489,0.000708132,0.708132,1000
50490,0.001160013,1.160013,1000
50491,0.000677459,0.677459,1000
50492,0.06457589,64.57589,1000
50493,0.000359504,0.359504,1000
50494,0.00081312,0.81312,1000
50495,0.002525505,2.525505,1000
50496,0.001143068,1.143068,1000
50497,0.000862105,0.862105,1000
50498,0.002790395,2.790395,1000
50499,0.000312356,0.312356,1000
50500,0.001114722,1.114722,1000
50501,0.000726719,0.726719,1000
50502,0.00081312,0.81312,1000
50503,0.000618411,0.618411,1000
50504,0.000429523,0.429523,1000
50505,0.000818658,0.818658,1000
50506,0.004134474,4.134474,1000
50507,0.001814316,1.814316,1000
50508,0.000605919,0.605919,1000
50509,0.008076793,8.076793,1000
50510,0.001159722,1.159722,1000
50511,0.000631404,0.631404,1000
50512,0.000993186,0.993186,1000
50513,0.000685986,0.685986,1000
50514,0.001420762,1.420762,1000
50515,0.000516401,0.516401,1000
50516,0.000316798,0.316798,1000
50517,0.001922524,1.922524,1000
50518,0.001368446,1.368446,1000
50519,0.000821889,0.821889,1000
50520,0.00073095,0.73095,1000
50521,0.00987858,9.87858,1000
50522,0.000677419,0.677419,1000
50523,0.00848619,8.48619,1000
50524,0.001607469,1.607469,1000
50525,0.000783777,0.783777,1000
50526,0.001843925,1.843925,1000
50527,0.000904403,0.904403,1000
50528,0.000878952,0.878952,1000
50529,0.001042957,1.042957,1000
50530,0.001060115,1.060115,1000
50531,0.001732465,1.732465,1000
50532,0.001607802,1.607802,1000
50533,0.000993186,0.993186,1000
50534,0.001592296,1.592296,1000
50535,0.000704661,0.704661,1000
50536,0.000748127,0.748127,1000
50537,0.001018268,1.018268,1000
50538,0.000960681,0.960681,1000
50539,0.001011936,1.011936,1000
50540,0.00078378,0.78378,1000
50541,0.000638262,0.638262,1000
50542,0.00081312,0.81312,1000
50543,0.001042288,1.042288,1000
50544,0.001670348,1.670348,1000
50545,0.000901287,0.901287,1000
50546,0.000900134,0.900134,1000
50547,0.001568799,1.568799,1000
50548,0.001015484,1.015484,1000
50549,0.001397097,1.397097,1000
50550,0.000497048,0.497048,1000
50551,0.015375712,15.375712,1000
50552,0.000874395,0.874395,1000
50553,0.002238371,2.238371,1000
50554,0.000756161,0.756161,1000
50555,0.122345677,122.345677,1000
50556,0.000744309,0.744309,1000
50557,0.000861438,0.861438,1000
50558,0.000986862,0.986862,1000
50559,0.000953545,0.953545,1000
50560,0.000773789,0.773789,1000
50561,0.024020496,24.020496,1000
50562,0.001107808,1.107808,1000
50563,0.000740302,0.740302,1000
50564,0.001253445,1.253445,1000
50565,0.006727489,6.727489,1000
50566,0.001989631,1.989631,1000
50567,0.000513598,0.513598,1000
50568,0.000834951,0.834951,1000
50569,0.001439695,1.439695,1000
50570,0.004444318,4.444318,1000
50571,0.000964089,0.964089,1000
50572,0.002066262,2.066262,1000
50573,0.00906826,9.06826,1000
50574,0.001656285,1.656285,1000
50575,0.000981982,0.981982,1000
50576,0.000780766,0.780766,1000
50577,0.00149445,1.49445,1000
50578,0.000842289,0.842289,1000
50580,0.000830458,0.830458,1000
50581,0.000778435,0.778435,1000
50582,0.012166969,12.166969,1000
50583,0.000648049,0.648049,1000
50584,0.002721111,2.721111,1000
50585,0.000966563,0.966563,1000
50586,0.001731926,1.731926,1000
50587,0.002780816,2.780816,1000
50588,0.000732992,0.732992,1000
50589,0.000540807,0.540807,1000
50590,0.001023035,1.023035,1000
50591,0.000781796,0.781796,1000
50592,0.027206877,27.206877,1000
50593,0.001466273,1.466273,1000
50594,0.000937243,0.937243,1000
50595,0.000630041,0.630041,1000
50596,0.012483452,12.483452,1000
50597,0.001188313,1.188313,1000
50598,0.004197241,4.197241,1000
50599,0.003043475,3.043475,1000
50600,0.001192779,1.192779,1000
50601,0.008662736,8.662736,1000
50602,0.0015596,1.5596,1000
50603,0.000779924,0.779924,1000
50604,0.000839334,0.839334,1000
50605,0.000922223,0.922223,1000
50606,0.001151,1.151,1000
50607,0.007964868,7.964868,1000
50608,0.000719017,0.719017,1000
50609,0.000599175,0.599175,1000
50610,0.00289408,2.89408,1000
50611,0.000938018,0.938018,1000
50612,0.000382975,0.382975,1000
50613,0.001368931,1.368931,1000
50614,0.001042979,1.042979,1000
50615,0.001120787,1.120787,1000
50616,0.000689908,0.689908,1000
50617,0.006296201,6.296201,1000
50618,0.001390748,1.390748,1000
50619,0.008506945,8.506945,1000
50620,0.000807726,0.807726,1000
50621,0.000811452,0.811452,1000
50622,0.000633898,0.633898,1000
50623,0.001288973,1.288973,1000
50624,0.001330889,1.330889,1000
50625,0.121431371,121.431371,1000
50626,0.00070301,0.70301,1000
50627,0.000990182,0.990182,1000
50628,0.00081312,0.81312,1000
50629,0.075807174,75.807174,1000
50630,0.000783777,0.783777,1000
50631,0.000693535,0.693535,1000
50632,0.000845767,0.845767,1000
50633,0.0011608,1.1608,1000
50634,0.0101873,10.1873,1000
50635,0.001106123,1.106123,1000
50636,0.000893334,0.893334,1000
50637,0.003150823,3.150823,1000
50638,0.00131633,1.31633,1000
50639,0.011350887,11.350887,1000
50640,0.011261141,11.261141,1000
50641,0.002207987,2.207987,1000
50642,0.000722432,0.722432,1000
50643,0.000889081,0.889081,1000
50644,0.000811153,0.811153,1000
50645,0.000911031,0.911031,1000
50646,0.000960952,0.960952,1000
50647,0.003212699,3.212699,1000
50648,0.000784494,0.784494,1000
50649,0.001154836,1.154836,1000
50650,0.004133999,4.133999,1000
50651,0.00361679,3.61679,1000
50652,0.000324414,0.324414,1000
50653,0.075078603,75.078603,1000
50654,0.001134352,1.134352,1000
50655,0.003210002,3.210002,1000
50656,0.01085812,10.85812,1000
50657,0.000501143,0.501143,1000
50658,0.008585542,8.585542,1000
50659,0.000591981,0.591981,1000
50660,0.000492552,0.492552,1000
50661,0.005482928,5.482928,1000
50662,0.000781674,0.781674,1000
50663,0.000596452,0.596452,1000
50664,0.00103168,1.03168,1000
50665,0.001804918,1.804918,1000
50666,0.035264494,35.264494,1000
50667,0.000934648,0.934648,1000
50668,0.000557101,0.557101,1000
50669,0.004793837,4.793837,1000
50670,0.000564088,0.564088,1000
50671,0.000565125,0.565125,1000
50672,0.000551737,0.551737,1000
50673,0.001094464,1.094464,1000
50674,0.00400975,4.00975,1000
50675,0.001165111,1.165111,1000
50676,0.001009075,1.009075,1000
50677,0.000750279,0.750279,1000
50678,0.000878807,0.878807,1000
50679,0.000867535,0.867535,1000
50680,0.000706099,0.706099,1000
50681,0.003512079,3.512079,1000
50682,0.000943945,0.943945,1000
50683,0.000937674,0.937674,1000
50684,0.000897885,0.897885,1000
50685,0.000659622,0.659622,1000
50686,0.017777002,17.777002,1000
50687,0.001002329,1.002329,1000
50688,0.001281726,1.281726,1000
50689,0.000993186,0.993186,1000
50690,0.000772579,0.772579,1000
50691,0.001517401,1.517401,1000
50692,0.000614823,0.614823,1000
50693,0.001116077,1.116077,1000
50694,0.000442163,0.442163,1000
50695,0.01097048,10.97048,1000
50696,0.001930572,1.930572,1000
50697,0.004079706,4.079706,1000
50698,0.000889123,0.889123,1000
50699,0.000909083,0.909083,1000
50700,0.000739999,0.739999,1000
50701,0.003058374,3.058374,1000
50702,0.002970965,2.970965,1000
50703,0.17387592,173.87592,1000
50704,0.001654793,1.654793,1000
50705,0.001613775,1.613775,1000
50706,0.000778459,0.778459,1000
50707,0.001369121,1.369121,1000
50708,0.001703005,1.703005,1000
50709,0.000603743,0.603743,1000
50710,0.000813333,0.813333,1000
50711,0.009316648,9.316648,1000
50712,0.00333197,3.33197,1000
50713,0.000937853,0.937853,1000
50714,0.00120856,1.20856,1000
50715,0.000547185,0.547185,1000
50716,0.00097007,0.97007,1000
50717,0.001293889,1.293889,1000
50718,0.001512173,1.512173,1000
50719,0.001108244,1.108244,1000
50720,0.000819097,0.819097,1000
50721,0.006879946,6.879946,1000
50722,0.001573137,1.573137,1000
50723,0.00412958,4.12958,1000
50724,0.005116353,5.116353,1000
50725,0.005364093,5.364093,1000
50726,0.001044721,1.044721,1000
50727,0.00132799,1.32799,1000
50728,0.004850705,4.850705,1000
50729,0.005210574,5.210574,1000
50730,0.000783572,0.783572,1000
50731,0.000817467,0.817467,1000
50732,0.0006444,0.6444,1000
50733,0.001044721,1.044721,1000
50734,0.001419303,1.419303,1000
50735,0.001088629,1.088629,1000
50736,0.004590337,4.590337,1000
50737,0.001139001,1.139001,1000
50738,0.00113745,1.13745,1000
50739,0.000805887,0.805887,1000
50740,0.000891726,0.891726,1000
50741,0.000998903,0.998903,1000
50742,0.001038427,1.038427,1000
50743,0.001182156,1.182156,1000
50745,0.000682216,0.682216,1000
50746,0.000948258,0.948258,1000
50747,0.000968149,0.968149,1000
50748,0.005946967,5.946967,1000
50749,0.000688519,0.688519,1000
50750,0.040781019,40.781019,1000
50751,0.000621957,0.621957,1000
50752,0.003462825,3.462825,1000
50753,0.00068722,0.68722,1000
50754,0.000993186,0.993186,1000
50755,0.000574949,0.574949,1000
50756,0.004014757,4.014757,1000
50757,0.001031079,1.031079,1000
50758,0.001144266,1.144266,1000
50759,0.000629824,0.629824,1000
50760,0.002221033,2.221033,1000
50761,0.028703453,28.703453,1000
50762,0.001061067,1.061067,1000
50763,0.000926618,0.926618,1000
50764,0.001062541,1.062541,1000
50765,0.000641015,0.641015,1000
50766,0.000337488,0.337488,1000
50767,0.000998349,0.998349,1000
50768,0.004080664,4.080664,1000
50769,0.000969304,0.969304,1000
50770,0.001062379,1.062379,1000
50771,0.000684333,0.684333,1000
50772,0.001133313,1.133313,1000
50773,0.001103068,1.103068,1000
50774,0.001141219,1.141219,1000
50775,0.001293399,1.293399,1000
50776,0.0014983,1.4983,1000
50777,0.000627117,0.627117,1000
50778,0.000665745,0.665745,1000
50779,0.001591988,1.591988,1000
50780,0.000692072,0.692072,1000
50781,0.00202005,2.02005,1000
50782,0.008516679,8.516679,1000
50783,0.001383865,1.383865,1000
50784,0.001181674,1.181674,1000
50785,0.000966442,0.966442,1000
50786,0.002217964,2.217964,1000
50787,0.000830093,0.830093,1000
50788,0.000921004,0.921004,1000
50789,0.00078484,0.78484,1000
50790,0.001324026,1.324026,1000
50791,0.536074432,536.074432,1000
50792,0.001062519,1.062519,1000
50793,0.001152443,1.152443,1000
50794,0.004800201,4.800201,1000
50795,0.00294847,2.94847,1000
50796,0.006656095,6.656095,1000
50797,0.000660708,0.660708,1000
50798,0.00099736,0.99736,1000
50799,0.000989072,0.989072,1000
50800,0.000713102,0.713102,1000
50801,0.021269438,21.269438,1000
50802,0.000582454,0.582454,1000
50803,0.000578551,0.578551,1000
50804,0.001893235,1.893235,1000
50805,0.000573299,0.573299,1000
50806,0.001598572,1.598572,1000
50807,0.001181081,1.181081,1000
50808,0.000992452,0.992452,1000
50809,0.003014944,3.014944,1000
50810,0.000901991,0.901991,1000
50811,0.0089025,8.9025,1000
50812,0.000718783,0.718783,1000
50813,0.016729764,16.729764,1000
50814,0.000743917,0.743917,1000
50815,0.001014435,1.014435,1000
50816,0.000746275,0.746275,1000
50817,0.001672295,1.672295,1000
50818,0.004200345,4.200345,1000
50819,0.025486678,25.486678,1000
50820,0.000824478,0.824478,1000
50821,0.000854476,0.854476,1000
50822,0.006828839,6.828839,1000
50823,0.001322564,1.322564,1000
50824,0.000936019,0.936019,1000
50825,0.001370073,1.370073,1000
50826,0.001412853,1.412853,1000
50827,0.007775725,7.775725,1000
50828,0.062235637,62.235637,1000
50829,0.001178342,1.178342,1000
50830,0.000753543,0.753543,1000
50831,0.000845085,0.845085,1000
50832,0.001104592,1.104592,1000
50833,0.001081154,1.081154,1000
50834,0.004058226,4.058226,1000
50835,0.000783777,0.783777,1000
50836,0.001153642,1.153642,1000
50837,0.001524059,1.524059,1000
50838,0.001250769,1.250769,1000
50839,0.00144628,1.44628,1000
50840,0.004398545,4.398545,1000
50841,0.000760906,0.760906,1000
50842,0.000267004,0.267004,1000
50843,0.000703846,0.703846,1000
50844,0.000825966,0.825966,1000
50845,0.000993186,0.993186,1000
50846,0.000726149,0.726149,1000
50847,0.001098609,1.098609,1000
50848,0.000474541,0.474541,1000
50849,0.000264039,0.264039,1000
50850,0.002932003,2.932003,1000
50851,0.026962186,26.962186,1000
50852,0.008232876,8.232876,1000
50853,0.000960681,0.960681,1000
50854,0.696609962,696.609962,1000
50855,0.000976535,0.976535,1000
50856,0.003075341,3.075341,1000
50857,0.00090842,0.90842,1000
50858,0.001182,1.182,1000
50859,0.015920093,15.920093,1000
50860,0.005943965,5.943965,1000
50861,0.001111361,1.111361,1000
50862,0.008930469,8.930469,1000
50863,0.005588583,5.588583,1000
50864,0.001329583,1.329583,1000
50865,0.000787446,0.787446,1000
50866,0.001028578,1.028578,1000
50867,0.000971789,0.971789,1000
50868,0.005288717,5.288717,1000
50869,0.003249069,3.249069,1000
50870,0.001039351,1.039351,1000
50871,0.000372068,0.372068,1000
50872,0.001151061,1.151061,1000
50873,0.000739649,0.739649,1000
50874,0.000578281,0.578281,1000
50875,0.000943105,0.943105,1000
50876,0.000514351,0.514351,1000
50877,0.000743131,0.743131,1000
50878,0.031726972,31.726972,1000
50879,0.00077325,0.77325,1000
50880,0.009694559,9.694559,1000
50881,0.000941557,0.941557,1000
50882,0.001144266,1.144266,1000
50883,0.000410042,0.410042,1000
50884,0.000566831,0.566831,1000
50885,0.003420972,3.420972,1000
50886,0.001373176,1.373176,1000
50887,0.003145566,3.145566,1000
50888,0.000655669,0.655669,1000
50889,0.285239661,285.239661,1000
50890,0.002537187,2.537187,1000
50891,0.000860216,0.860216,1000
50892,0.01332703,13.32703,1000
50893,0.001349769,1.349769,1000
50894,0.001002288,1.002288,1000
50895,0.00077921,0.77921,1000
50896,0.000812656,0.812656,1000
50897,0.001332825,1.332825,1000
50898,0.001274672,1.274672,1000
50899,0.008197689,8.197689,1000
50900,0.010990074,10.990074,1000
50901,0.001746026,1.746026,1000
50902,0.022011833,22.011833,1000
50903,0.001015687,1.015687,1000
50904,0.000648769,0.648769,1000
50905,0.000838666,0.838666,1000
50906,0.000630578,0.630578,1000
50907,0.001750714,1.750714,1000
50908,0.010952028,10.952028,1000
50909,0.016173589,16.173589,1000
50910,0.00114796,1.14796,1000
50911,0.003531562,3.531562,1000
50912,0.000422546,0.422546,1000
50913,0.003192969,3.192969,1000
50914,0.00418108,4.18108,1000
50915,0.00071792,0.71792,1000
50916,0.00078378,0.78378,1000
50917,0.001191256,1.191256,1000
50918,0.000983829,0.983829,1000
50919,0.010987254,10.987254,1000
50920,0.000783777,0.783777,1000
50921,0.001291543,1.291543,1000
50922,0.001098108,1.098108,1000
50923,0.002742727,2.742727,1000
50924,0.81855595,818.55595,1000
50925,0.001510527,1.510527,1000
50926,0.000817326,0.817326,1000
50927,0.003964917,3.964917,1000
50928,0.002843451,2.843451,1000
50929,0.000781808,0.781808,1000
50930,0.013830715,13.830715,1000
50931,0.000861396,0.861396,1000
50932,0.00078378,0.78378,1000
50933,0.001572013,1.572013,1000
50934,0.000824104,0.824104,1000
50935,0.001407039,1.407039,1000
50936,0.005933386,5.933386,1000
50937,0.001160546,1.160546,1000
50938,0.019375234,19.375234,1000
50939,0.004812874,4.812874,1000
50940,0.002204474,2.204474,1000
50941,0.00104294,1.04294,1000
50942,0.000867747,0.867747,1000
50943,0.003605513,3.605513,1000
50944,0.004204479,4.204479,1000
50945,0.002807789,2.807789,1000
50946,0.001134919,1.134919,1000
50947,0.000903683,0.903683,1000
50948,0.001061351,1.061351,1000
50949,0.001253746,1.253746,1000
50950,0.000800291,0.800291,1000
50951,0.000798789,0.798789,1000
50952,0.00081312,0.81312,1000
50953,0.001042817,1.042817,1000
50954,0.003132863,3.132863,1000
50955,0.003224374,3.224374,1000
50956,0.000885428,0.885428,1000
50957,0.00239245,2.39245,1000
50958,0.121222962,121.222962,1000
50959,0.000443172,0.443172,1000
50960,0.005194892,5.194892,1000
50961,0.000725594,0.725594,1000
50962,0.000993124,0.993124,1000
50963,0.000816878,0.816878,1000
50964,0.000742142,0.742142,1000
50965,0.003241857,3.241857,1000
50966,0.001006227,1.006227,1000
50967,0.00160466,1.60466,1000
50968,0.000753543,0.753543,1000
50969,0.003436844,3.436844,1000
50970,0.00137604,1.37604,1000
50971,0.001782266,1.782266,1000
50972,0.00114829,1.14829,1000
50973,0.001111805,1.111805,1000
50974,0.00285556,2.85556,1000
50975,0.00152969,1.52969,1000
50976,0.009385276,9.385276,1000
50977,0.000935513,0.935513,1000
50978,0.002545749,2.545749,1000
50979,0.001525076,1.525076,1000
50980,0.002212675,2.212675,1000
50981,0.000921004,0.921004,1000
50982,0.002903633,2.903633,1000
50983,0.000926259,0.926259,1000
50984,0.00081312,0.81312,1000
50985,0.001334149,1.334149,1000
50986,0.121878376,121.878376,1000
50987,0.000830307,0.830307,1000
50988,0.001079233,1.079233,1000
50989,0.006012097,6.012097,1000
50990,0.001555783,1.555783,1000
50991,0.001366454,1.366454,1000
50992,0.000742814,0.742814,1000
50993,0.00053881,0.53881,1000
50994,0.000625336,0.625336,1000
50995,0.00081312,0.81312,1000
50996,0.000546773,0.546773,1000
50997,0.000805333,0.805333,1000
50998,0.000526867,0.526867,1000
50999,0.051814071,51.814071,1000
51000,0.000534357,0.534357,1000
51001,0.000951299,0.951299,1000
51002,0.001095294,1.095294,1000
51003,0.001044721,1.044721,1000
51004,0.000784219,0.784219,1000
51005,0.000864807,0.864807,1000
51006,0.008059485,8.059485,1000
51007,0.001619856,1.619856,1000
51008,0.001802974,1.802974,1000
51009,0.002879688,2.879688,1000
51010,0.000934873,0.934873,1000
51011,0.001062519,1.062519,1000
51012,0.00062605,0.62605,1000
51013,0.003126507,3.126507,1000
51014,0.0009694,0.9694,1000
51015,0.002719741,2.719741,1000
51016,0.000849029,0.849029,1000
51017,0.000730167,0.730167,1000
51018,0.001677744,1.677744,1000
51019,0.026841366,26.841366,1000
51020,0.001552939,1.552939,1000
51021,0.000574332,0.574332,1000
51022,0.000928251,0.928251,1000
51023,0.000793679,0.793679,1000
51024,0.293564308,293.564308,1000
51025,0.15183834,151.83834,1000
51026,0.148798171,148.798171,1000
51027,0.097231307,97.231307,1000
51028,0.001042979,1.042979,1000
51029,0.003126692,3.126692,1000
51030,0.000948075,0.948075,1000
51031,0.000645876,0.645876,1000
51032,0.000822439,0.822439,1000
51033,0.001042979,1.042979,1000
51034,0.093508047,93.508047,1000
51035,0.000884062,0.884062,1000
51036,0.001512117,1.512117,1000
51037,0.000977811,0.977811,1000
51038,0.002790898,2.790898,1000
51039,0.002887496,2.887496,1000
51040,0.001071105,1.071105,1000
51041,0.001141219,1.141219,1000
51042,0.000810208,0.810208,1000
51043,0.025700833,25.700833,1000
51044,0.000701789,0.701789,1000
51045,0.000813123,0.813123,1000
51046,0.000741897,0.741897,1000
51047,0.002349462,2.349462,1000
51048,0.001634001,1.634001,1000
51049,0.000840044,0.840044,1000
51050,0.000761674,0.761674,1000
51051,0.001006165,1.006165,1000
51052,0.000905668,0.905668,1000
51053,0.00089283,0.89283,1000
51054,0.000859882,0.859882,1000
51055,0.001071083,1.071083,1000
51056,0.001135698,1.135698,1000
51057,0.000891197,0.891197,1000
51058,0.000676014,0.676014,1000
51059,0.000783777,0.783777,1000
51060,0.00076777,0.76777,1000
51061,0.002145657,2.145657,1000
51062,0.000875017,0.875017,1000
51063,0.000955968,0.955968,1000
51064,0.000886393,0.886393,1000
51065,0.001324107,1.324107,1000
51066,0.000897439,0.897439,1000
51067,0.008011367,8.011367,1000
51068,0.000940226,0.940226,1000
51069,0.000610691,0.610691,1000
51070,0.001815873,1.815873,1000
51071,0.001011874,1.011874,1000
51072,0.001070572,1.070572,1000
51073,0.002769942,2.769942,1000
51074,0.00103168,1.03168,1000
51075,0.000672905,0.672905,1000
51076,0.000778394,0.778394,1000
51077,0.001042957,1.042957,1000
51078,0.00105043,1.05043,1000
51079,0.001396039,1.396039,1000
51080,0.000669651,0.669651,1000
51081,0.001006227,1.006227,1000
51082,0.000928088,0.928088,1000
51083,0.001316848,1.316848,1000
51084,0.000976813,0.976813,1000
51085,0.000782911,0.782911,1000
51086,0.000963039,0.963039,1000
51087,0.009308252,9.308252,1000
51088,0.001138871,1.138871,1000
51089,0.274160001,274.160001,1000
51090,0.001325102,1.325102,1000
51091,0.000714013,0.714013,1000
51092,0.00080002,0.80002,1000
51093,0.001049559,1.049559,1000
51094,0.001035603,1.035603,1000
51095,0.060512621,60.512621,1000
51096,0.000746528,0.746528,1000
51097,0.001510527,1.510527,1000
51098,0.000907575,0.907575,1000
51099,0.000753569,0.753569,1000
51100,0.001412178,1.412178,1000
51101,0.000830834,0.830834,1000
51102,0.009460648,9.460648,1000
51103,0.00128126,1.28126,1000
51104,0.000701103,0.701103,1000
51105,0.000353552,0.353552,1000
51106,0.000818846,0.818846,1000
51107,0.000800534,0.800534,1000
51108,0.003244871,3.244871,1000
51109,0.002979433,2.979433,1000
51110,0.001043883,1.043883,1000
51111,0.001138575,1.138575,1000
51112,0.000772412,0.772412,1000
51113,0.001350146,1.350146,1000
51114,0.00081312,0.81312,1000
51115,0.001148693,1.148693,1000
51116,0.002432814,2.432814,1000
51117,0.000332011,0.332011,1000
51118,0.000809569,0.809569,1000
51119,0.001385538,1.385538,1000
51120,0.000741108,0.741108,1000
51121,0.029956996,29.956996,1000
51122,0.005452441,5.452441,1000
51123,0.002760585,2.760585,1000
51124,0.002486369,2.486369,1000
51125,0.002760666,2.760666,1000
51126,0.001148693,1.148693,1000
51127,0.001011874,1.011874,1000
51128,0.000782666,0.782666,1000
51129,0.000416821,0.416821,1000
51130,0.001006227,1.006227,1000
51131,0.000622479,0.622479,1000
51132,0.002413369,2.413369,1000
51133,0.000993186,0.993186,1000
51134,0.001569911,1.569911,1000
51135,0.000879728,0.879728,1000
51136,0.000990556,0.990556,1000
51137,0.001090328,1.090328,1000
51138,0.001152443,1.152443,1000
51139,0.000394407,0.394407,1000
51140,0.000853845,0.853845,1000
51141,0.000830171,0.830171,1000
51142,0.003602489,3.602489,1000
51143,0.001023815,1.023815,1000
51144,0.000849008,0.849008,1000
51145,0.001082946,1.082946,1000
51146,0.001357758,1.357758,1000
51147,0.000568881,0.568881,1000
51148,0.001985181,1.985181,1000
51149,0.001687941,1.687941,1000
51150,0.002138038,2.138038,1000
51151,0.001218698,1.218698,1000
51152,0.000862466,0.862466,1000
51153,0.000614695,0.614695,1000
51154,0.001004872,1.004872,1000
51155,0.00071804,0.71804,1000
51156,0.000578367,0.578367,1000
51157,0.00104294,1.04294,1000
51158,0.000826658,0.826658,1000
51159,0.001342654,1.342654,1000
51160,0.000878617,0.878617,1000
51161,0.001084094,1.084094,1000
51162,0.000272497,0.272497,1000
51163,0.001021782,1.021782,1000
51164,0.004389591,4.389591,1000
51165,0.001222654,1.222654,1000
51166,0.000362638,0.362638,1000
51167,0.019119643,19.119643,1000
51168,0.000385545,0.385545,1000
51169,0.000677285,0.677285,1000
51170,0.000896338,0.896338,1000
51171,0.000805624,0.805624,1000
51172,0.00273603,2.73603,1000
51173,0.000868034,0.868034,1000
51174,0.013003742,13.003742,1000
51175,0.00084428,0.84428,1000
51176,0.001080367,1.080367,1000
51177,0.001242291,1.242291,1000
51178,0.000308025,0.308025,1000
51179,0.001112316,1.112316,1000
51180,0.000993186,0.993186,1000
51181,0.001006227,1.006227,1000
51182,0.002676222,2.676222,1000
51183,0.000846659,0.846659,1000
51184,0.001149588,1.149588,1000
51185,0.004932679,4.932679,1000
51187,0.003420841,3.420841,1000
51188,0.001147456,1.147456,1000
51189,0.001062519,1.062519,1000
51190,0.001049602,1.049602,1000
51191,0.001456359,1.456359,1000
51192,0.003430462,3.430462,1000
51193,0.001259229,1.259229,1000
51194,0.001139612,1.139612,1000
51195,0.000439077,0.439077,1000
51196,0.00293375,2.93375,1000
51197,0.000386919,0.386919,1000
51198,0.000747154,0.747154,1000
51199,0.000712743,0.712743,1000
51200,0.001108175,1.108175,1000
51201,0.040128697,40.128697,1000
51202,0.015840525,15.840525,1000
51203,0.001108214,1.108214,1000
51204,0.00090463,0.90463,1000
51205,0.001633611,1.633611,1000
51206,0.001448074,1.448074,1000
51207,0.000767995,0.767995,1000
51208,0.001292607,1.292607,1000
51209,0.00071039,0.71039,1000
51210,0.001097184,1.097184,1000
51211,0.087050017,87.050017,1000
51212,0.000990204,0.990204,1000
51213,0.00076709,0.76709,1000
51214,0.000629992,0.629992,1000
51215,0.00087525,0.87525,1000
51216,0.000988139,0.988139,1000
51217,0.000896154,0.896154,1000
51218,0.000783777,0.783777,1000
51219,0.005669341,5.669341,1000
51220,0.000777868,0.777868,1000
51221,0.000783777,0.783777,1000
51222,0.001108243,1.108243,1000
51223,0.000838086,0.838086,1000
51224,0.008350887,8.350887,1000
51225,0.003705423,3.705423,1000
51226,0.00102401,1.02401,1000
51227,0.02155957,21.55957,1000
51228,0.00326177,3.26177,1000
51229,0.007387999,7.387999,1000
51230,0.009150734,9.150734,1000
51231,0.001218926,1.218926,1000
51232,0.001033125,1.033125,1000
51233,0.000702194,0.702194,1000
51234,0.017172292,17.172292,1000
51235,0.000798789,0.798789,1000
51236,0.000823734,0.823734,1000
51237,0.000808323,0.808323,1000
51238,0.000688814,0.688814,1000
51239,0.000687963,0.687963,1000
51240,0.000982337,0.982337,1000
51241,0.000942819,0.942819,1000
51242,0.001385374,1.385374,1000
51243,0.000690193,0.690193,1000
51244,0.000824977,0.824977,1000
51245,0.000635363,0.635363,1000
51246,0.00074315,0.74315,1000
51247,0.00089081,0.89081,1000
51248,0.000737856,0.737856,1000
51249,0.000953545,0.953545,1000
51250,0.001116018,1.116018,1000
51251,0.000710883,0.710883,1000
51252,0.000953545,0.953545,1000
51253,0.000720851,0.720851,1000
51254,0.000605038,0.605038,1000
51255,0.001371919,1.371919,1000
51256,0.000641475,0.641475,1000
51257,0.001198722,1.198722,1000
51258,0.0006589,0.6589,1000
51259,0.003213263,3.213263,1000
51260,0.000995206,0.995206,1000
51261,0.000838412,0.838412,1000
51262,0.000759723,0.759723,1000
51263,0.004085605,4.085605,1000
51264,0.00087494,0.87494,1000
51265,0.00103168,1.03168,1000
51266,0.0006227,0.6227,1000
51267,0.001134919,1.134919,1000
51268,0.000779669,0.779669,1000
51269,0.000886225,0.886225,1000
51270,0.000780076,0.780076,1000
51271,0.001062541,1.062541,1000
51272,0.000703954,0.703954,1000
51273,0.000969067,0.969067,1000
51274,0.001029247,1.029247,1000
51275,0.001029247,1.029247,1000
51276,0.000765808,0.765808,1000
51277,0.001042288,1.042288,1000
51278,0.001354929,1.354929,1000
51279,0.001001009,1.001009,1000
51280,0.000518696,0.518696,1000
51281,0.000771323,0.771323,1000
51282,0.001043074,1.043074,1000
51283,0.001026773,1.026773,1000
51284,0.002946797,2.946797,1000
51285,0.00076436,0.76436,1000
51286,0.000919626,0.919626,1000
51287,0.00137604,1.37604,1000
51288,0.000828342,0.828342,1000
51289,0.001548993,1.548993,1000
51290,0.000885334,0.885334,1000
51291,0.0012265,1.2265,1000
51292,0.009767801,9.767801,1000
51293,0.001042979,1.042979,1000
51294,0.06457915,64.57915,1000
51295,0.00124978,1.24978,1000
51296,0.001062569,1.062569,1000
51297,0.003541109,3.541109,1000
51298,0.002406686,2.406686,1000
51299,0.00357304,3.57304,1000
51300,0.000422934,0.422934,1000
51301,0.001179871,1.179871,1000
51302,0.00161242,1.61242,1000
51303,0.069343116,69.343116,1000
51304,0.000954263,0.954263,1000
51305,0.001794629,1.794629,1000
51306,0.000861141,0.861141,1000
51307,0.001157665,1.157665,1000
51308,0.005275394,5.275394,1000
51309,0.000576382,0.576382,1000
51310,0.000862944,0.862944,1000
51311,0.001062495,1.062495,1000
51312,0.000907877,0.907877,1000
51313,0.000831541,0.831541,1000
51314,0.00086228,0.86228,1000
51315,0.000915848,0.915848,1000
51316,0.005298811,5.298811,1000
51317,0.001085232,1.085232,1000
51318,0.000674969,0.674969,1000
51319,0.000510287,0.510287,1000
51320,0.110355454,110.355454,1000
51321,0.001074472,1.074472,1000
51322,0.000917643,0.917643,1000
51323,0.000973309,0.973309,1000
51324,0.000976312,0.976312,1000
51325,0.00446657,4.46657,1000
51326,0.001570725,1.570725,1000
51327,0.000365904,0.365904,1000
51328,0.000937184,0.937184,1000
51329,0.000937184,0.937184,1000
51330,0.002050208,2.050208,1000
51331,0.004290534,4.290534,1000
51332,0.001042288,1.042288,1000
51333,0.000345508,0.345508,1000
51334,0.595283003,595.283003,1000
51335,0.000901282,0.901282,1000
51336,0.001129021,1.129021,1000
51337,0.000800218,0.800218,1000
51338,0.000735255,0.735255,1000
51339,0.0015091,1.5091,1000
51340,0.000429749,0.429749,1000
51341,0.001750714,1.750714,1000
51342,0.001062379,1.062379,1000
51343,0.000618877,0.618877,1000
51344,0.000953545,0.953545,1000
51345,0.000908981,0.908981,1000
51346,0.003304844,3.304844,1000
51347,0.001412853,1.412853,1000
51348,0.00104294,1.04294,1000
51349,0.001408263,1.408263,1000
51350,0.005363771,5.363771,1000
51351,0.000648905,0.648905,1000
51352,0.002361247,2.361247,1000
51353,0.008226462,8.226462,1000
51354,0.001006227,1.006227,1000
51355,0.001463022,1.463022,1000
51356,0.000824041,0.824041,1000
51357,0.000653639,0.653639,1000
51358,0.00264895,2.64895,1000
51359,0.000560087,0.560087,1000
51360,0.000652122,0.652122,1000
51361,0.001241118,1.241118,1000
51362,0.000870545,0.870545,1000
51363,0.006637269,6.637269,1000
51364,0.247316164,247.316164,1000
51365,0.000888185,0.888185,1000
51366,0.000808103,0.808103,1000
51367,0.001141219,1.141219,1000
51368,0.001911711,1.911711,1000
51369,0.000642298,0.642298,1000
51370,0.001011936,1.011936,1000
51371,0.000592761,0.592761,1000
51372,0.002901173,2.901173,1000
51373,0.001901525,1.901525,1000
51374,0.001223977,1.223977,1000
51375,0.000783113,0.783113,1000
51376,0.001044721,1.044721,1000
51377,0.001349175,1.349175,1000
51378,0.003141835,3.141835,1000
51379,0.002409033,2.409033,1000
51380,0.000524178,0.524178,1000
51381,0.000991836,0.991836,1000
51382,0.000522983,0.522983,1000
51383,0.000961126,0.961126,1000
51384,0.0009918,0.9918,1000
51385,0.284612845,284.612845,1000
51386,0.000654764,0.654764,1000
51387,0.00141982,1.41982,1000
51389,0.001055218,1.055218,1000
51390,0.246850818,246.850818,1000
51391,0.001228227,1.228227,1000
51392,0.00130329,1.30329,1000
51393,0.001311997,1.311997,1000
51394,0.000613562,0.613562,1000
51395,0.00084879,0.84879,1000
51396,0.000443721,0.443721,1000
51397,0.001746026,1.746026,1000
51398,0.001062519,1.062519,1000
51399,0.002529483,2.529483,1000
51400,0.000980731,0.980731,1000
51401,0.000947645,0.947645,1000
51402,0.004873953,4.873953,1000
51403,0.001334072,1.334072,1000
51404,0.000810208,0.810208,1000
51405,0.00081312,0.81312,1000
51406,0.00811381,8.11381,1000
51407,0.001062519,1.062519,1000
51408,0.001008091,1.008091,1000
51409,0.00316435,3.16435,1000
51410,0.001042817,1.042817,1000
51411,0.00075257,0.75257,1000
51412,0.002272351,2.272351,1000
51413,0.016639537,16.639537,1000
51414,0.000878068,0.878068,1000
51415,0.00124276,1.24276,1000
51416,0.151393273,151.393273,1000
51417,0.000782886,0.782886,1000
51418,0.000610341,0.610341,1000
51419,0.000648529,0.648529,1000
51420,0.000793584,0.793584,1000
51421,0.008302757,8.302757,1000
51422,0.00080323,0.80323,1000
51423,0.002675075,2.675075,1000
51424,0.000857316,0.857316,1000
51425,0.007674754,7.674754,1000
51426,0.000665961,0.665961,1000
51427,0.009138018,9.138018,1000
51428,0.001409129,1.409129,1000
51429,0.000791351,0.791351,1000
51430,0.001134926,1.134926,1000
51431,0.000751604,0.751604,1000
51432,0.001043007,1.043007,1000
51433,0.00202728,2.02728,1000
51434,0.000872716,0.872716,1000
51435,0.001989441,1.989441,1000
51436,0.005203207,5.203207,1000
51437,0.000574784,0.574784,1000
51438,0.001296291,1.296291,1000
51439,0.000794409,0.794409,1000
51440,0.000507765,0.507765,1000
51441,0.00075238,0.75238,1000
51442,0.000635285,0.635285,1000
51443,0.005738997,5.738997,1000
51444,0.001042957,1.042957,1000
51445,0.007881053,7.881053,1000
51446,0.000775637,0.775637,1000
51447,0.001257468,1.257468,1000
51448,0.0018467,1.8467,1000
51449,0.003539865,3.539865,1000
51450,0.000637471,0.637471,1000
51451,0.000938978,0.938978,1000
51452,0.000740024,0.740024,1000
51453,0.001068849,1.068849,1000
51454,0.000783777,0.783777,1000
51455,0.00085792,0.85792,1000
51456,0.000542187,0.542187,1000
51457,0.001059412,1.059412,1000
51458,0.001623754,1.623754,1000
51459,0.000945459,0.945459,1000
51460,0.001009591,1.009591,1000
51461,0.000813123,0.813123,1000
51462,0.00108617,1.08617,1000
51463,0.001062502,1.062502,1000
51464,0.000797405,0.797405,1000
51465,0.000633215,0.633215,1000
51466,0.000813124,0.813124,1000
51467,0.000882292,0.882292,1000
51468,0.000712007,0.712007,1000
51469,0.001071083,1.071083,1000
51470,0.00056235,0.56235,1000
51471,0.003506594,3.506594,1000
51472,0.001168271,1.168271,1000
51473,0.002850095,2.850095,1000
51474,0.0015091,1.5091,1000
51475,0.001678587,1.678587,1000
51476,0.000260794,0.260794,1000
51477,0.00485273,4.85273,1000
51478,0.00050264,0.50264,1000
51479,0.004231803,4.231803,1000
51480,0.000654225,0.654225,1000
51481,0.000981739,0.981739,1000
51482,0.00337109,3.37109,1000
51483,0.000937371,0.937371,1000
51484,0.000995922,0.995922,1000
51485,0.001331713,1.331713,1000
51486,0.000842597,0.842597,1000
51487,0.000678178,0.678178,1000
51488,0.001011936,1.011936,1000
51489,0.001556617,1.556617,1000
51490,0.000715979,0.715979,1000
51491,0.000943582,0.943582,1000
51492,0.000857356,0.857356,1000
51493,0.001050293,1.050293,1000
51494,0.001071066,1.071066,1000
51495,0.001038938,1.038938,1000
51496,0.008804959,8.804959,1000
51497,0.00575222,5.75222,1000
51498,0.00620075,6.20075,1000
51499,0.000845485,0.845485,1000
51500,0.041062282,41.062282,1000
51501,0.00084762,0.84762,1000
51502,0.001684903,1.684903,1000
51503,0.054660548,54.660548,1000
51504,0.000532846,0.532846,1000
51505,0.001086832,1.086832,1000
51506,0.016666116,16.666116,1000
51507,0.000788983,0.788983,1000
51508,0.000679536,0.679536,1000
51509,0.000860282,0.860282,1000
51510,0.121562442,121.562442,1000
51511,0.000812963,0.812963,1000
51512,0.056292285,56.292285,1000
51513,0.001632574,1.632574,1000
51514,0.001922015,1.922015,1000
51515,0.019810668,19.810668,1000
51516,0.000722101,0.722101,1000
51517,0.000913569,0.913569,1000
51518,0.001112285,1.112285,1000
51519,0.000597301,0.597301,1000
51520,0.000836824,0.836824,1000
51521,0.00129343,1.29343,1000
51522,0.000803514,0.803514,1000
51523,0.000871709,0.871709,1000
51524,0.008361792,8.361792,1000
51525,0.000758129,0.758129,1000
51526,0.00081312,0.81312,1000
51527,0.00326149,3.26149,1000
51528,0.000825966,0.825966,1000
51529,0.001691963,1.691963,1000
51530,0.017221427,17.221427,1000
51531,0.000862045,0.862045,1000
51532,0.000600031,0.600031,1000
51533,0.001554334,1.554334,1000
51534,0.00086658,0.86658,1000
51535,0.595287691,595.287691,1000
51536,0.014975949,14.975949,1000
51537,0.001480195,1.480195,1000
51538,0.001669417,1.669417,1000
51539,0.000845134,0.845134,1000
51540,0.001185064,1.185064,1000
51541,0.00076392,0.76392,1000
51542,0.001006227,1.006227,1000
51543,0.000937396,0.937396,1000
51544,0.000633733,0.633733,1000
51545,0.001919561,1.919561,1000
51546,0.003092685,3.092685,1000
51547,0.000788107,0.788107,1000
51548,0.000374432,0.374432,1000
51549,0.001062519,1.062519,1000
51550,0.00054319,0.54319,1000
51551,0.00081312,0.81312,1000
51552,0.001153642,1.153642,1000
51553,0.001042319,1.042319,1000
51554,0.000865098,0.865098,1000
51555,0.001386308,1.386308,1000
51556,0.000628361,0.628361,1000
51557,0.001044192,1.044192,1000
51558,0.000699666,0.699666,1000
51559,0.008053928,8.053928,1000
51560,0.001062201,1.062201,1000
51561,0.001402596,1.402596,1000
51562,0.000878348,0.878348,1000
51563,0.000819852,0.819852,1000
51564,0.000887863,0.887863,1000
51565,0.000825966,0.825966,1000
51566,0.00060827,0.60827,1000
51567,0.001596766,1.596766,1000
51568,0.000668595,0.668595,1000
51569,0.00159217,1.59217,1000
51570,0.001212852,1.212852,1000
51571,0.000993186,0.993186,1000
51572,0.000993124,0.993124,1000
51573,0.000748132,0.748132,1000
51574,0.001120428,1.120428,1000
51575,0.005445443,5.445443,1000
51576,0.001524997,1.524997,1000
51577,0.001592079,1.592079,1000
51578,0.00127176,1.27176,1000
51579,0.001042817,1.042817,1000
51580,0.001635587,1.635587,1000
51581,0.000632022,0.632022,1000
51582,0.000438668,0.438668,1000
51583,0.000620201,0.620201,1000
51584,0.001085275,1.085275,1000
51585,0.016180158,16.180158,1000
51586,0.00073733,0.73733,1000
51587,0.001042288,1.042288,1000
51588,0.011858706,11.858706,1000
51589,0.001291813,1.291813,1000
51590,0.000358318,0.358318,1000
51591,0.001006227,1.006227,1000
51592,0.231276774,231.276774,1000
51593,0.064580577,64.580577,1000
51594,0.001254668,1.254668,1000
51595,0.008578061,8.578061,1000
51596,0.001382519,1.382519,1000
51597,0.001043007,1.043007,1000
51598,0.06457589,64.57589,1000
51599,0.001484906,1.484906,1000
51600,0.000252223,0.252223,1000
51601,0.000908965,0.908965,1000
51602,0.001042817,1.042817,1000
51603,0.000833725,0.833725,1000
51604,0.004293599,4.293599,1000
51605,0.000921983,0.921983,1000
51606,0.00058405,0.58405,1000
51607,0.030836281,30.836281,1000
51608,0.001051991,1.051991,1000
51609,0.001190355,1.190355,1000
51610,0.000732977,0.732977,1000
51611,0.001102104,1.102104,1000
51612,0.003095296,3.095296,1000
51613,0.001290097,1.290097,1000
51614,0.000990072,0.990072,1000
51615,0.007979445,7.979445,1000
51616,0.001006227,1.006227,1000
51617,0.005834157,5.834157,1000
51618,0.00082845,0.82845,1000
51619,0.001038213,1.038213,1000
51620,0.008077532,8.077532,1000
51621,0.000997855,0.997855,1000
51622,0.000816319,0.816319,1000
51623,0.001599378,1.599378,1000
51624,0.000993186,0.993186,1000
51625,0.000862105,0.862105,1000
51626,0.002866302,2.866302,1000
51627,0.001103355,1.103355,1000
51628,0.001312558,1.312558,1000
51629,0.000719452,0.719452,1000
51630,0.001042979,1.042979,1000
51631,0.00162831,1.62831,1000
51632,0.001276942,1.276942,1000
51633,0.004066968,4.066968,1000
51634,0.000613477,0.613477,1000
51635,0.003113205,3.113205,1000
51636,0.001746026,1.746026,1000
51637,0.001426837,1.426837,1000
51638,0.000993186,0.993186,1000
51639,0.001153677,1.153677,1000
51640,0.001320834,1.320834,1000
51641,0.003032134,3.032134,1000
51642,0.000350784,0.350784,1000
51643,0.000761674,0.761674,1000
51644,0.369257451,369.257451,1000
51645,0.001108191,1.108191,1000
51646,0.036850735,36.850735,1000
51647,0.000429318,0.429318,1000
51648,0.000824357,0.824357,1000
51649,0.000825966,0.825966,1000
51650,0.000832929,0.832929,1000
51651,0.000963771,0.963771,1000
51652,0.001407798,1.407798,1000
51653,0.019897616,19.897616,1000
51654,0.001746026,1.746026,1000
51655,0.001009272,1.009272,1000
51656,0.000960622,0.960622,1000
51657,0.008613455,8.613455,1000
51658,0.003321525,3.321525,1000
51659,0.001374484,1.374484,1000
51660,0.00111353,1.11353,1000
51661,0.001613775,1.613775,1000
51662,0.00026385,0.26385,1000
51663,0.000727764,0.727764,1000
51664,0.004570926,4.570926,1000
51665,0.005431131,5.431131,1000
51666,0.000970456,0.970456,1000
51667,0.000908835,0.908835,1000
51668,0.000811391,0.811391,1000
51669,0.002614649,2.614649,1000
51670,0.001505839,1.505839,1000
51671,0.001034269,1.034269,1000
51672,0.001585547,1.585547,1000
51673,0.000578607,0.578607,1000
51674,0.0016098,1.6098,1000
51675,0.000607485,0.607485,1000
51676,0.001062519,1.062519,1000
51677,0.000462892,0.462892,1000
51678,0.002614753,2.614753,1000
51679,0.000988818,0.988818,1000
51680,0.008657922,8.657922,1000
51681,0.006392617,6.392617,1000
51682,0.000773715,0.773715,1000
51683,0.002084731,2.084731,1000
51684,0.040010576,40.010576,1000
51685,0.001129359,1.129359,1000
51686,0.000812963,0.812963,1000
51687,0.025951414,25.951414,1000
51688,0.000922223,0.922223,1000
51689,0.001523885,1.523885,1000
51690,0.000951724,0.951724,1000
51691,0.003798295,3.798295,1000
51692,0.001090264,1.090264,1000
51693,0.001070943,1.070943,1000
51694,0.006266059,6.266059,1000
51695,0.001453099,1.453099,1000
51696,0.001175398,1.175398,1000
51697,0.008405605,8.405605,1000
51698,0.006561758,6.561758,1000
51699,0.000931669,0.931669,1000
51700,0.000551777,0.551777,1000
51701,0.001198754,1.198754,1000
51702,0.000693871,0.693871,1000
51703,0.026831584,26.831584,1000
51704,0.001109718,1.109718,1000
51705,0.000712181,0.712181,1000
51706,0.002511834,2.511834,1000
51707,0.000395192,0.395192,1000
51708,0.000452932,0.452932,1000
51709,0.027566783,27.566783,1000
51710,0.00295343,2.95343,1000
51711,0.001113089,1.113089,1000
51712,0.002369796,2.369796,1000
51713,0.000289743,0.289743,1000
51714,0.017033107,17.033107,1000
51715,0.001508299,1.508299,1000
51716,0.000663238,0.663238,1000
51717,0.001487868,1.487868,1000
51718,0.037426248,37.426248,1000
51719,0.059448841,59.448841,1000
51720,0.058615783,58.615783,1000
51721,0.003037142,3.037142,1000
51722,0.056267914,56.267914,1000
51723,0.001024504,1.024504,1000
51724,0.00104294,1.04294,1000
51725,0.001843817,1.843817,1000
51726,0.000946449,0.946449,1000
51727,0.000936321,0.936321,1000
51728,0.00179885,1.79885,1000
51729,0.000905517,0.905517,1000
51730,0.001137362,1.137362,1000
51731,0.000821133,0.821133,1000
51732,0.001318033,1.318033,1000
51733,0.000792756,0.792756,1000
51734,0.000678636,0.678636,1000
51735,0.000744464,0.744464,1000
51736,0.001188267,1.188267,1000
51737,0.00129916,1.29916,1000
51738,0.003306023,3.306023,1000
51739,0.000789457,0.789457,1000
51740,0.001319975,1.319975,1000
51741,0.004322231,4.322231,1000
51742,0.001879673,1.879673,1000
51743,0.001150188,1.150188,1000
51744,0.00059322,0.59322,1000
51745,0.001551458,1.551458,1000
51746,0.000912877,0.912877,1000
51747,0.01171247,11.71247,1000
51748,0.000914156,0.914156,1000
51749,0.000861387,0.861387,1000
51750,0.000733188,0.733188,1000
51751,0.002919053,2.919053,1000
51752,0.000544004,0.544004,1000
51753,0.000683496,0.683496,1000
51754,0.004699952,4.699952,1000
51755,0.001133617,1.133617,1000
51756,0.026993937,26.993937,1000
51757,0.037408932,37.408932,1000
51758,0.008734137,8.734137,1000
51759,0.000787471,0.787471,1000
51760,0.000744154,0.744154,1000
51761,0.001281787,1.281787,1000
51762,0.000703949,0.703949,1000
51763,0.001006371,1.006371,1000
51764,0.001006165,1.006165,1000
51765,0.000993186,0.993186,1000
51766,0.000771665,0.771665,1000
51767,0.001065982,1.065982,1000
51768,0.000913385,0.913385,1000
51769,0.076495253,76.495253,1000
51770,0.001095128,1.095128,1000
51771,0.001441185,1.441185,1000
51772,0.001243259,1.243259,1000
51773,0.001270253,1.270253,1000
51774,0.000513099,0.513099,1000
51775,0.001263917,1.263917,1000
51776,0.000843795,0.843795,1000
51777,0.00057242,0.57242,1000
51778,0.000602352,0.602352,1000
51779,0.002911366,2.911366,1000
51780,0.00114829,1.14829,1000
51781,0.000520195,0.520195,1000
51782,0.008060429,8.060429,1000
51783,0.001159546,1.159546,1000
51784,0.001060406,1.060406,1000
51785,0.001024488,1.024488,1000
51786,0.010038202,10.038202,1000
51787,0.00117837,1.17837,1000
51788,0.000813867,0.813867,1000
51789,0.003006431,3.006431,1000
51790,0.00139984,1.39984,1000
51791,0.001205656,1.205656,1000
51792,0.001159537,1.159537,1000
51793,0.000814049,0.814049,1000
51794,0.008809256,8.809256,1000
51795,0.000656574,0.656574,1000
51796,0.008172507,8.172507,1000
51797,0.00090767,0.90767,1000
51798,0.012422743,12.422743,1000
51799,0.001352498,1.352498,1000
51800,0.000891409,0.891409,1000
51801,0.00160124,1.60124,1000
51802,0.00079426,0.79426,1000
51803,0.00155939,1.55939,1000
51804,0.00088115,0.88115,1000
51805,0.003965145,3.965145,1000
51806,0.000740396,0.740396,1000
51807,0.001499098,1.499098,1000
51808,0.369448643,369.448643,1000
51809,0.002939927,2.939927,1000
51810,0.002679405,2.679405,1000
51811,0.005663578,5.663578,1000
51812,0.000692415,0.692415,1000
51813,0.00888352,8.88352,1000
51814,0.008273812,8.273812,1000
51815,0.002700787,2.700787,1000
51816,0.000946726,0.946726,1000
51817,0.001091942,1.091942,1000
51818,0.001343886,1.343886,1000
51819,0.001135453,1.135453,1000
51820,0.045831642,45.831642,1000
51821,0.002488033,2.488033,1000
51822,0.001560215,1.560215,1000
51823,0.001629378,1.629378,1000
51824,0.009614196,9.614196,1000
51825,0.000963771,0.963771,1000
51826,0.001149588,1.149588,1000
51827,0.003416536,3.416536,1000
51828,0.003410674,3.410674,1000
51829,0.001218698,1.218698,1000
51830,0.090441651,90.441651,1000
51831,0.001375396,1.375396,1000
51832,0.000659394,0.659394,1000
51833,0.001556313,1.556313,1000
51834,0.000861396,0.861396,1000
51835,0.001042979,1.042979,1000
51836,0.001349769,1.349769,1000
51837,0.007246999,7.246999,1000
51838,0.000609283,0.609283,1000
51839,0.002069171,2.069171,1000
51840,0.003506139,3.506139,1000
51841,0.008015241,8.015241,1000
51842,0.005312859,5.312859,1000
51843,0.000824788,0.824788,1000
51844,0.002080443,2.080443,1000
51845,0.000757297,0.757297,1000
51846,0.000949915,0.949915,1000
51847,0.001211978,1.211978,1000
51848,0.00049253,0.49253,1000
51849,0.000806423,0.806423,1000
51850,0.004102592,4.102592,1000
51851,0.001750714,1.750714,1000
51852,0.250992613,250.992613,1000
51853,0.001116104,1.116104,1000
51854,0.057161822,57.161822,1000
51855,0.001062519,1.062519,1000
51856,0.000306657,0.306657,1000
51857,0.000784814,0.784814,1000
51858,0.02742193,27.42193,1000
51859,0.595266587,595.266587,1000
51860,0.000833512,0.833512,1000
51861,0.001151318,1.151318,1000
51862,0.000732338,0.732338,1000
51863,0.001246823,1.246823,1000
51864,0.000592422,0.592422,1000
51865,0.001451968,1.451968,1000
51866,0.000537957,0.537957,1000
51867,0.000881544,0.881544,1000
51868,0.001266572,1.266572,1000
51869,0.000382467,0.382467,1000
51870,0.003894848,3.894848,1000
51871,0.001306154,1.306154,1000
51872,0.00240252,2.40252,1000
51873,0.001179975,1.179975,1000
51874,0.001081715,1.081715,1000
51875,0.001115392,1.115392,1000
51876,0.001153677,1.153677,1000
51877,0.001634001,1.634001,1000
51878,0.000626863,0.626863,1000
51879,0.000710018,0.710018,1000
51880,0.001142425,1.142425,1000
51881,0.000973561,0.973561,1000
51882,0.000765758,0.765758,1000
51883,0.001167861,1.167861,1000
51884,0.001227134,1.227134,1000
51885,0.000713377,0.713377,1000
51886,0.008050331,8.050331,1000
51887,0.001071083,1.071083,1000
51888,0.010546426,10.546426,1000
51889,0.001116755,1.116755,1000
51890,0.000876299,0.876299,1000
51891,0.001457786,1.457786,1000
51892,0.000926879,0.926879,1000
51893,0.001071083,1.071083,1000
51894,0.011942226,11.942226,1000
51895,0.000845534,0.845534,1000
51896,0.000583417,0.583417,1000
51897,0.001115157,1.115157,1000
51898,0.001020173,1.020173,1000
51899,0.000854033,0.854033,1000
51900,0.001011874,1.011874,1000
51901,0.000846578,0.846578,1000
51902,0.000995156,0.995156,1000
51903,0.000980055,0.980055,1000
51904,0.001414068,1.414068,1000
51905,0.0013838,1.3838,1000
51906,0.001262389,1.262389,1000
51907,0.004964053,4.964053,1000
51908,0.030157061,30.157061,1000
51909,0.001131314,1.131314,1000
51910,0.008913553,8.913553,1000
51911,0.000622531,0.622531,1000
51912,0.001788934,1.788934,1000
51913,0.001062541,1.062541,1000
51914,0.001542492,1.542492,1000
51915,0.000795545,0.795545,1000
51916,0.000842334,0.842334,1000
51917,0.001760028,1.760028,1000
51918,0.001487009,1.487009,1000
51919,0.00103898,1.03898,1000
51920,0.000837149,0.837149,1000
51921,0.000971028,0.971028,1000
51922,0.000837149,0.837149,1000
51923,0.001070503,1.070503,1000
51924,0.001081154,1.081154,1000
51925,0.001006227,1.006227,1000
51926,0.000755511,0.755511,1000
51927,0.015994421,15.994421,1000
51928,0.001963928,1.963928,1000
51929,0.00901025,9.01025,1000
51930,0.001042288,1.042288,1000
51931,0.000887581,0.887581,1000
51932,0.000866809,0.866809,1000
51933,0.00157465,1.57465,1000
51934,0.000886378,0.886378,1000
51935,0.001304672,1.304672,1000
51936,0.000720515,0.720515,1000
51937,0.005200887,5.200887,1000
51938,0.001041789,1.041789,1000
51939,0.000806571,0.806571,1000
51940,0.001187942,1.187942,1000
51941,0.001108035,1.108035,1000
51942,0.000751902,0.751902,1000
51943,0.001173112,1.173112,1000
51944,0.012476852,12.476852,1000
51945,0.022341208,22.341208,1000
51946,0.000597421,0.597421,1000
51947,0.000394296,0.394296,1000
51948,0.00392694,3.92694,1000
51949,0.001199505,1.199505,1000
51950,0.001595339,1.595339,1000
51951,0.001052217,1.052217,1000
51952,0.000448992,0.448992,1000
51953,0.022034347,22.034347,1000
51954,0.001042957,1.042957,1000
51955,0.000779109,0.779109,1000
51956,0.000804528,0.804528,1000
51957,0.001275266,1.275266,1000
51958,0.000829364,0.829364,1000
51959,0.001116835,1.116835,1000
51960,0.001324896,1.324896,1000
51961,0.000650638,0.650638,1000
51962,0.001042957,1.042957,1000
51963,0.00069992,0.69992,1000
51964,0.000790509,0.790509,1000
51965,0.001746026,1.746026,1000
51966,0.003590746,3.590746,1000
51967,0.001194978,1.194978,1000
51968,0.001037371,1.037371,1000
51969,0.000882371,0.882371,1000
51970,0.002617107,2.617107,1000
51971,0.000893008,0.893008,1000
51972,0.000937396,0.937396,1000
51973,0.000511235,0.511235,1000
51974,0.000698623,0.698623,1000
51975,0.00070818,0.70818,1000
51976,0.001352487,1.352487,1000
51977,0.000806266,0.806266,1000
51978,0.013436756,13.436756,1000
51979,0.000961376,0.961376,1000
51980,0.000937243,0.937243,1000
51981,0.002746422,2.746422,1000
51982,0.003304975,3.304975,1000
51983,0.001157665,1.157665,1000
51984,0.003427428,3.427428,1000
51985,0.056999509,56.999509,1000
51986,0.001137589,1.137589,1000
51987,0.001316146,1.316146,1000
51988,0.000857303,0.857303,1000
51989,0.000603077,0.603077,1000
51990,0.000960536,0.960536,1000
51991,0.001656285,1.656285,1000
51992,0.000519798,0.519798,1000
51993,0.003387744,3.387744,1000
51994,0.001765191,1.765191,1000
51995,0.001044721,1.044721,1000
51996,0.000862207,0.862207,1000
51997,0.000918669,0.918669,1000
51998,0.001225449,1.225449,1000
51999,0.002676254,2.676254,1000
52000,0.002120206,2.120206,1000
52001,0.000965272,0.965272,1000
52002,0.001097456,1.097456,1000
52003,0.000882525,0.882525,1000
52004,0.001517401,1.517401,1000
52005,0.000706578,0.706578,1000
52006,0.001295745,1.295745,1000
52007,0.000983435,0.983435,1000
52008,0.000725635,0.725635,1000
52009,0.0039957,3.9957,1000
52010,0.001032367,1.032367,1000
52011,0.001139001,1.139001,1000
52012,0.000759066,0.759066,1000
52013,0.000693794,0.693794,1000
52014,0.002789609,2.789609,1000
52015,0.000799825,0.799825,1000
52016,0.000736845,0.736845,1000
52017,0.001063444,1.063444,1000
52018,0.002497187,2.497187,1000
52019,0.001656285,1.656285,1000
52020,0.000764869,0.764869,1000
52021,0.004451359,4.451359,1000
52022,0.000989163,0.989163,1000
52023,0.000734965,0.734965,1000
52024,0.00101366,1.01366,1000
52025,0.001491887,1.491887,1000
52026,0.005211031,5.211031,1000
52027,0.000753323,0.753323,1000
52028,0.000858252,0.858252,1000
52029,0.00484904,4.84904,1000
52030,0.000634694,0.634694,1000
52031,0.000673941,0.673941,1000
52032,0.000783777,0.783777,1000
52033,0.052884013,52.884013,1000
52034,0.000937371,0.937371,1000
52035,0.001517451,1.517451,1000
52036,0.000963775,0.963775,1000
52037,0.000620584,0.620584,1000
52038,0.001047367,1.047367,1000
52039,0.000268245,0.268245,1000
52040,0.003287122,3.287122,1000
52041,0.00164262,1.64262,1000
52042,0.026779371,26.779371,1000
52043,0.000912971,0.912971,1000
52044,0.004006489,4.006489,1000
52045,0.000880886,0.880886,1000
52046,0.000868597,0.868597,1000
52047,0.000993186,0.993186,1000
52048,0.008500682,8.500682,1000
52049,0.000875001,0.875001,1000
52050,0.000777241,0.777241,1000
52051,0.000729071,0.729071,1000
52052,0.000642946,0.642946,1000
52053,0.00081475,0.81475,1000
52054,0.002956613,2.956613,1000
52055,0.000716927,0.716927,1000
52056,0.000817687,0.817687,1000
52057,0.000772561,0.772561,1000
52058,0.000800291,0.800291,1000
52059,0.010813356,10.813356,1000
52060,0.000769495,0.769495,1000
52061,0.001299548,1.299548,1000
52062,0.003038871,3.038871,1000
52063,0.000722344,0.722344,1000
52064,0.001048845,1.048845,1000
52065,0.000662941,0.662941,1000
52066,0.000488439,0.488439,1000
52067,0.000808514,0.808514,1000
52068,0.00213306,2.13306,1000
52069,0.001062569,1.062569,1000
52070,0.001071066,1.071066,1000
52071,0.000846491,0.846491,1000
52072,0.213696903,213.696903,1000
52073,0.285480492,285.480492,1000
52074,0.001596766,1.596766,1000
52075,0.04568995,45.68995,1000
52076,0.000797471,0.797471,1000
52077,0.044910094,44.910094,1000
52078,0.001711678,1.711678,1000
52079,0.001240637,1.240637,1000
52080,0.001520309,1.520309,1000
52081,0.001057179,1.057179,1000
52082,0.002204544,2.204544,1000
52083,0.002527559,2.527559,1000
52084,0.000783777,0.783777,1000
52085,0.004972898,4.972898,1000
52086,0.000849164,0.849164,1000
52087,0.002824145,2.824145,1000
52088,0.001017002,1.017002,1000
52089,0.016786993,16.786993,1000
52090,0.001523042,1.523042,1000
52091,0.000764072,0.764072,1000
52092,0.001597145,1.597145,1000
52093,0.001020986,1.020986,1000
52094,0.000608597,0.608597,1000
52095,0.001307153,1.307153,1000
52096,0.001155743,1.155743,1000
52097,0.000865969,0.865969,1000
52098,0.001011936,1.011936,1000
52099,0.000906676,0.906676,1000
52100,0.001124571,1.124571,1000
52101,0.000706582,0.706582,1000
52102,0.001442774,1.442774,1000
52103,0.001601086,1.601086,1000
52104,0.001458761,1.458761,1000
52105,0.000743941,0.743941,1000
52106,0.000593029,0.593029,1000
52107,0.000368843,0.368843,1000
52108,0.000668927,0.668927,1000
52109,0.00089283,0.89283,1000
52110,0.001029405,1.029405,1000
52111,0.014124051,14.124051,1000
52112,0.001006227,1.006227,1000
52113,0.001297727,1.297727,1000
52114,0.000840189,0.840189,1000
52115,0.000589435,0.589435,1000
52116,0.000905982,0.905982,1000
52117,0.000768006,0.768006,1000
52118,0.001062379,1.062379,1000
52119,0.001019248,1.019248,1000
52120,0.000807565,0.807565,1000
52121,0.000700072,0.700072,1000
52122,0.00112727,1.12727,1000
52123,0.001748763,1.748763,1000
52124,0.000937243,0.937243,1000
52125,0.001246606,1.246606,1000
52126,0.000695071,0.695071,1000
52127,0.000770657,0.770657,1000
52128,0.002980071,2.980071,1000
52129,0.003262992,3.262992,1000
52130,0.000775947,0.775947,1000
52131,0.001484906,1.484906,1000
52132,0.002998213,2.998213,1000
52133,0.001042817,1.042817,1000
52134,0.001243907,1.243907,1000
52135,0.000664954,0.664954,1000
52136,0.000708415,0.708415,1000
52137,0.000607639,0.607639,1000
52138,0.00112596,1.12596,1000
52139,0.001043447,1.043447,1000
52140,0.001510043,1.510043,1000
52141,0.001025793,1.025793,1000
52142,0.000872585,0.872585,1000
52143,0.001124571,1.124571,1000
52144,0.000672224,0.672224,1000
52145,0.026737194,26.737194,1000
52146,0.000792421,0.792421,1000
52147,0.002165502,2.165502,1000
52148,0.00050371,0.50371,1000
52149,0.002865378,2.865378,1000
52150,0.005969892,5.969892,1000
52151,0.000659137,0.659137,1000
52152,0.002824637,2.824637,1000
52153,0.016121125,16.121125,1000
52154,0.000966811,0.966811,1000
52155,0.000873966,0.873966,1000
52156,0.000589512,0.589512,1000
52157,0.002809803,2.809803,1000
52158,0.003044384,3.044384,1000
52159,0.000799054,0.799054,1000
52160,0.000985227,0.985227,1000
52161,0.000441899,0.441899,1000
52162,0.003137115,3.137115,1000
52163,0.000905524,0.905524,1000
52164,0.001470028,1.470028,1000
52165,0.000575782,0.575782,1000
52166,0.00124478,1.24478,1000
52167,0.000934259,0.934259,1000
52168,0.0011074,1.1074,1000
52169,0.000641698,0.641698,1000
52170,0.000455291,0.455291,1000
52171,0.001510527,1.510527,1000
52172,0.001071105,1.071105,1000
52173,0.006660061,6.660061,1000
52174,0.00288682,2.88682,1000
52175,0.001118079,1.118079,1000
52176,0.00292357,2.92357,1000
52177,0.003264732,3.264732,1000
52178,0.010497748,10.497748,1000
52179,0.001383612,1.383612,1000
52180,0.000834401,0.834401,1000
52181,0.000786096,0.786096,1000
52182,0.001426093,1.426093,1000
52183,0.016459622,16.459622,1000
52184,0.00067774,0.67774,1000
52185,0.000614004,0.614004,1000
52186,0.003711064,3.711064,1000
52187,0.008116333,8.116333,1000
52188,0.00071761,0.71761,1000
52189,0.004941696,4.941696,1000
52190,0.00114796,1.14796,1000
52191,0.015862508,15.862508,1000
52192,0.000936659,0.936659,1000
52193,0.00289752,2.89752,1000
52194,0.000993186,0.993186,1000
52195,0.000674039,0.674039,1000
52196,0.000704767,0.704767,1000
52197,0.000496529,0.496529,1000
52198,0.001135572,1.135572,1000
52199,0.00814668,8.14668,1000
52200,0.000304083,0.304083,1000
52201,0.001151,1.151,1000
52202,0.000252231,0.252231,1000
52203,0.005914212,5.914212,1000
52204,0.000864669,0.864669,1000
52205,0.000831216,0.831216,1000
52206,0.001141772,1.141772,1000
52207,0.00210798,2.10798,1000
52208,0.000965187,0.965187,1000
52209,0.000421276,0.421276,1000
52210,0.002777949,2.777949,1000
52211,0.000770416,0.770416,1000
52212,0.000693646,0.693646,1000
52213,0.000964089,0.964089,1000
52214,0.00172909,1.72909,1000
52215,0.000954263,0.954263,1000
52216,0.000336174,0.336174,1000
52217,0.000732303,0.732303,1000
52218,0.008438609,8.438609,1000
52219,0.008663329,8.663329,1000
52220,0.008117044,8.117044,1000
52221,0.00554552,5.54552,1000
52222,0.001283805,1.283805,1000
52223,0.001373201,1.373201,1000
52224,0.000908471,0.908471,1000
52225,0.000783777,0.783777,1000
52226,0.000586574,0.586574,1000
52227,0.000946783,0.946783,1000
52228,0.003818676,3.818676,1000
52229,0.003202664,3.202664,1000
52230,0.000813192,0.813192,1000
52231,0.003846841,3.846841,1000
52232,0.000319232,0.319232,1000
52233,0.002877913,2.877913,1000
52234,0.00077402,0.77402,1000
52235,0.000896644,0.896644,1000
52236,0.012204113,12.204113,1000
52237,0.00241885,2.41885,1000
52238,0.0034495,3.4495,1000
52239,0.000806215,0.806215,1000
52240,0.00039931,0.39931,1000
52241,0.001173068,1.173068,1000
52242,0.000476483,0.476483,1000
52243,0.001325868,1.325868,1000
52244,0.000582667,0.582667,1000
52245,0.002829197,2.829197,1000
52246,0.001373201,1.373201,1000
52247,0.000876618,0.876618,1000
52248,0.00081312,0.81312,1000
52249,0.000890867,0.890867,1000
52250,0.00138256,1.38256,1000
52251,0.000854015,0.854015,1000
52252,0.000326305,0.326305,1000
52253,0.000640773,0.640773,1000
52254,0.000666753,0.666753,1000
52255,0.000736745,0.736745,1000
52256,0.00033457,0.33457,1000
52257,0.000492681,0.492681,1000
52258,0.000610022,0.610022,1000
52259,0.000991265,0.991265,1000
52260,0.000981851,0.981851,1000
52261,0.005313704,5.313704,1000
52262,0.004918775,4.918775,1000
52263,0.010755659,10.755659,1000
52264,0.000850416,0.850416,1000
52265,0.000654237,0.654237,1000
52266,0.000718502,0.718502,1000
52267,0.001181368,1.181368,1000
52268,0.000838068,0.838068,1000
52269,0.002304115,2.304115,1000
52270,0.000518278,0.518278,1000
52271,0.000714074,0.714074,1000
52272,0.000903109,0.903109,1000
52273,0.000858291,0.858291,1000
52274,0.000639945,0.639945,1000
52275,0.000358751,0.358751,1000
52276,0.000819666,0.819666,1000
52277,0.003161245,3.161245,1000
52278,0.000666551,0.666551,1000
52279,0.001888412,1.888412,1000
52280,0.001010701,1.010701,1000
52281,0.000567248,0.567248,1000
52282,0.000619599,0.619599,1000
52283,0.001984879,1.984879,1000
52284,0.000875195,0.875195,1000
52285,0.044995669,44.995669,1000
52286,0.001000476,1.000476,1000
52287,0.00100116,1.00116,1000
52288,0.000954263,0.954263,1000
52289,0.002308311,2.308311,1000
52290,0.002978475,2.978475,1000
52291,0.000676177,0.676177,1000
52292,0.003420567,3.420567,1000
52293,0.000997019,0.997019,1000
52294,0.002645169,2.645169,1000
52295,0.015313092,15.313092,1000
52296,0.001006227,1.006227,1000
52297,0.00081312,0.81312,1000
52298,0.001632638,1.632638,1000
52299,0.000811138,0.811138,1000
52300,0.001428828,1.428828,1000
52301,0.003152965,3.152965,1000
52302,0.00063843,0.63843,1000
52303,0.001123098,1.123098,1000
52304,0.001062541,1.062541,1000
52305,0.000746469,0.746469,1000
52306,0.001042979,1.042979,1000
52307,0.004108237,4.108237,1000
52308,0.001114929,1.114929,1000
52309,0.008287313,8.287313,1000
52310,0.001077932,1.077932,1000
52311,0.000252697,0.252697,1000
52312,0.000726965,0.726965,1000
52313,0.000848858,0.848858,1000
52314,0.000813123,0.813123,1000
52315,0.001611796,1.611796,1000
52316,0.001457786,1.457786,1000
52317,0.001178667,1.178667,1000
52318,0.002180977,2.180977,1000
52319,0.000559036,0.559036,1000
52320,0.001160836,1.160836,1000
52321,0.001089868,1.089868,1000
52322,0.000680502,0.680502,1000
52323,0.001044721,1.044721,1000
52324,0.000714496,0.714496,1000
52325,0.000594235,0.594235,1000
52326,0.001171166,1.171166,1000
52327,0.000993186,0.993186,1000
52328,0.001601863,1.601863,1000
52329,0.000707061,0.707061,1000
52330,0.006706255,6.706255,1000
52331,0.000321202,0.321202,1000
52332,0.000648316,0.648316,1000
52333,0.001399192,1.399192,1000
52334,0.001201539,1.201539,1000
52335,0.001064374,1.064374,1000
52336,0.000716234,0.716234,1000
52337,0.000511163,0.511163,1000
52338,0.00114796,1.14796,1000
52339,0.000813917,0.813917,1000
52340,0.000700265,0.700265,1000
52341,0.002835695,2.835695,1000
52342,0.000920004,0.920004,1000
52343,0.000349855,0.349855,1000
52344,0.000617044,0.617044,1000
52345,0.000768963,0.768963,1000
52346,0.003058216,3.058216,1000
52347,0.000942384,0.942384,1000
52348,0.000846901,0.846901,1000
52349,0.000262765,0.262765,1000
52350,0.000412875,0.412875,1000
52351,0.000557562,0.557562,1000
52352,0.001143068,1.143068,1000
52353,0.000730875,0.730875,1000
52354,0.000793351,0.793351,1000
52355,0.00067275,0.67275,1000
52356,0.001594327,1.594327,1000
52357,0.001388241,1.388241,1000
52358,0.001533464,1.533464,1000
52359,0.000993186,0.993186,1000
52360,0.001309551,1.309551,1000
52361,0.001609087,1.609087,1000
52362,0.000736906,0.736906,1000
52363,0.001598572,1.598572,1000
52364,0.000551145,0.551145,1000
52365,0.001609087,1.609087,1000
52366,0.001091954,1.091954,1000
52367,0.001105802,1.105802,1000
52368,0.000806427,0.806427,1000
52369,0.000878358,0.878358,1000
52370,0.003264764,3.264764,1000
52371,0.000760988,0.760988,1000
52372,0.001583563,1.583563,1000
52373,0.002885647,2.885647,1000
52374,0.000342794,0.342794,1000
52375,0.000783777,0.783777,1000
52376,0.002615227,2.615227,1000
52377,0.001042817,1.042817,1000
52378,0.001750714,1.750714,1000
52379,0.001615827,1.615827,1000
52380,0.000687494,0.687494,1000
52381,0.000735726,0.735726,1000
52382,0.000993186,0.993186,1000
52383,0.00114632,1.14632,1000
52384,0.001194978,1.194978,1000
52385,0.003222968,3.222968,1000
52386,0.000945032,0.945032,1000
52387,0.006323237,6.323237,1000
52388,0.000846058,0.846058,1000
52389,0.001144262,1.144262,1000
52390,0.002604815,2.604815,1000
52391,0.003031439,3.031439,1000
52392,0.002200836,2.200836,1000
52393,0.001560962,1.560962,1000
52394,0.000497209,0.497209,1000
52395,0.006830056,6.830056,1000
52396,0.008127972,8.127972,1000
52397,0.0014098,1.4098,1000
52398,0.000719002,0.719002,1000
52399,0.002840311,2.840311,1000
52400,0.000629652,0.629652,1000
52401,0.001242096,1.242096,1000
52402,0.000391826,0.391826,1000
52403,0.00084879,0.84879,1000
52404,0.003087048,3.087048,1000
52405,0.000825966,0.825966,1000
52406,0.001006165,1.006165,1000
52407,0.000723869,0.723869,1000
52408,0.001290171,1.290171,1000
52409,0.002894352,2.894352,1000
52410,0.00081312,0.81312,1000
52411,0.000813123,0.813123,1000
52412,0.010723934,10.723934,1000
52413,0.005248186,5.248186,1000
52414,0.001503882,1.503882,1000
52415,0.000584167,0.584167,1000
52416,0.004019335,4.019335,1000
52417,0.002413527,2.413527,1000
52418,0.001220848,1.220848,1000
52419,0.000895587,0.895587,1000
52420,0.000529039,0.529039,1000
52421,0.008138172,8.138172,1000
52422,0.001365751,1.365751,1000
52423,0.011793261,11.793261,1000
52424,0.008012028,8.012028,1000
52425,0.001046799,1.046799,1000
52426,0.001275669,1.275669,1000
52427,0.011791327,11.791327,1000
52428,0.001335576,1.335576,1000
52429,0.001327931,1.327931,1000
52430,0.020976983,20.976983,1000
52431,0.000545782,0.545782,1000
52432,0.000691193,0.691193,1000
52433,0.000748982,0.748982,1000
52434,0.000526679,0.526679,1000
52435,0.00101154,1.01154,1000
52436,0.000451739,0.451739,1000
52437,0.0024489,2.4489,1000
52438,0.001158012,1.158012,1000
52439,0.0014571,1.4571,1000
52440,0.019674217,19.674217,1000
52441,0.008004517,8.004517,1000
52442,0.003279472,3.279472,1000
52443,0.000880458,0.880458,1000
52444,0.00272651,2.72651,1000
52445,0.000772495,0.772495,1000
52446,0.000261266,0.261266,1000
52447,0.003109476,3.109476,1000
52448,0.002707956,2.707956,1000
52449,0.002309237,2.309237,1000
52450,0.19459321,194.59321,1000
52451,0.000983955,0.983955,1000
52452,0.001449468,1.449468,1000
52453,0.001168095,1.168095,1000
52454,0.000562529,0.562529,1000
52455,0.001033923,1.033923,1000
52456,0.000993186,0.993186,1000
52457,0.001042979,1.042979,1000
52458,0.000853252,0.853252,1000
52459,0.000573588,0.573588,1000
52460,0.001339226,1.339226,1000
52461,0.002700787,2.700787,1000
52462,0.000993186,0.993186,1000
52463,0.001209105,1.209105,1000
52464,0.000820725,0.820725,1000
52465,0.139909529,139.909529,1000
52466,0.001018402,1.018402,1000
52467,0.00104294,1.04294,1000
52468,0.000652201,0.652201,1000
52469,0.001209787,1.209787,1000
52470,0.000909008,0.909008,1000
52471,0.00094957,0.94957,1000
52472,0.000593195,0.593195,1000
52473,0.001367083,1.367083,1000
52474,0.00047109,0.47109,1000
52475,0.0005749,0.5749,1000
52476,0.001524892,1.524892,1000
52477,0.001071083,1.071083,1000
52478,0.000442255,0.442255,1000
52479,0.008176953,8.176953,1000
52480,0.000753543,0.753543,1000
52481,0.001637817,1.637817,1000
52482,0.00118534,1.18534,1000
52483,0.000743419,0.743419,1000
52484,0.001253392,1.253392,1000
52485,0.008701245,8.701245,1000
52486,0.002977237,2.977237,1000
52487,0.000982091,0.982091,1000
52488,0.000731513,0.731513,1000
52489,0.000715104,0.715104,1000
52490,0.000734632,0.734632,1000
52491,0.000745625,0.745625,1000
52492,0.000822002,0.822002,1000
52493,0.000880699,0.880699,1000
52494,0.000941618,0.941618,1000
52495,0.001805473,1.805473,1000
52496,0.001310258,1.310258,1000
52497,0.001419156,1.419156,1000
52498,0.001062379,1.062379,1000
52499,0.002852446,2.852446,1000
52500,0.000446916,0.446916,1000
52501,0.000598204,0.598204,1000
52502,0.003132442,3.132442,1000
52503,0.002954296,2.954296,1000
52504,0.001114226,1.114226,1000
52505,0.000595934,0.595934,1000
52506,0.001144266,1.144266,1000
52507,0.001042957,1.042957,1000
52508,0.002959164,2.959164,1000
52509,0.000759306,0.759306,1000
52510,0.000651696,0.651696,1000
52511,0.000571207,0.571207,1000
52512,0.001096676,1.096676,1000
52513,0.000907322,0.907322,1000
52514,0.001609087,1.609087,1000
52515,0.000728361,0.728361,1000
52516,0.000777241,0.777241,1000
52517,0.001011936,1.011936,1000
52518,0.000692997,0.692997,1000
52519,0.039417391,39.417391,1000
52520,0.00396565,3.96565,1000
52521,0.000779466,0.779466,1000
52522,0.001623754,1.623754,1000
52523,0.006862085,6.862085,1000
52524,0.001071105,1.071105,1000
52525,0.008799881,8.799881,1000
52526,0.090959351,90.959351,1000
52527,0.000872117,0.872117,1000
52528,0.001069119,1.069119,1000
52529,0.000905896,0.905896,1000
52530,0.001219863,1.219863,1000
52531,0.003521653,3.521653,1000
52532,0.016515607,16.515607,1000
52533,0.000921876,0.921876,1000
52534,0.000813736,0.813736,1000
52535,0.000685292,0.685292,1000
52536,0.008166364,8.166364,1000
52537,0.000967133,0.967133,1000
52538,0.006299045,6.299045,1000
52539,0.002240572,2.240572,1000
52540,0.000616317,0.616317,1000
52541,0.000330771,0.330771,1000
52542,0.001134571,1.134571,1000
52543,0.000623513,0.623513,1000
52544,0.001010018,1.010018,1000
52545,0.000980824,0.980824,1000
52546,0.001203109,1.203109,1000
52547,0.000753366,0.753366,1000
52548,0.001071083,1.071083,1000
52549,0.001019631,1.019631,1000
52550,0.002455435,2.455435,1000
52551,0.004532838,4.532838,1000
52552,0.001045251,1.045251,1000
52553,0.00305597,3.05597,1000
52554,0.001043074,1.043074,1000
52555,0.001073477,1.073477,1000
52556,0.000827694,0.827694,1000
52557,0.022954161,22.954161,1000
52558,0.001505497,1.505497,1000
52559,0.001013626,1.013626,1000
52560,0.000871891,0.871891,1000
52561,0.003079116,3.079116,1000
52562,0.002995855,2.995855,1000
52563,0.001456359,1.456359,1000
52564,0.000685924,0.685924,1000
52565,0.001499993,1.499993,1000
52566,0.000926547,0.926547,1000
52567,0.000914248,0.914248,1000
52568,0.000798001,0.798001,1000
52569,0.000813123,0.813123,1000
52570,0.00125679,1.25679,1000
52571,0.064580577,64.580577,1000
52572,0.000425948,0.425948,1000
52573,0.00051821,0.51821,1000
52574,0.000434182,0.434182,1000
52575,0.001893022,1.893022,1000
52576,0.000625537,0.625537,1000
52577,0.002047511,2.047511,1000
52578,0.000601013,0.601013,1000
52579,0.001167271,1.167271,1000
52580,0.000689669,0.689669,1000
52581,0.000813123,0.813123,1000
52582,0.000267269,0.267269,1000
52583,0.000889399,0.889399,1000
52584,0.003119973,3.119973,1000
52585,0.000993186,0.993186,1000
52586,0.000343267,0.343267,1000
52587,0.001553525,1.553525,1000
52588,0.001797952,1.797952,1000
52589,0.000993124,0.993124,1000
52590,0.00124739,1.24739,1000
52591,0.000845404,0.845404,1000
52592,0.000837493,0.837493,1000
52593,0.000846413,0.846413,1000
52594,0.000873931,0.873931,1000
52595,0.000681394,0.681394,1000
52596,0.000744464,0.744464,1000
52597,0.001009399,1.009399,1000
52598,0.000993186,0.993186,1000
52599,0.001655291,1.655291,1000
52600,0.000739686,0.739686,1000
52601,0.00037232,0.37232,1000
52602,0.001091942,1.091942,1000
52603,0.00057212,0.57212,1000
52604,0.000993186,0.993186,1000
52605,0.002586142,2.586142,1000
52606,0.00069388,0.69388,1000
52607,0.000641589,0.641589,1000
52608,0.015960183,15.960183,1000
52609,0.001213028,1.213028,1000
52610,0.001510527,1.510527,1000
52611,0.001075333,1.075333,1000
52612,0.00118305,1.18305,1000
52613,0.000514909,0.514909,1000
52614,0.001334549,1.334549,1000
52615,0.001024494,1.024494,1000
52616,0.000717079,0.717079,1000
52617,0.002205165,2.205165,1000
52618,0.000783777,0.783777,1000
52619,0.000863662,0.863662,1000
52620,0.000799737,0.799737,1000
52621,0.000595771,0.595771,1000
52622,0.0028609,2.8609,1000
52623,0.00062749,0.62749,1000
52624,0.001085749,1.085749,1000
52625,0.006832896,6.832896,1000
52626,0.001201499,1.201499,1000
52627,0.001044721,1.044721,1000
52628,0.00114796,1.14796,1000
52629,0.000923902,0.923902,1000
52630,0.000564614,0.564614,1000
52631,0.033139864,33.139864,1000
52632,0.000570831,0.570831,1000
52633,0.004937931,4.937931,1000
52634,0.000827641,0.827641,1000
52635,0.010377735,10.377735,1000
52636,0.000986865,0.986865,1000
52637,0.000337397,0.337397,1000
52638,0.001219623,1.219623,1000
52639,0.000902441,0.902441,1000
52640,0.000677966,0.677966,1000
52641,0.000791045,0.791045,1000
52642,0.001005548,1.005548,1000
52643,0.008178485,8.178485,1000
52644,0.001042957,1.042957,1000
52645,0.001744714,1.744714,1000
52646,0.000709915,0.709915,1000
52647,0.000932412,0.932412,1000
52648,0.001083318,1.083318,1000
52649,0.001070943,1.070943,1000
52650,0.001029247,1.029247,1000
52651,0.004542038,4.542038,1000
52652,0.001141219,1.141219,1000
52653,0.000708377,0.708377,1000
52654,0.000837393,0.837393,1000
52655,0.000738779,0.738779,1000
52656,0.000813123,0.813123,1000
52657,0.000937176,0.937176,1000
52658,0.001497451,1.497451,1000
52659,0.000361877,0.361877,1000
52660,0.001073762,1.073762,1000
52661,0.001044721,1.044721,1000
52662,0.000937371,0.937371,1000
52663,0.000877577,0.877577,1000
52664,0.001604209,1.604209,1000
52665,0.001095562,1.095562,1000
52666,0.000837224,0.837224,1000
52667,0.001042957,1.042957,1000
52668,0.009948415,9.948415,1000
52669,0.000394062,0.394062,1000
52670,0.000610078,0.610078,1000
52671,0.000975861,0.975861,1000
52672,0.0974783,97.4783,1000
52673,0.056493628,56.493628,1000
52674,0.026700849,26.700849,1000
52675,0.000645881,0.645881,1000
52676,0.000584709,0.584709,1000
52677,0.01610212,16.10212,1000
52678,0.000980326,0.980326,1000
52679,0.000373969,0.373969,1000
52680,0.000374367,0.374367,1000
52681,0.000468652,0.468652,1000
52682,0.000461928,0.461928,1000
52683,0.001144266,1.144266,1000
52684,0.001145315,1.145315,1000
52685,0.003117862,3.117862,1000
52686,0.000334646,0.334646,1000
52687,0.000645075,0.645075,1000
52688,0.006756023,6.756023,1000
52689,0.004772787,4.772787,1000
52690,0.001271044,1.271044,1000
52691,0.001480334,1.480334,1000
52692,0.211151096,211.151096,1000
52693,0.00117205,1.17205,1000
52694,0.001042979,1.042979,1000
52695,0.001457786,1.457786,1000
52696,0.079951066,79.951066,1000
52697,0.007962901,7.962901,1000
52698,0.000383759,0.383759,1000
52699,0.001029247,1.029247,1000
52700,0.001477641,1.477641,1000
52701,0.001071105,1.071105,1000
52702,0.000966901,0.966901,1000
52703,0.001217337,1.217337,1000
52704,0.000786353,0.786353,1000
52705,0.000790751,0.790751,1000
52706,0.002816162,2.816162,1000
52707,0.001134926,1.134926,1000
52708,0.001592071,1.592071,1000
52709,0.000651543,0.651543,1000
52710,0.011387527,11.387527,1000
52711,0.001044721,1.044721,1000
52712,0.000825969,0.825969,1000
52713,0.000714651,0.714651,1000
52714,0.000886722,0.886722,1000
52715,0.013805829,13.805829,1000
52716,0.00174357,1.74357,1000
52717,0.016616988,16.616988,1000
52718,0.040212748,40.212748,1000
52719,0.001362491,1.362491,1000
52720,0.011844876,11.844876,1000
52721,0.000820604,0.820604,1000
52722,0.001155282,1.155282,1000
52723,0.001689467,1.689467,1000
52724,0.000743158,0.743158,1000
52725,0.000725962,0.725962,1000
52726,0.003013781,3.013781,1000
52727,0.001149588,1.149588,1000
52728,0.000301404,0.301404,1000
52729,0.00093071,0.93071,1000
52730,0.004187603,4.187603,1000
52731,0.000870481,0.870481,1000
52732,0.00078378,0.78378,1000
52733,0.001393995,1.393995,1000
52734,0.011029033,11.029033,1000
52735,0.007914728,7.914728,1000
52736,0.000616497,0.616497,1000
52737,0.002940236,2.940236,1000
52738,0.000562701,0.562701,1000
52739,0.003825671,3.825671,1000
52740,0.000352427,0.352427,1000
52741,0.0029291,2.9291,1000
52742,0.000628486,0.628486,1000
52743,0.000671973,0.671973,1000
52744,0.001076688,1.076688,1000
52745,0.001706055,1.706055,1000
52746,0.001131756,1.131756,1000
52747,0.001640109,1.640109,1000
52748,0.001133839,1.133839,1000
52749,0.000794626,0.794626,1000
52750,0.000643023,0.643023,1000
52751,0.001739512,1.739512,1000
52752,0.00254487,2.54487,1000
52753,0.006705557,6.705557,1000
52754,0.00387688,3.87688,1000
52755,0.001331713,1.331713,1000
52756,0.000784659,0.784659,1000
52757,0.000969744,0.969744,1000
52758,0.000993186,0.993186,1000
52759,0.001042979,1.042979,1000
52760,0.001115998,1.115998,1000
52761,0.000783777,0.783777,1000
52762,0.000995922,0.995922,1000
52763,0.001510527,1.510527,1000
52764,0.000619216,0.619216,1000
52765,0.001390991,1.390991,1000
52766,0.001272486,1.272486,1000
52767,0.000707114,0.707114,1000
52768,0.00135535,1.35535,1000
52769,0.00343825,3.43825,1000
52770,0.027217934,27.217934,1000
52771,0.000956262,0.956262,1000
52772,0.000688982,0.688982,1000
52773,0.001927662,1.927662,1000
52774,0.000953545,0.953545,1000
52775,0.002356369,2.356369,1000
52776,0.001043007,1.043007,1000
52777,0.00519656,5.19656,1000
52778,0.002824135,2.824135,1000
52779,0.001377722,1.377722,1000
52780,0.005221067,5.221067,1000
52781,0.001141186,1.141186,1000
52782,0.00052513,0.52513,1000
52783,0.00115367,1.15367,1000
52784,0.003304975,3.304975,1000
52785,0.00097347,0.97347,1000
52786,0.001044721,1.044721,1000
52787,0.024669772,24.669772,1000
52788,0.001042957,1.042957,1000
52789,0.001006227,1.006227,1000
52790,0.001555514,1.555514,1000
52791,0.00299977,2.99977,1000
52792,0.001590342,1.590342,1000
52793,0.001123755,1.123755,1000
52794,0.000956259,0.956259,1000
52795,0.001487486,1.487486,1000
52796,0.001153677,1.153677,1000
52797,0.000874492,0.874492,1000
52798,0.000926543,0.926543,1000
52799,0.001811967,1.811967,1000
52800,0.001206464,1.206464,1000
52801,0.001080554,1.080554,1000
52802,0.000615321,0.615321,1000
52803,0.001593884,1.593884,1000
52804,0.002685357,2.685357,1000
52805,0.00198022,1.98022,1000
52806,0.000816683,0.816683,1000
52807,0.001042957,1.042957,1000
52808,0.001067519,1.067519,1000
52809,0.000875001,0.875001,1000
52810,0.002970704,2.970704,1000
52811,0.000965663,0.965663,1000
52812,0.000694539,0.694539,1000
52813,0.001309828,1.309828,1000
52814,0.00081759,0.81759,1000
52815,0.000783243,0.783243,1000
52816,0.000940648,0.940648,1000
52817,0.001044779,1.044779,1000
52818,0.00138256,1.38256,1000
52819,0.000451263,0.451263,1000
52820,0.000797316,0.797316,1000
52821,0.001122355,1.122355,1000
52822,0.000687025,0.687025,1000
52823,0.007993789,7.993789,1000
52824,0.001134919,1.134919,1000
52825,0.000792488,0.792488,1000
52826,0.001785607,1.785607,1000
52827,0.00070787,0.70787,1000
52828,0.001132429,1.132429,1000
52829,0.000783664,0.783664,1000
52830,0.000493198,0.493198,1000
52831,0.00172555,1.72555,1000
52832,0.001566372,1.566372,1000
52833,0.001158904,1.158904,1000
52834,0.001114409,1.114409,1000
52835,0.00081312,0.81312,1000
52836,0.000697163,0.697163,1000
52837,0.000824332,0.824332,1000
52838,0.001062502,1.062502,1000
52839,0.001044721,1.044721,1000
52840,0.000564614,0.564614,1000
52841,0.000904703,0.904703,1000
52842,0.001538567,1.538567,1000
52843,0.001282933,1.282933,1000
52844,0.000819931,0.819931,1000
52845,0.001011936,1.011936,1000
52846,0.011845391,11.845391,1000
52847,0.001522992,1.522992,1000
52848,0.000947359,0.947359,1000
52849,0.000616887,0.616887,1000
52850,0.000782911,0.782911,1000
52851,0.001117867,1.117867,1000
52852,0.002928785,2.928785,1000
52853,0.001213191,1.213191,1000
52854,0.001074168,1.074168,1000
52855,0.001147309,1.147309,1000
52856,0.000762892,0.762892,1000
52857,0.000960809,0.960809,1000
52858,0.06457589,64.57589,1000
52859,0.000885431,0.885431,1000
52860,0.001208909,1.208909,1000
52861,0.00090841,0.90841,1000
52862,0.008921457,8.921457,1000
52863,0.001061351,1.061351,1000
52864,0.007567546,7.567546,1000
52865,0.001566223,1.566223,1000
52866,0.001520309,1.520309,1000
52867,0.000967836,0.967836,1000
52868,0.000297715,0.297715,1000
52869,0.004250063,4.250063,1000
52870,0.001042817,1.042817,1000
52871,0.026694677,26.694677,1000
52872,0.000261868,0.261868,1000
52873,0.000593957,0.593957,1000
52874,0.000622046,0.622046,1000
52875,0.000322108,0.322108,1000
52876,0.001093446,1.093446,1000
52877,0.003453739,3.453739,1000
52878,0.001165919,1.165919,1000
52879,0.194591783,194.591783,1000
52880,0.000967396,0.967396,1000
52881,0.001363966,1.363966,1000
52882,0.006063269,6.063269,1000
52883,0.000583367,0.583367,1000
52884,0.000800291,0.800291,1000
52885,0.001007503,1.007503,1000
52886,0.003543683,3.543683,1000
52887,0.001039329,1.039329,1000
52888,0.001456359,1.456359,1000
52889,0.0015091,1.5091,1000
52890,0.003548689,3.548689,1000
52891,0.000771323,0.771323,1000
52892,0.000259495,0.259495,1000
52893,0.000576243,0.576243,1000
52894,0.002829759,2.829759,1000
52895,0.000832604,0.832604,1000
52896,0.000421077,0.421077,1000
52897,0.027435547,27.435547,1000
52898,0.00115691,1.15691,1000
52899,0.06457915,64.57915,1000
52900,0.000870589,0.870589,1000
52901,0.002707026,2.707026,1000
52902,0.001364397,1.364397,1000
52903,0.001317245,1.317245,1000
52904,0.001253892,1.253892,1000
52905,0.00463987,4.63987,1000
52906,0.000647085,0.647085,1000
52907,0.000825966,0.825966,1000
52908,0.004765848,4.765848,1000
52909,0.02560699,25.60699,1000
52910,0.008319812,8.319812,1000
52911,0.008155607,8.155607,1000
52912,0.001573192,1.573192,1000
52913,0.001184261,1.184261,1000
52914,0.000929651,0.929651,1000
52915,0.015993275,15.993275,1000
52916,0.000642741,0.642741,1000
52917,0.06457915,64.57915,1000
52918,0.016026065,16.026065,1000
52919,0.000674248,0.674248,1000
52920,0.000829633,0.829633,1000
52921,0.00053578,0.53578,1000
52922,0.000324595,0.324595,1000
52923,0.000871159,0.871159,1000
52924,0.000950083,0.950083,1000
52925,0.000891551,0.891551,1000
52926,0.001029247,1.029247,1000
52927,0.000422089,0.422089,1000
52928,0.000899643,0.899643,1000
52929,0.000569034,0.569034,1000
52930,0.011883992,11.883992,1000
52931,0.001187679,1.187679,1000
52932,0.001587369,1.587369,1000
52933,0.00102053,1.02053,1000
52934,0.001018197,1.018197,1000
52935,0.001163309,1.163309,1000
52936,0.016403447,16.403447,1000
52937,0.000623569,0.623569,1000
52938,0.000981935,0.981935,1000
52939,0.06457589,64.57589,1000
52940,0.001284564,1.284564,1000
52941,0.001253181,1.253181,1000
52942,0.001000006,1.000006,1000
52943,0.001129928,1.129928,1000
52944,0.001109718,1.109718,1000
52945,0.000743733,0.743733,1000
52946,0.000573189,0.573189,1000
52947,0.001006227,1.006227,1000
52948,0.001556549,1.556549,1000
52949,0.000849955,0.849955,1000
52950,0.000741639,0.741639,1000
52951,0.001251934,1.251934,1000
52952,0.000825966,0.825966,1000
52953,0.00275069,2.75069,1000
52954,0.001044721,1.044721,1000
52955,0.00070495,0.70495,1000
52956,0.003144286,3.144286,1000
52957,0.000664783,0.664783,1000
52958,0.000620089,0.620089,1000
52959,0.003575931,3.575931,1000
52960,0.003300287,3.300287,1000
52961,0.019695059,19.695059,1000
52962,0.001006227,1.006227,1000
52963,0.000747138,0.747138,1000
52964,0.000424975,0.424975,1000
52965,0.000568943,0.568943,1000
52966,0.000993186,0.993186,1000
52967,0.000907761,0.907761,1000
52968,0.000678297,0.678297,1000
52969,0.001062379,1.062379,1000
52970,0.001028832,1.028832,1000
52971,0.000871584,0.871584,1000
52972,0.002188985,2.188985,1000
52973,0.000993186,0.993186,1000
52974,0.001199752,1.199752,1000
52975,0.001510527,1.510527,1000
52976,0.002705474,2.705474,1000
52977,0.001157665,1.157665,1000
52978,0.001438226,1.438226,1000
52979,0.595286263,595.286263,1000
52980,0.000935513,0.935513,1000
52981,0.001089994,1.089994,1000
52982,0.000997448,0.997448,1000
52983,0.000854125,0.854125,1000
52984,0.001011936,1.011936,1000
52985,0.000782423,0.782423,1000
52986,0.002703522,2.703522,1000
52987,0.026297428,26.297428,1000
52988,0.0013067,1.3067,1000
52989,0.001062519,1.062519,1000
52990,0.00111412,1.11412,1000
52991,0.000348396,0.348396,1000
52992,0.002256429,2.256429,1000
52993,0.001471839,1.471839,1000
52994,0.000633404,0.633404,1000
52995,0.01606618,16.06618,1000
52996,0.000451747,0.451747,1000
52997,0.000692507,0.692507,1000
52998,0.015847034,15.847034,1000
52999,0.000461909,0.461909,1000
53000,0.000813748,0.813748,1000
53001,0.000417467,0.417467,1000
53002,0.001504942,1.504942,1000
53003,0.008409898,8.409898,1000
53004,0.002804303,2.804303,1000
53005,0.001295491,1.295491,1000
53006,0.000849582,0.849582,1000
53007,0.002200904,2.200904,1000
53008,0.000982864,0.982864,1000
53009,0.001446979,1.446979,1000
53010,0.003583119,3.583119,1000
53011,0.001612546,1.612546,1000
53012,0.000982811,0.982811,1000
53013,0.000957961,0.957961,1000
53014,0.001156383,1.156383,1000
53015,0.001062541,1.062541,1000
53016,0.004509173,4.509173,1000
53017,0.06457915,64.57915,1000
53018,0.006054495,6.054495,1000
53019,0.000833539,0.833539,1000
53020,0.001510527,1.510527,1000
53021,0.016317564,16.317564,1000
53022,0.00054251,0.54251,1000
53023,0.000600833,0.600833,1000
53024,0.06457915,64.57915,1000
53025,0.004462569,4.462569,1000
53026,0.001412853,1.412853,1000
53027,0.000657596,0.657596,1000
53028,0.000803327,0.803327,1000
53029,0.001366596,1.366596,1000
53030,0.003332183,3.332183,1000
53031,0.001057519,1.057519,1000
53032,0.001182893,1.182893,1000
53033,0.002941765,2.941765,1000
53034,0.002298024,2.298024,1000
53035,0.002321164,2.321164,1000
53037,0.015848443,15.848443,1000
53038,0.001270917,1.270917,1000
53039,0.001149588,1.149588,1000
53040,0.001211563,1.211563,1000
53041,0.000783777,0.783777,1000
53042,0.000528616,0.528616,1000
53043,0.001071043,1.071043,1000
53044,0.000576583,0.576583,1000
53045,0.000993124,0.993124,1000
53046,0.002744714,2.744714,1000
53047,0.000599727,0.599727,1000
53048,0.00124847,1.24847,1000
53049,0.000676679,0.676679,1000
53050,0.000607166,0.607166,1000
53051,0.000695271,0.695271,1000
53052,0.00084871,0.84871,1000
53053,0.000701806,0.701806,1000
53054,0.001330889,1.330889,1000
53055,0.007628295,7.628295,1000
53056,0.001157719,1.157719,1000
53057,0.001932526,1.932526,1000
53058,0.003129699,3.129699,1000
53059,0.000796142,0.796142,1000
53060,0.001821889,1.821889,1000
53061,0.001042319,1.042319,1000
53062,0.005633362,5.633362,1000
53063,0.001385595,1.385595,1000
53064,0.00337523,3.37523,1000
53065,0.001011874,1.011874,1000
53066,0.000770124,0.770124,1000
53067,0.000993186,0.993186,1000
53068,0.001042957,1.042957,1000
53069,0.000833539,0.833539,1000
53070,0.000762736,0.762736,1000
53071,0.001457822,1.457822,1000
53072,0.000878147,0.878147,1000
53073,0.008206873,8.206873,1000
53074,0.000753323,0.753323,1000
53075,0.005342268,5.342268,1000
53076,0.004266863,4.266863,1000
53077,0.000825328,0.825328,1000
53078,0.001525181,1.525181,1000
53079,0.000824041,0.824041,1000
53080,0.00078378,0.78378,1000
53081,0.00800422,8.00422,1000
53082,0.000850369,0.850369,1000
53083,0.000937353,0.937353,1000
53084,0.000693545,0.693545,1000
53085,0.000784915,0.784915,1000
53086,0.000734313,0.734313,1000
53087,0.000627039,0.627039,1000
53088,0.000731743,0.731743,1000
53089,0.000645382,0.645382,1000
53090,0.001042979,1.042979,1000
53091,0.000937396,0.937396,1000
53092,0.000686429,0.686429,1000
53093,0.001096598,1.096598,1000
53094,0.008335069,8.335069,1000
53095,0.000951934,0.951934,1000
53096,0.000927442,0.927442,1000
53097,0.002870072,2.870072,1000
53098,0.000726235,0.726235,1000
53099,0.000605105,0.605105,1000
53100,0.002009575,2.009575,1000
53101,0.001293158,1.293158,1000
53102,0.000919593,0.919593,1000
53103,0.001011936,1.011936,1000
53104,0.000716608,0.716608,1000
53105,0.002561994,2.561994,1000
53106,0.001192055,1.192055,1000
53107,0.001142568,1.142568,1000
53108,0.000802891,0.802891,1000
53109,0.001097456,1.097456,1000
53110,0.001315818,1.315818,1000
53111,0.001071105,1.071105,1000
53112,0.00069597,0.69597,1000
53113,0.000790509,0.790509,1000
53114,0.000690724,0.690724,1000
53115,0.001042957,1.042957,1000
53116,0.000732688,0.732688,1000
53117,0.000674439,0.674439,1000
53118,0.002861345,2.861345,1000
53119,0.001001729,1.001729,1000
53120,0.001546239,1.546239,1000
53121,0.000501468,0.501468,1000
53122,0.001487939,1.487939,1000
53123,0.000866446,0.866446,1000
53124,0.001062569,1.062569,1000
53125,0.000937494,0.937494,1000
53126,0.000714889,0.714889,1000
53127,0.000558022,0.558022,1000
53128,0.001510527,1.510527,1000
53129,0.00104294,1.04294,1000
53130,0.00124276,1.24276,1000
53131,0.000602743,0.602743,1000
53132,0.000768169,0.768169,1000
53133,0.097936862,97.936862,1000
53134,0.101423972,101.423972,1000
53135,0.000658541,0.658541,1000
53136,0.000798296,0.798296,1000
53137,0.003818441,3.818441,1000
53138,0.00103168,1.03168,1000
53139,0.000816847,0.816847,1000
53140,0.000980768,0.980768,1000
53141,0.002060995,2.060995,1000
53142,0.003077165,3.077165,1000
53143,0.001006227,1.006227,1000
53144,0.000335501,0.335501,1000
53145,0.001495055,1.495055,1000
53146,0.000772707,0.772707,1000
53147,0.001244503,1.244503,1000
53148,0.001621453,1.621453,1000
53149,0.001163629,1.163629,1000
53150,0.004152995,4.152995,1000
53151,0.001185546,1.185546,1000
53152,0.000857127,0.857127,1000
53153,0.000775729,0.775729,1000
53154,0.004602252,4.602252,1000
53155,0.005585042,5.585042,1000
53156,0.006589322,6.589322,1000
53157,0.001194065,1.194065,1000
53158,0.000743835,0.743835,1000
53159,0.00117751,1.17751,1000
53160,0.001678587,1.678587,1000
53161,0.004401207,4.401207,1000
53162,0.00094168,0.94168,1000
53163,0.000870383,0.870383,1000
53164,0.000993124,0.993124,1000
53165,0.002123441,2.123441,1000
53166,0.00092461,0.92461,1000
53167,0.014852123,14.852123,1000
53168,0.015979591,15.979591,1000
53169,0.001118611,1.118611,1000
53170,0.000371096,0.371096,1000
53171,0.001505839,1.505839,1000
53172,0.007558003,7.558003,1000
53173,0.000874618,0.874618,1000
53174,0.001071105,1.071105,1000
53175,0.001039329,1.039329,1000
53176,0.001409129,1.409129,1000
53177,0.001246131,1.246131,1000
53178,0.001151,1.151,1000
53179,0.00360338,3.60338,1000
53180,0.002416217,2.416217,1000
53181,0.000813123,0.813123,1000
53182,0.000461903,0.461903,1000
53183,0.00596881,5.96881,1000
53184,0.00290902,2.90902,1000
53185,0.001311946,1.311946,1000
53186,0.001308054,1.308054,1000
53187,0.001637817,1.637817,1000
53188,0.002005785,2.005785,1000
53189,0.001042957,1.042957,1000
53190,0.000804528,0.804528,1000
53191,0.00422398,4.22398,1000
53192,0.002616748,2.616748,1000
53193,0.595286263,595.286263,1000
53194,0.000843779,0.843779,1000
53195,0.01635304,16.35304,1000
53196,0.001042957,1.042957,1000
53197,0.007373627,7.373627,1000
53198,0.008347588,8.347588,1000
53199,0.016346822,16.346822,1000
53200,0.00104294,1.04294,1000
53201,0.000745147,0.745147,1000
53202,0.001125656,1.125656,1000
53203,0.000922519,0.922519,1000
53204,0.008740282,8.740282,1000
53205,0.00104294,1.04294,1000
53206,0.000912889,0.912889,1000
53207,0.001042817,1.042817,1000
53208,0.000756217,0.756217,1000
53209,0.041258735,41.258735,1000
53210,0.002281504,2.281504,1000
53211,0.00101829,1.01829,1000
53212,0.000915595,0.915595,1000
53213,0.000976813,0.976813,1000
53214,0.001620418,1.620418,1000
53215,0.000635757,0.635757,1000
53216,0.001044721,1.044721,1000
53217,0.001525076,1.525076,1000
53218,0.001478615,1.478615,1000
53219,0.034998112,34.998112,1000
53220,0.000400238,0.400238,1000
53221,0.00047878,0.47878,1000
53222,0.001711032,1.711032,1000
53223,0.001496284,1.496284,1000
53224,0.000611493,0.611493,1000
53225,0.000801922,0.801922,1000
53226,0.000993186,0.993186,1000
53227,0.105619076,105.619076,1000
53228,0.002211248,2.211248,1000
53229,0.001149588,1.149588,1000
53230,0.001611949,1.611949,1000
53231,0.000900492,0.900492,1000
53232,0.0006386,0.6386,1000
53233,0.015426167,15.426167,1000
53234,0.001520493,1.520493,1000
53235,0.000681597,0.681597,1000
53236,0.000287498,0.287498,1000
53237,0.000807034,0.807034,1000
53238,0.000849015,0.849015,1000
53239,0.001293203,1.293203,1000
53240,0.000735014,0.735014,1000
53241,0.000725002,0.725002,1000
53242,0.021987496,21.987496,1000
53243,0.001022709,1.022709,1000
53244,0.00378262,3.78262,1000
53245,0.004822653,4.822653,1000
53246,0.005050512,5.050512,1000
53247,0.000814309,0.814309,1000
53248,0.008219422,8.219422,1000
53249,0.000953285,0.953285,1000
53250,0.000946261,0.946261,1000
53251,0.002671414,2.671414,1000
53252,0.000942095,0.942095,1000
53253,0.000873363,0.873363,1000
53254,0.001598603,1.598603,1000
53255,0.001312558,1.312558,1000
53256,0.000555238,0.555238,1000
53257,0.008008905,8.008905,1000
53258,0.001373201,1.373201,1000
53259,0.000713916,0.713916,1000
53260,0.001501966,1.501966,1000
53261,0.000550666,0.550666,1000
53262,0.001062379,1.062379,1000
53263,0.000964089,0.964089,1000
53264,0.005180863,5.180863,1000
53265,0.001577474,1.577474,1000
53266,0.000977593,0.977593,1000
53267,0.001831228,1.831228,1000
53268,0.000845094,0.845094,1000
53269,0.000769127,0.769127,1000
53270,0.001121427,1.121427,1000
53271,0.002826434,2.826434,1000
53272,0.001134926,1.134926,1000
53273,0.000631553,0.631553,1000
53274,0.001316146,1.316146,1000
53275,0.000993186,0.993186,1000
53276,0.000878348,0.878348,1000
53277,0.00077226,0.77226,1000
53278,0.003056595,3.056595,1000
53279,0.000618559,0.618559,1000
53280,0.001408362,1.408362,1000
53281,0.001429148,1.429148,1000
53282,0.001098602,1.098602,1000
53283,0.02080361,20.80361,1000
53284,0.000958414,0.958414,1000
53285,0.0009681,0.9681,1000
53286,0.000637913,0.637913,1000
53287,0.003093718,3.093718,1000
53288,0.003427366,3.427366,1000
53289,0.001141219,1.141219,1000
53290,0.001051322,1.051322,1000
53291,0.001655652,1.655652,1000
53292,0.001019495,1.019495,1000
53293,0.001390715,1.390715,1000
53294,0.005744989,5.744989,1000
53295,0.000549658,0.549658,1000
53296,0.001285889,1.285889,1000
53297,0.00075473,0.75473,1000
53298,0.001282532,1.282532,1000
53299,0.000960809,0.960809,1000
53300,0.14840433,148.40433,1000
53301,0.001193977,1.193977,1000
53302,0.000353007,0.353007,1000
53303,0.001145946,1.145946,1000
53304,0.001091942,1.091942,1000
53305,0.001566568,1.566568,1000
53307,0.002089802,2.089802,1000
53308,0.001090088,1.090088,1000
53309,0.000666739,0.666739,1000
53310,0.002744679,2.744679,1000
53311,0.00080246,0.80246,1000
53312,0.005927277,5.927277,1000
53313,0.00059049,0.59049,1000
53314,0.00115367,1.15367,1000
53315,0.000715128,0.715128,1000
53316,0.000862113,0.862113,1000
53317,0.00103168,1.03168,1000
53318,0.000878058,0.878058,1000
53319,0.000826002,0.826002,1000
53320,0.001155814,1.155814,1000
53321,0.000878348,0.878348,1000
53322,0.00152729,1.52729,1000
53323,0.000876689,0.876689,1000
53324,0.001362491,1.362491,1000
53325,0.000969451,0.969451,1000
53326,0.001081154,1.081154,1000
53327,0.000747726,0.747726,1000
53328,0.001097456,1.097456,1000
53329,0.004074313,4.074313,1000
53330,0.00081312,0.81312,1000
53331,0.000430573,0.430573,1000
53332,0.000845085,0.845085,1000
53333,0.001692628,1.692628,1000
53334,0.001324878,1.324878,1000
53335,0.001062569,1.062569,1000
53336,0.000918042,0.918042,1000
53337,0.001009775,1.009775,1000
53338,0.001070943,1.070943,1000
53339,0.000830335,0.830335,1000
53340,0.001342654,1.342654,1000
53341,0.000685726,0.685726,1000
53342,0.001376162,1.376162,1000
53343,0.007314734,7.314734,1000
53344,0.011181428,11.181428,1000
53345,0.000966463,0.966463,1000
53346,0.000908547,0.908547,1000
53347,0.013854164,13.854164,1000
53348,0.004091987,4.091987,1000
53349,0.000871254,0.871254,1000
53350,0.001141219,1.141219,1000
53351,0.000847775,0.847775,1000
53352,0.001122012,1.122012,1000
53353,0.000577472,0.577472,1000
53354,0.001029247,1.029247,1000
53355,0.000962677,0.962677,1000
53356,0.000786452,0.786452,1000
53357,0.000584818,0.584818,1000
53358,0.020750366,20.750366,1000
53359,0.001511314,1.511314,1000
53360,0.001134919,1.134919,1000
53361,0.001394982,1.394982,1000
53362,0.000801998,0.801998,1000
53363,0.000946783,0.946783,1000
53364,0.000817766,0.817766,1000
53365,0.005474957,5.474957,1000
53366,0.000993186,0.993186,1000
53367,0.009540294,9.540294,1000
53368,0.000679939,0.679939,1000
53369,0.000795129,0.795129,1000
53370,0.002902016,2.902016,1000
53371,0.000629439,0.629439,1000
53372,0.002551295,2.551295,1000
53373,0.000843079,0.843079,1000
53374,0.000812448,0.812448,1000
53375,0.001091954,1.091954,1000
53376,0.003311199,3.311199,1000
53377,0.000788041,0.788041,1000
53378,0.004952094,4.952094,1000
53379,0.000594956,0.594956,1000
53380,0.00064663,0.64663,1000
53381,0.000506149,0.506149,1000
53382,0.001006359,1.006359,1000
53383,0.001153677,1.153677,1000
53384,0.001879041,1.879041,1000
53385,0.00098634,0.98634,1000
53386,0.018941505,18.941505,1000
53387,0.0009601,0.9601,1000
53388,0.006798776,6.798776,1000
53389,0.000874332,0.874332,1000
53391,0.001143068,1.143068,1000
53392,0.000881169,0.881169,1000
53393,0.00148364,1.48364,1000
53394,0.006406964,6.406964,1000
53395,0.004375551,4.375551,1000
53396,0.008025178,8.025178,1000
53397,0.00077653,0.77653,1000
53398,0.001460749,1.460749,1000
53399,0.000324429,0.324429,1000
53400,0.001319304,1.319304,1000
53401,0.001330889,1.330889,1000
53402,0.00101079,1.01079,1000
53403,0.001278537,1.278537,1000
53404,0.000685572,0.685572,1000
53405,0.000863663,0.863663,1000
53406,0.000932242,0.932242,1000
53407,0.000546001,0.546001,1000
53408,0.001472271,1.472271,1000
53409,0.014359043,14.359043,1000
53410,0.001942872,1.942872,1000
53411,0.00112596,1.12596,1000
53412,0.001044721,1.044721,1000
53413,0.000660646,0.660646,1000
53414,0.001071083,1.071083,1000
53415,0.000908983,0.908983,1000
53416,0.001242286,1.242286,1000
53417,0.000836344,0.836344,1000
53418,0.001376094,1.376094,1000
53419,0.003297699,3.297699,1000
53420,0.001066556,1.066556,1000
53421,0.000932628,0.932628,1000
53422,0.001017318,1.017318,1000
53423,0.000765617,0.765617,1000
53424,0.047390267,47.390267,1000
53425,0.002041786,2.041786,1000
53426,0.001826577,1.826577,1000
53427,0.000400094,0.400094,1000
53428,0.002221416,2.221416,1000
53429,0.000627433,0.627433,1000
53430,0.011001522,11.001522,1000
53431,0.000899379,0.899379,1000
53432,0.000827627,0.827627,1000
53433,0.037655444,37.655444,1000
53434,0.000976813,0.976813,1000
53435,0.001913041,1.913041,1000
53436,0.001369355,1.369355,1000
53437,0.001107281,1.107281,1000
53438,0.002820893,2.820893,1000
53439,0.001237807,1.237807,1000
53440,0.000853358,0.853358,1000
53441,0.000756785,0.756785,1000
53442,0.000882002,0.882002,1000
53443,0.000720626,0.720626,1000
53444,0.002884969,2.884969,1000
53445,0.001416315,1.416315,1000
53446,0.00104294,1.04294,1000
53447,0.001164825,1.164825,1000
53448,0.000915488,0.915488,1000
53449,0.000598361,0.598361,1000
53450,0.000752266,0.752266,1000
53451,0.009750125,9.750125,1000
53452,0.000879368,0.879368,1000
53453,0.004377896,4.377896,1000
53454,0.000742555,0.742555,1000
53455,0.001522199,1.522199,1000
53456,0.064547285,64.547285,1000
53457,0.000993186,0.993186,1000
53458,0.000615713,0.615713,1000
53459,0.001260194,1.260194,1000
53460,0.000753842,0.753842,1000
53461,0.001404633,1.404633,1000
53462,0.001319304,1.319304,1000
53463,0.001041789,1.041789,1000
53464,0.001331713,1.331713,1000
53465,0.001805985,1.805985,1000
53466,0.000772707,0.772707,1000
53467,0.001637817,1.637817,1000
53468,0.001129014,1.129014,1000
53469,0.005172802,5.172802,1000
53470,0.001006227,1.006227,1000
53471,0.000790041,0.790041,1000
53472,0.001018785,1.018785,1000
53473,0.000837967,0.837967,1000
53474,0.000844624,0.844624,1000
53475,0.001364682,1.364682,1000
53476,0.000710981,0.710981,1000
53477,0.001623754,1.623754,1000
53478,0.003596124,3.596124,1000
53479,0.001011874,1.011874,1000
53480,0.000534298,0.534298,1000
53481,0.000775333,0.775333,1000
53482,0.000753013,0.753013,1000
53483,0.0020003,2.0003,1000
53484,0.000706214,0.706214,1000
53485,0.00103168,1.03168,1000
53486,0.00319326,3.19326,1000
53487,0.000993124,0.993124,1000
53488,0.001121142,1.121142,1000
53489,0.000877814,0.877814,1000
53490,0.006630793,6.630793,1000
53491,0.001298299,1.298299,1000
53492,0.004421667,4.421667,1000
53493,0.008023639,8.023639,1000
53494,0.003252121,3.252121,1000
53495,0.001011874,1.011874,1000
53496,0.000818914,0.818914,1000
53497,0.001246149,1.246149,1000
53498,0.0062026,6.2026,1000
53499,0.001955925,1.955925,1000
53500,0.001147847,1.147847,1000
53501,0.042216409,42.216409,1000
53502,0.079042079,79.042079,1000
53503,0.001024494,1.024494,1000
53504,0.003193627,3.193627,1000
53505,0.001278498,1.278498,1000
53506,0.000671184,0.671184,1000
53507,0.00093733,0.93733,1000
53508,0.00129284,1.29284,1000
53509,0.001042979,1.042979,1000
53510,0.001554702,1.554702,1000
53511,0.000611075,0.611075,1000
53512,0.000977131,0.977131,1000
53513,0.02664665,26.64665,1000
53514,0.000911045,0.911045,1000
53515,0.003489178,3.489178,1000
53516,0.000749859,0.749859,1000
53517,0.000747516,0.747516,1000
53518,0.001081154,1.081154,1000
53520,0.000440498,0.440498,1000
53521,0.000993186,0.993186,1000
53522,0.000662496,0.662496,1000
53523,0.006190724,6.190724,1000
53524,0.001132965,1.132965,1000
53525,0.000779329,0.779329,1000
53526,0.00147772,1.47772,1000
53527,0.001342654,1.342654,1000
53528,0.001153177,1.153177,1000
53529,0.000492744,0.492744,1000
53530,0.000658504,0.658504,1000
53531,0.000776939,0.776939,1000
53532,0.010510415,10.510415,1000
53533,0.000707412,0.707412,1000
53534,0.000993186,0.993186,1000
53535,0.029832818,29.832818,1000
53536,0.000570472,0.570472,1000
53537,0.000948505,0.948505,1000
53538,0.001081154,1.081154,1000
53539,0.000636896,0.636896,1000
53540,0.001165993,1.165993,1000
53541,0.001827182,1.827182,1000
53542,0.001162486,1.162486,1000
53543,0.001046578,1.046578,1000
53544,0.005849126,5.849126,1000
53545,0.000767572,0.767572,1000
53546,0.001042817,1.042817,1000
53547,0.000719103,0.719103,1000
53548,0.00103168,1.03168,1000
53549,0.001144275,1.144275,1000
53550,0.002028777,2.028777,1000
53551,0.000368486,0.368486,1000
53552,0.001617383,1.617383,1000
53553,0.00092208,0.92208,1000
53554,0.001029247,1.029247,1000
53555,0.000641382,0.641382,1000
53556,0.007464665,7.464665,1000
53557,0.000868532,0.868532,1000
53558,0.000878349,0.878349,1000
53559,0.000554317,0.554317,1000
53560,0.001231268,1.231268,1000
53561,0.001477,1.477,1000
53562,0.002216877,2.216877,1000
53563,0.001071083,1.071083,1000
53564,0.000502441,0.502441,1000
53565,0.004227872,4.227872,1000
53566,0.000833239,0.833239,1000
53567,0.000837869,0.837869,1000
53568,0.00790157,7.90157,1000
53569,0.001272823,1.272823,1000
53570,0.001149588,1.149588,1000
53571,0.001088611,1.088611,1000
53572,0.002666349,2.666349,1000
53573,0.009635186,9.635186,1000
53574,0.002792666,2.792666,1000
53575,0.001403164,1.403164,1000
53576,0.00190664,1.90664,1000
53577,0.002928408,2.928408,1000
53578,0.000546033,0.546033,1000
53579,0.000676627,0.676627,1000
53580,0.000908781,0.908781,1000
53581,0.001142343,1.142343,1000
53582,0.001545776,1.545776,1000
53583,0.002266216,2.266216,1000
53584,0.000745274,0.745274,1000
53585,0.000803153,0.803153,1000
53586,0.001310398,1.310398,1000
53587,0.000816639,0.816639,1000
53588,0.011301683,11.301683,1000
53589,0.00079703,0.79703,1000
53590,0.00126979,1.26979,1000
53591,0.002997568,2.997568,1000
53592,0.000778171,0.778171,1000
53593,0.001113073,1.113073,1000
53594,0.001062519,1.062519,1000
53595,0.009546394,9.546394,1000
53596,0.000585501,0.585501,1000
53597,0.000925639,0.925639,1000
53598,0.000697788,0.697788,1000
53599,0.000993186,0.993186,1000
53600,0.000656288,0.656288,1000
53601,0.000797818,0.797818,1000
53602,0.000717627,0.717627,1000
53603,0.001039425,1.039425,1000
53604,0.001010763,1.010763,1000
53605,0.001952957,1.952957,1000
53606,0.001153677,1.153677,1000
53607,0.000858252,0.858252,1000
53608,0.001056625,1.056625,1000
53609,0.001116715,1.116715,1000
53610,0.000713747,0.713747,1000
53611,0.000728666,0.728666,1000
53612,0.000924355,0.924355,1000
53613,0.000829814,0.829814,1000
53614,0.002767594,2.767594,1000
53615,0.004730908,4.730908,1000
53616,0.000890808,0.890808,1000
53617,0.00103168,1.03168,1000
53618,0.000945063,0.945063,1000
53619,0.000976813,0.976813,1000
53620,0.001389564,1.389564,1000
53621,0.001104003,1.104003,1000
53622,0.001299107,1.299107,1000
53623,0.001824109,1.824109,1000
53624,0.001150787,1.150787,1000
53625,0.001091954,1.091954,1000
53626,0.000946783,0.946783,1000
53627,0.000671322,0.671322,1000
53628,0.001150885,1.150885,1000
53629,0.000935513,0.935513,1000
53630,0.000794012,0.794012,1000
53631,0.00159425,1.59425,1000
53632,0.001008875,1.008875,1000
53633,0.001669783,1.669783,1000
53634,0.000993186,0.993186,1000
53635,0.001116018,1.116018,1000
53636,0.001457786,1.457786,1000
53637,0.001144711,1.144711,1000
53638,0.001941541,1.941541,1000
53639,0.001019495,1.019495,1000
53640,0.000916923,0.916923,1000
53641,0.000782886,0.782886,1000
53642,0.000536085,0.536085,1000
53643,0.000985359,0.985359,1000
53644,0.000867376,0.867376,1000
53645,0.000882173,0.882173,1000
53646,0.001376162,1.376162,1000
53647,0.003380408,3.380408,1000
53648,0.001348319,1.348319,1000
53649,0.000747289,0.747289,1000
53650,0.000670128,0.670128,1000
53651,0.001175992,1.175992,1000
53652,0.000713191,0.713191,1000
53653,0.000906091,0.906091,1000
53654,0.001010701,1.010701,1000
53655,0.000564614,0.564614,1000
53656,0.008841278,8.841278,1000
53657,0.000588376,0.588376,1000
53658,0.003893021,3.893021,1000
53659,0.000953545,0.953545,1000
53660,0.000600338,0.600338,1000
53661,0.000655439,0.655439,1000
53662,0.002079288,2.079288,1000
53663,0.001484882,1.484882,1000
53664,0.001006227,1.006227,1000
53665,0.00077872,0.77872,1000
53666,0.001004961,1.004961,1000
53667,0.00128373,1.28373,1000
53668,0.001117181,1.117181,1000
53669,0.000602352,0.602352,1000
53670,0.002919238,2.919238,1000
53671,0.034065135,34.065135,1000
53672,0.000900601,0.900601,1000
53673,0.000543736,0.543736,1000
53674,0.001203396,1.203396,1000
53675,0.000419928,0.419928,1000
53676,0.001177522,1.177522,1000
53677,0.003108923,3.108923,1000
53678,0.001068531,1.068531,1000
53679,0.016591366,16.591366,1000
53680,0.001042957,1.042957,1000
53681,0.001134919,1.134919,1000
53682,0.022410836,22.410836,1000
53683,0.00497955,4.97955,1000
53684,0.001029547,1.029547,1000
53685,0.00071306,0.71306,1000
53686,0.001231268,1.231268,1000
53687,0.000733113,0.733113,1000
53688,0.000552957,0.552957,1000
53689,0.000639815,0.639815,1000
53690,0.000993186,0.993186,1000
53691,0.000964089,0.964089,1000
53692,0.001062541,1.062541,1000
53693,0.000849046,0.849046,1000
53694,0.000579878,0.579878,1000
53695,0.001402044,1.402044,1000
53696,0.000774525,0.774525,1000
53697,0.001220914,1.220914,1000
53698,0.064580577,64.580577,1000
53699,0.024410441,24.410441,1000
53700,0.000611169,0.611169,1000
53701,0.001141946,1.141946,1000
53702,0.003477363,3.477363,1000
53703,0.002440303,2.440303,1000
53704,0.001746026,1.746026,1000
53705,0.001260194,1.260194,1000
53706,0.000751672,0.751672,1000
53707,0.001218952,1.218952,1000
53708,0.000749744,0.749744,1000
53709,0.002163049,2.163049,1000
53710,0.000873622,0.873622,1000
53711,0.000913241,0.913241,1000
53712,0.000884486,0.884486,1000
53713,0.000918824,0.918824,1000
53714,0.001202164,1.202164,1000
53715,0.010318747,10.318747,1000
53716,0.000935513,0.935513,1000
53717,0.000769804,0.769804,1000
53718,0.000915184,0.915184,1000
53719,0.001613369,1.613369,1000
53720,0.005244495,5.244495,1000
53721,0.00104294,1.04294,1000
53722,0.001363194,1.363194,1000
53723,0.00109,1.09,1000
53724,0.000769165,0.769165,1000
53725,0.012549356,12.549356,1000
53726,0.056480352,56.480352,1000
53727,0.000538061,0.538061,1000
53728,0.002670286,2.670286,1000
53729,0.001174811,1.174811,1000
53730,0.000587041,0.587041,1000
53731,0.001005474,1.005474,1000
53732,0.002046254,2.046254,1000
53733,0.000937243,0.937243,1000
53734,0.001935727,1.935727,1000
53735,0.000497127,0.497127,1000
53736,0.064076383,64.076383,1000
53737,0.001011936,1.011936,1000
53738,0.000625767,0.625767,1000
53739,0.001691447,1.691447,1000
53740,0.003361227,3.361227,1000
53741,0.002700787,2.700787,1000
53742,0.001484815,1.484815,1000
53743,0.001480195,1.480195,1000
53744,0.001601272,1.601272,1000
53745,0.000800452,0.800452,1000
53746,0.008045064,8.045064,1000
53747,0.001592503,1.592503,1000
53748,0.000960681,0.960681,1000
53749,0.001746026,1.746026,1000
53750,0.000761453,0.761453,1000
53751,0.001611942,1.611942,1000
53752,0.001617599,1.617599,1000
53753,0.001001547,1.001547,1000
53754,0.003702513,3.702513,1000
53755,0.001134919,1.134919,1000
53756,0.013826027,13.826027,1000
53757,0.003207026,3.207026,1000
53758,0.001041655,1.041655,1000
53759,0.000627137,0.627137,1000
53760,0.000982753,0.982753,1000
53761,0.006794886,6.794886,1000
53762,0.000736856,0.736856,1000
53763,0.000687988,0.687988,1000
53764,0.056215047,56.215047,1000
53765,0.000711457,0.711457,1000
53766,0.001150292,1.150292,1000
53767,0.004013761,4.013761,1000
53768,0.000506567,0.506567,1000
53769,0.002426609,2.426609,1000
53770,0.001106852,1.106852,1000
53771,0.001081154,1.081154,1000
53772,0.000877118,0.877118,1000
53773,0.000922584,0.922584,1000
53774,0.001239229,1.239229,1000
53775,0.056542307,56.542307,1000
53776,0.000917876,0.917876,1000
53777,0.01487067,14.87067,1000
53778,0.001188151,1.188151,1000
53779,0.003486195,3.486195,1000
53780,0.001094716,1.094716,1000
53781,0.001062502,1.062502,1000
53782,0.001071083,1.071083,1000
53783,0.001024048,1.024048,1000
53784,0.000898188,0.898188,1000
53785,0.002677982,2.677982,1000
53786,0.001324896,1.324896,1000
53787,0.026541305,26.541305,1000
53788,0.003779086,3.779086,1000
53789,0.060516103,60.516103,1000
53790,0.000402855,0.402855,1000
53791,0.001726745,1.726745,1000
53792,0.07522005,75.22005,1000
53793,0.007705637,7.705637,1000
53794,0.00037004,0.37004,1000
53795,0.004872333,4.872333,1000
53796,0.001542465,1.542465,1000
53797,0.001399846,1.399846,1000
53798,0.001505839,1.505839,1000
53799,0.000729461,0.729461,1000
53800,0.122040319,122.040319,1000
53801,0.001042957,1.042957,1000
53802,0.000769676,0.769676,1000
53803,0.000685561,0.685561,1000
53804,0.000802155,0.802155,1000
53805,0.001505839,1.505839,1000
53806,0.000962175,0.962175,1000
53807,0.001398135,1.398135,1000
53808,0.000776188,0.776188,1000
53809,0.000966024,0.966024,1000
53810,0.000946927,0.946927,1000
53811,0.016116453,16.116453,1000
53812,0.000905435,0.905435,1000
53813,0.000948554,0.948554,1000
53814,0.001609087,1.609087,1000
53815,0.001349726,1.349726,1000
53816,0.000775482,0.775482,1000
53817,0.001062541,1.062541,1000
53818,0.001042288,1.042288,1000
53819,0.000890953,0.890953,1000
53820,0.001300808,1.300808,1000
53821,0.000726298,0.726298,1000
53822,0.001581072,1.581072,1000
53823,0.001071083,1.071083,1000
53824,0.000887899,0.887899,1000
53825,0.003336368,3.336368,1000
53826,0.000737126,0.737126,1000
53827,0.002682981,2.682981,1000
53828,0.004688152,4.688152,1000
53829,0.000563046,0.563046,1000
53830,0.000660132,0.660132,1000
53831,0.000624941,0.624941,1000
53832,0.000923487,0.923487,1000
53833,0.000732727,0.732727,1000
53834,0.000668322,0.668322,1000
53835,0.000719063,0.719063,1000
53836,0.000803958,0.803958,1000
53837,0.001141219,1.141219,1000
53838,0.000652958,0.652958,1000
53839,0.000606294,0.606294,1000
53840,0.000716367,0.716367,1000
53841,0.000569569,0.569569,1000
53842,0.000418888,0.418888,1000
53843,0.017439306,17.439306,1000
53844,0.002093036,2.093036,1000
53845,0.005047252,5.047252,1000
53846,0.000977123,0.977123,1000
53847,0.000845881,0.845881,1000
53848,0.001042288,1.042288,1000
53849,0.001185554,1.185554,1000
53850,0.001505468,1.505468,1000
53851,0.01837467,18.37467,1000
53852,0.001255683,1.255683,1000
53853,0.000570715,0.570715,1000
53854,0.005935324,5.935324,1000
53855,0.003780019,3.780019,1000
53856,0.00062596,0.62596,1000
53857,0.000922263,0.922263,1000
53858,0.001392597,1.392597,1000
53859,0.194591783,194.591783,1000
53860,0.001309385,1.309385,1000
53861,0.00233625,2.33625,1000
53862,0.001143252,1.143252,1000
53863,0.001109046,1.109046,1000
53864,0.00103579,1.03579,1000
53865,0.000993124,0.993124,1000
53866,0.000891955,0.891955,1000
53867,0.012841177,12.841177,1000
53868,0.01976404,19.76404,1000
53869,0.001070943,1.070943,1000
53870,0.001179966,1.179966,1000
53871,0.001320829,1.320829,1000
53872,0.000818342,0.818342,1000
53873,0.001042979,1.042979,1000
53874,0.000993186,0.993186,1000
53875,0.000964089,0.964089,1000
53876,0.03498276,34.98276,1000
53877,0.000713115,0.713115,1000
53878,0.001026508,1.026508,1000
53879,0.001548993,1.548993,1000
53880,0.004674687,4.674687,1000
53881,0.002910235,2.910235,1000
53882,0.000296166,0.296166,1000
53883,0.000662011,0.662011,1000
53884,0.002218937,2.218937,1000
53885,0.001042817,1.042817,1000
53886,0.000715228,0.715228,1000
53887,0.000825966,0.825966,1000
53888,0.003289435,3.289435,1000
53889,0.001006165,1.006165,1000
53890,0.002869779,2.869779,1000
53891,0.003728594,3.728594,1000
53892,0.004667642,4.667642,1000
53893,0.000543664,0.543664,1000
53894,0.00318632,3.18632,1000
53895,0.001593884,1.593884,1000
53896,0.000830587,0.830587,1000
53897,0.002983342,2.983342,1000
53898,0.000556094,0.556094,1000
53899,0.000529325,0.529325,1000
53900,0.001143657,1.143657,1000
53901,0.000883379,0.883379,1000
53902,0.001151217,1.151217,1000
53903,0.001062519,1.062519,1000
53904,0.007471749,7.471749,1000
53905,0.000800733,0.800733,1000
53906,0.008979259,8.979259,1000
53907,0.005798753,5.798753,1000
53908,0.00101122,1.01122,1000
53909,0.000970828,0.970828,1000
53910,0.001136461,1.136461,1000
53911,0.008605929,8.605929,1000
53912,0.000633593,0.633593,1000
53913,0.041369298,41.369298,1000
53914,0.001611626,1.611626,1000
53915,0.000749044,0.749044,1000
53916,0.000928202,0.928202,1000
53917,0.001042979,1.042979,1000
53918,0.001029247,1.029247,1000
53919,0.001242727,1.242727,1000
53920,0.062528915,62.528915,1000
53921,0.001309551,1.309551,1000
53922,0.000796458,0.796458,1000
53923,0.000449455,0.449455,1000
53924,0.001184275,1.184275,1000
53925,0.000892916,0.892916,1000
53926,0.001821889,1.821889,1000
53927,0.000586712,0.586712,1000
53928,0.001347337,1.347337,1000
53929,0.002705474,2.705474,1000
53930,0.002449654,2.449654,1000
53931,0.000912607,0.912607,1000
53932,0.001218698,1.218698,1000
53933,0.002148294,2.148294,1000
53934,0.000727637,0.727637,1000
53935,0.007938183,7.938183,1000
53936,0.00072959,0.72959,1000
53937,0.000806003,0.806003,1000
53938,0.00083276,0.83276,1000
53939,0.002426944,2.426944,1000
53940,0.000708914,0.708914,1000
53941,0.000759462,0.759462,1000
53942,0.000319885,0.319885,1000
53943,0.000519734,0.519734,1000
53944,0.002821114,2.821114,1000
53945,0.000720142,0.720142,1000
53946,0.004718209,4.718209,1000
53947,0.001029763,1.029763,1000
53948,0.002978624,2.978624,1000
53949,0.000882902,0.882902,1000
53950,0.000813397,0.813397,1000
53951,0.001108137,1.108137,1000
53952,0.003141082,3.141082,1000
53953,0.001082673,1.082673,1000
53954,0.000779172,0.779172,1000
53955,0.003574104,3.574104,1000
53956,0.000644392,0.644392,1000
53957,0.00178124,1.78124,1000
53958,0.000856977,0.856977,1000
53959,0.000656873,0.656873,1000
53960,0.000465696,0.465696,1000
53961,0.000271816,0.271816,1000
53962,0.001352055,1.352055,1000
53963,0.001334072,1.334072,1000
53964,0.000536473,0.536473,1000
53965,0.002273005,2.273005,1000
53966,0.000543266,0.543266,1000
53967,0.000395218,0.395218,1000
53968,0.000604439,0.604439,1000
53969,0.000999745,0.999745,1000
53970,0.000461692,0.461692,1000
53971,0.003962469,3.962469,1000
53972,0.003143564,3.143564,1000
53973,0.001111887,1.111887,1000
53974,0.00067672,0.67672,1000
53975,0.001232779,1.232779,1000
53976,0.000744055,0.744055,1000
53977,0.001107419,1.107419,1000
53978,0.001505839,1.505839,1000
53979,0.000991812,0.991812,1000
53980,0.000381624,0.381624,1000
53981,0.000730797,0.730797,1000
53982,0.000616158,0.616158,1000
53983,0.000988925,0.988925,1000
53984,0.000614131,0.614131,1000
53985,0.000575704,0.575704,1000
53986,0.000751929,0.751929,1000
53987,0.003265486,3.265486,1000
53988,0.000434391,0.434391,1000
53989,0.001158277,1.158277,1000
53990,0.000630497,0.630497,1000
53991,0.002958786,2.958786,1000
53992,0.082495434,82.495434,1000
53993,0.00068126,0.68126,1000
53994,0.001143594,1.143594,1000
53995,0.000471174,0.471174,1000
53996,0.000317783,0.317783,1000
53997,0.000740604,0.740604,1000
53998,0.000820665,0.820665,1000
53999,0.001150353,1.150353,1000
54000,0.000823349,0.823349,1000
54001,0.570735734,570.735734,1000
54002,0.000728709,0.728709,1000
54003,0.000764699,0.764699,1000
54004,0.001312558,1.312558,1000
54005,0.000851089,0.851089,1000
54006,0.028875913,28.875913,1000
54007,0.000533574,0.533574,1000
54008,0.056265063,56.265063,1000
54009,0.026588264,26.588264,1000
54010,0.008134238,8.134238,1000
54011,0.096694868,96.694868,1000
54012,0.000433711,0.433711,1000
54013,0.026555933,26.555933,1000
54014,0.096707558,96.707558,1000
54015,0.026705679,26.705679,1000
54016,0.008154974,8.154974,1000
54017,0.001268844,1.268844,1000
54018,0.016208592,16.208592,1000
54019,0.00396945,3.96945,1000
54020,0.00074381,0.74381,1000
54021,0.000801922,0.801922,1000
54022,0.00132427,1.32427,1000
54023,0.001147967,1.147967,1000
54024,0.000473428,0.473428,1000
54025,0.0009215,0.9215,1000
54026,0.000905193,0.905193,1000
54027,0.000982989,0.982989,1000
54028,0.001141219,1.141219,1000
54029,0.000776516,0.776516,1000
54030,0.000470218,0.470218,1000
54031,0.001130179,1.130179,1000
54032,0.001196307,1.196307,1000
54033,0.001158814,1.158814,1000
54034,0.000432414,0.432414,1000
54035,0.0238174,23.8174,1000
54036,0.027649583,27.649583,1000
54037,0.016261684,16.261684,1000
54038,0.000726034,0.726034,1000
54039,0.000598518,0.598518,1000
54040,0.000748175,0.748175,1000
54041,0.000983435,0.983435,1000
54042,0.000794262,0.794262,1000
54043,0.002070223,2.070223,1000
54044,0.000353106,0.353106,1000
54045,0.008114578,8.114578,1000
54046,0.001104592,1.104592,1000
54047,0.01653878,16.53878,1000
54048,0.000508198,0.508198,1000
54049,0.000995476,0.995476,1000
54050,0.00029553,0.29553,1000
54051,0.002520841,2.520841,1000
54052,0.00088864,0.88864,1000
54053,0.000979032,0.979032,1000
54054,0.001653617,1.653617,1000
54055,0.097036284,97.036284,1000
54056,0.000917629,0.917629,1000
54057,0.000742129,0.742129,1000
54058,0.000758676,0.758676,1000
54059,0.00103168,1.03168,1000
54060,0.005648333,5.648333,1000
54061,0.127965665,127.965665,1000
54062,0.001682956,1.682956,1000
54063,0.001041789,1.041789,1000
54064,0.002854637,2.854637,1000
54065,0.008076492,8.076492,1000
54066,0.001071083,1.071083,1000
54067,0.001003121,1.003121,1000
54068,0.595287691,595.287691,1000
54069,0.000669123,0.669123,1000
54070,0.076222766,76.222766,1000
54071,0.516244261,516.244261,1000
54072,0.00695993,6.95993,1000
54073,0.001217665,1.217665,1000
54074,0.000641814,0.641814,1000
54075,0.003649796,3.649796,1000
54076,0.000368736,0.368736,1000
54077,0.0160795,16.0795,1000
54078,0.002925694,2.925694,1000
54079,0.000749408,0.749408,1000
54080,0.000569002,0.569002,1000
54081,0.000808185,0.808185,1000
54082,0.06457589,64.57589,1000
54083,0.000817084,0.817084,1000
54084,0.001189638,1.189638,1000
54085,0.001031114,1.031114,1000
54086,0.000909863,0.909863,1000
54087,0.015034298,15.034298,1000
54088,0.001541348,1.541348,1000
54089,0.000414447,0.414447,1000
54090,0.000783777,0.783777,1000
54091,0.001480218,1.480218,1000
54092,0.001523569,1.523569,1000
54093,0.001231051,1.231051,1000
54094,0.009433768,9.433768,1000
54095,0.001136798,1.136798,1000
54096,0.000417469,0.417469,1000
54097,0.007587195,7.587195,1000
54098,0.008072375,8.072375,1000
54099,0.000932187,0.932187,1000
54100,0.000887226,0.887226,1000
54101,0.00177886,1.77886,1000
54102,0.000749354,0.749354,1000
54103,0.001284044,1.284044,1000
54104,0.000994202,0.994202,1000
54105,0.001018394,1.018394,1000
54106,0.014349867,14.349867,1000
54107,0.016073159,16.073159,1000
54108,0.010673271,10.673271,1000
54109,0.001062569,1.062569,1000
54110,0.000294465,0.294465,1000
54111,0.00051101,0.51101,1000
54112,0.06457915,64.57915,1000
54113,0.000626462,0.626462,1000
54114,0.000835887,0.835887,1000
54115,0.246325078,246.325078,1000
54116,0.016000402,16.000402,1000
54117,0.001097456,1.097456,1000
54118,0.001958109,1.958109,1000
54119,0.003915179,3.915179,1000
54120,0.001276792,1.276792,1000
54121,0.039861193,39.861193,1000
54122,0.001049903,1.049903,1000
54123,0.001526147,1.526147,1000
54124,0.001339782,1.339782,1000
54125,0.002992888,2.992888,1000
54126,0.001042957,1.042957,1000
54127,0.0015091,1.5091,1000
54128,0.000611707,0.611707,1000
54129,0.00297612,2.97612,1000
54130,0.050922098,50.922098,1000
54131,0.131269936,131.269936,1000
54132,0.000864807,0.864807,1000
54133,0.016049497,16.049497,1000
54134,0.001031719,1.031719,1000
54135,0.001294401,1.294401,1000
54136,0.000939809,0.939809,1000
54137,0.000738799,0.738799,1000
54138,0.000904249,0.904249,1000
54139,0.00117199,1.17199,1000
54140,0.00114796,1.14796,1000
54141,0.000666352,0.666352,1000
54142,0.000837358,0.837358,1000
54143,0.000983948,0.983948,1000
54144,0.000668616,0.668616,1000
54145,0.001364169,1.364169,1000
54146,0.00128331,1.28331,1000
54147,0.000602045,0.602045,1000
54148,0.001097456,1.097456,1000
54149,0.001042979,1.042979,1000
54150,0.006574639,6.574639,1000
54151,0.000966449,0.966449,1000
54152,0.019337387,19.337387,1000
54153,0.000783777,0.783777,1000
54154,0.000857311,0.857311,1000
54155,0.00075015,0.75015,1000
54156,0.000754701,0.754701,1000
54157,0.001062569,1.062569,1000
54158,0.000496178,0.496178,1000
54159,0.000992887,0.992887,1000
54160,0.00549946,5.49946,1000
54161,0.001000921,1.000921,1000
54162,0.00154718,1.54718,1000
54163,0.000763122,0.763122,1000
54164,0.00102169,1.02169,1000
54165,0.00103168,1.03168,1000
54166,0.001042979,1.042979,1000
54167,0.001553954,1.553954,1000
54168,0.010388949,10.388949,1000
54169,0.007589853,7.589853,1000
54170,0.003094142,3.094142,1000
54171,0.000839544,0.839544,1000
54172,0.000821961,0.821961,1000
54173,0.000836758,0.836758,1000
54174,0.00114829,1.14829,1000
54175,0.002700787,2.700787,1000
54176,0.000831593,0.831593,1000
54177,0.016279498,16.279498,1000
54178,0.001261236,1.261236,1000
54179,0.000944543,0.944543,1000
54180,0.007919652,7.919652,1000
54181,0.027592785,27.592785,1000
54182,0.001062379,1.062379,1000
54183,0.001327237,1.327237,1000
54184,0.001013051,1.013051,1000
54185,0.000931915,0.931915,1000
54186,0.000887288,0.887288,1000
54187,0.002952707,2.952707,1000
54188,0.001363194,1.363194,1000
54189,0.000878358,0.878358,1000
54190,0.000680376,0.680376,1000
54191,0.000691475,0.691475,1000
54192,0.000866972,0.866972,1000
54193,0.075919185,75.919185,1000
54194,0.022911235,22.911235,1000
54195,0.018634616,18.634616,1000
54196,0.001034275,1.034275,1000
54197,0.00121373,1.21373,1000
54198,0.001601399,1.601399,1000
54199,0.015059191,15.059191,1000
54200,0.001546107,1.546107,1000
54201,0.001336364,1.336364,1000
54202,0.001129102,1.129102,1000
54203,0.000960681,0.960681,1000
54204,0.000834547,0.834547,1000
54205,0.001062519,1.062519,1000
54206,0.001598572,1.598572,1000
54207,0.001242879,1.242879,1000
54208,0.001276753,1.276753,1000
54209,0.000522916,0.522916,1000
54210,0.000339836,0.339836,1000
54211,0.002110183,2.110183,1000
54212,0.001132976,1.132976,1000
54213,0.000953545,0.953545,1000
54214,0.000716026,0.716026,1000
54215,0.000485939,0.485939,1000
54216,0.001601399,1.601399,1000
54217,0.001006227,1.006227,1000
54218,0.002233272,2.233272,1000
54219,0.000634671,0.634671,1000
54220,0.001120078,1.120078,1000
54221,0.001100087,1.100087,1000
54222,0.000554327,0.554327,1000
54223,0.002964407,2.964407,1000
54224,0.001483455,1.483455,1000
54225,0.000712323,0.712323,1000
54226,0.014137023,14.137023,1000
54227,0.001249986,1.249986,1000
54228,0.000993186,0.993186,1000
54229,0.001000955,1.000955,1000
54230,0.000471454,0.471454,1000
54231,0.001502925,1.502925,1000
54232,0.000581163,0.581163,1000
54233,0.000909102,0.909102,1000
54234,0.000639625,0.639625,1000
54235,0.000710763,0.710763,1000
54236,0.000983199,0.983199,1000
54237,0.000825966,0.825966,1000
54238,0.012786194,12.786194,1000
54239,0.000727223,0.727223,1000
54240,0.000890849,0.890849,1000
54241,0.000976125,0.976125,1000
54242,0.000963771,0.963771,1000
54243,0.000770018,0.770018,1000
54244,0.000271708,0.271708,1000
54245,0.001441224,1.441224,1000
54246,0.001150921,1.150921,1000
54247,0.000985448,0.985448,1000
54248,0.001542051,1.542051,1000
54249,0.001171763,1.171763,1000
54250,0.001044721,1.044721,1000
54251,0.01844563,18.44563,1000
54252,0.001382615,1.382615,1000
54253,0.003376214,3.376214,1000
54254,0.001129235,1.129235,1000
54255,0.001367882,1.367882,1000
54256,0.002211248,2.211248,1000
54257,0.00103168,1.03168,1000
54258,0.002381791,2.381791,1000
54259,0.001218698,1.218698,1000
54260,0.001062541,1.062541,1000
54261,0.001042288,1.042288,1000
54262,0.004468043,4.468043,1000
54263,0.000976813,0.976813,1000
54264,0.000953672,0.953672,1000
54265,0.001393646,1.393646,1000
54266,0.001104592,1.104592,1000
54267,0.004815673,4.815673,1000
54268,0.001055466,1.055466,1000
54269,0.001890314,1.890314,1000
54270,0.01350061,13.50061,1000
54271,0.001134926,1.134926,1000
54272,0.002065459,2.065459,1000
54273,0.000904832,0.904832,1000
54274,0.001270917,1.270917,1000
54275,0.001382615,1.382615,1000
54276,0.001040747,1.040747,1000
54277,0.000906559,0.906559,1000
54278,0.000833524,0.833524,1000
54279,0.000924355,0.924355,1000
54280,0.000937184,0.937184,1000
54281,0.001194401,1.194401,1000
54282,0.000630442,0.630442,1000
54283,0.381745156,381.745156,1000
54284,0.000897364,0.897364,1000
54285,0.000771841,0.771841,1000
54286,0.000457831,0.457831,1000
54287,0.001338388,1.338388,1000
54288,0.001084629,1.084629,1000
54289,0.001207269,1.207269,1000
54290,0.000923168,0.923168,1000
54291,0.018975038,18.975038,1000
54292,0.012439783,12.439783,1000
54293,0.002632187,2.632187,1000
54294,0.001192164,1.192164,1000
54295,0.000820665,0.820665,1000
54296,0.000575798,0.575798,1000
54297,0.001248824,1.248824,1000
54298,0.000376877,0.376877,1000
54299,0.000917465,0.917465,1000
54300,0.001204942,1.204942,1000
54301,0.001149437,1.149437,1000
54302,0.001096676,1.096676,1000
54303,0.000851958,0.851958,1000
54304,0.000836664,0.836664,1000
54305,0.001062569,1.062569,1000
54306,0.007829165,7.829165,1000
54307,0.00103168,1.03168,1000
54308,0.001031429,1.031429,1000
54309,0.000749986,0.749986,1000
54310,0.007102298,7.102298,1000
54311,0.001450796,1.450796,1000
54312,0.001644281,1.644281,1000
54313,0.000783777,0.783777,1000
54314,0.001364385,1.364385,1000
54315,0.001000982,1.000982,1000
54316,0.001506688,1.506688,1000
54317,0.000708488,0.708488,1000
54318,0.000699086,0.699086,1000
54319,0.027243506,27.243506,1000
54320,0.000944646,0.944646,1000
54321,0.000767912,0.767912,1000
54322,0.000731485,0.731485,1000
54323,0.001062541,1.062541,1000
54324,0.000677107,0.677107,1000
54325,0.000768636,0.768636,1000
54326,0.000317061,0.317061,1000
54327,0.001525076,1.525076,1000
54328,0.000783777,0.783777,1000
54329,0.00997349,9.97349,1000
54330,0.001626389,1.626389,1000
54331,0.004064848,4.064848,1000
54332,0.000688277,0.688277,1000
54333,0.000565142,0.565142,1000
54334,0.001070943,1.070943,1000
54335,0.000630852,0.630852,1000
54336,0.002183,2.183,1000
54337,0.001542612,1.542612,1000
54338,0.000872539,0.872539,1000
54339,0.000993186,0.993186,1000
54340,0.000937184,0.937184,1000
54341,0.001162612,1.162612,1000
54342,0.000849621,0.849621,1000
54343,0.001102815,1.102815,1000
54344,0.000993186,0.993186,1000
54345,0.000793648,0.793648,1000
54346,0.194588522,194.588522,1000
54347,0.001214298,1.214298,1000
54348,0.003130206,3.130206,1000
54349,0.000453015,0.453015,1000
54350,0.001316108,1.316108,1000
54351,0.001698969,1.698969,1000
54352,0.023781747,23.781747,1000
54353,0.000573624,0.573624,1000
54354,0.027301935,27.301935,1000
54355,0.001198685,1.198685,1000
54356,0.000575139,0.575139,1000
54357,0.000617116,0.617116,1000
54358,0.001504766,1.504766,1000
54359,0.001637232,1.637232,1000
54360,0.00073988,0.73988,1000
54361,0.000931985,0.931985,1000
54362,0.001121216,1.121216,1000
54363,0.040235664,40.235664,1000
54364,0.000720469,0.720469,1000
54365,0.000979451,0.979451,1000
54366,0.000990227,0.990227,1000
54367,0.001561234,1.561234,1000
54368,0.000632089,0.632089,1000
54369,0.003306961,3.306961,1000
54370,0.000607047,0.607047,1000
54371,0.000631339,0.631339,1000
54372,0.00126726,1.26726,1000
54373,0.001784167,1.784167,1000
54374,0.001010462,1.010462,1000
54375,0.001388814,1.388814,1000
54376,0.00071816,0.71816,1000
54377,0.000802054,0.802054,1000
54378,0.001047109,1.047109,1000
54379,0.001108256,1.108256,1000
54380,0.000871452,0.871452,1000
54382,0.005870875,5.870875,1000
54383,0.000813123,0.813123,1000
54384,0.000572801,0.572801,1000
54385,0.000738203,0.738203,1000
54386,0.001225214,1.225214,1000
54387,0.000441496,0.441496,1000
54388,0.00081707,0.81707,1000
54389,0.001515421,1.515421,1000
54390,0.000694323,0.694323,1000
54391,0.011274829,11.274829,1000
54392,0.001084158,1.084158,1000
54393,0.001123895,1.123895,1000
54394,0.001317234,1.317234,1000
54395,0.001458463,1.458463,1000
54396,0.001264908,1.264908,1000
54397,0.00124307,1.24307,1000
54398,0.000825111,0.825111,1000
54399,0.00278381,2.78381,1000
54400,0.000643054,0.643054,1000
54401,0.001160197,1.160197,1000
54402,0.008034196,8.034196,1000
54403,0.000776978,0.776978,1000
54404,0.001306474,1.306474,1000
54405,0.000932164,0.932164,1000
54406,0.000998802,0.998802,1000
54407,0.000964089,0.964089,1000
54408,0.000774813,0.774813,1000
54409,0.001069915,1.069915,1000
54410,0.001753559,1.753559,1000
54411,0.002116518,2.116518,1000
54412,0.001072454,1.072454,1000
54413,0.000748473,0.748473,1000
54414,0.002231001,2.231001,1000
54415,0.00081312,0.81312,1000
54416,0.001608681,1.608681,1000
54417,0.00078378,0.78378,1000
54418,0.002829335,2.829335,1000
54419,0.000346303,0.346303,1000
54420,0.003320408,3.320408,1000
54421,0.008066198,8.066198,1000
54422,0.465195396,465.195396,1000
54423,0.000336303,0.336303,1000
54424,0.001612347,1.612347,1000
54425,0.001656285,1.656285,1000
54426,0.000974306,0.974306,1000
54427,0.000731879,0.731879,1000
54428,0.000783777,0.783777,1000
54429,0.00345509,3.45509,1000
54430,0.001000921,1.000921,1000
54431,0.000723253,0.723253,1000
54432,0.003475352,3.475352,1000
54434,0.001749287,1.749287,1000
54435,0.019439882,19.439882,1000
54436,0.001225755,1.225755,1000
54437,0.001134926,1.134926,1000
54438,0.002189646,2.189646,1000
54439,0.000918761,0.918761,1000
54440,0.00792581,7.92581,1000
54441,0.008323228,8.323228,1000
54442,0.000767909,0.767909,1000
54443,0.001411479,1.411479,1000
54444,0.00103168,1.03168,1000
54445,0.000845094,0.845094,1000
54446,0.001505839,1.505839,1000
54447,0.002078209,2.078209,1000
54448,0.001825149,1.825149,1000
54449,0.000895019,0.895019,1000
54450,0.001539939,1.539939,1000
54451,0.000311935,0.311935,1000
54452,0.002540902,2.540902,1000
54453,0.000624625,0.624625,1000
54454,0.001219505,1.219505,1000
54455,0.000813123,0.813123,1000
54456,0.000898646,0.898646,1000
54457,0.014986358,14.986358,1000
54458,0.000837829,0.837829,1000
54459,0.001386951,1.386951,1000
54460,0.001736342,1.736342,1000
54461,0.001461581,1.461581,1000
54462,0.000825461,0.825461,1000
54463,0.002008368,2.008368,1000
54464,0.001459396,1.459396,1000
54465,0.001480218,1.480218,1000
54466,0.000766901,0.766901,1000
54467,0.001620517,1.620517,1000
54468,0.000631395,0.631395,1000
54469,0.00129011,1.29011,1000
54470,0.001042957,1.042957,1000
54471,0.000891067,0.891067,1000
54472,0.006729446,6.729446,1000
54473,0.001117271,1.117271,1000
54474,0.000979628,0.979628,1000
54475,0.001372812,1.372812,1000
54476,0.000989093,0.989093,1000
54477,0.001515588,1.515588,1000
54478,0.001606087,1.606087,1000
54479,0.00056602,0.56602,1000
54480,0.002252495,2.252495,1000
54481,0.000961919,0.961919,1000
54482,0.001680446,1.680446,1000
54483,0.000599015,0.599015,1000
54484,0.000587389,0.587389,1000
54485,0.008029232,8.029232,1000
54486,0.001199128,1.199128,1000
54487,0.007783911,7.783911,1000
54488,0.001523648,1.523648,1000
54489,0.000545447,0.545447,1000
54490,0.017847281,17.847281,1000
54491,0.015830992,15.830992,1000
54492,0.003044634,3.044634,1000
54493,0.002329087,2.329087,1000
54494,0.000929317,0.929317,1000
54495,0.002116604,2.116604,1000
54496,0.001006227,1.006227,1000
54497,0.000644167,0.644167,1000
54498,0.00137604,1.37604,1000
54499,0.00122437,1.22437,1000
54500,0.00801344,8.01344,1000
54501,0.001750714,1.750714,1000
54502,0.046268162,46.268162,1000
54503,0.000824049,0.824049,1000
54504,0.000612039,0.612039,1000
54505,0.034663277,34.663277,1000
54506,0.001402266,1.402266,1000
54507,0.000888259,0.888259,1000
54508,0.001152602,1.152602,1000
54509,0.000622433,0.622433,1000
54510,0.000782372,0.782372,1000
54511,0.00122394,1.22394,1000
54512,0.001105741,1.105741,1000
54513,0.000813123,0.813123,1000
54514,0.000500265,0.500265,1000
54515,0.008940229,8.940229,1000
54516,0.008309306,8.309306,1000
54517,0.004287448,4.287448,1000
54518,0.000595225,0.595225,1000
54519,0.00107243,1.07243,1000
54520,0.000827753,0.827753,1000
54521,0.000825966,0.825966,1000
54522,0.000589793,0.589793,1000
54523,0.00090763,0.90763,1000
54524,0.000640712,0.640712,1000
54525,0.000968875,0.968875,1000
54526,0.000390695,0.390695,1000
54527,0.000397183,0.397183,1000
54528,0.000732889,0.732889,1000
54529,0.001123565,1.123565,1000
54530,0.000460427,0.460427,1000
54531,0.001036341,1.036341,1000
54532,0.014445067,14.445067,1000
54533,0.011048687,11.048687,1000
54534,0.003459349,3.459349,1000
54535,0.000816402,0.816402,1000
54536,0.000635717,0.635717,1000
54537,0.00199184,1.99184,1000
54538,0.000743804,0.743804,1000
54539,0.000892864,0.892864,1000
54540,0.001042957,1.042957,1000
54541,0.000993186,0.993186,1000
54542,0.001134139,1.134139,1000
54543,0.000623528,0.623528,1000
54544,0.001139001,1.139001,1000
54545,0.000839044,0.839044,1000
54546,0.000414063,0.414063,1000
54547,0.008261224,8.261224,1000
54548,0.002893914,2.893914,1000
54549,0.000847228,0.847228,1000
54550,0.00115098,1.15098,1000
54551,0.001061351,1.061351,1000
54552,0.001071083,1.071083,1000
54553,0.000871691,0.871691,1000
54554,0.008206499,8.206499,1000
54555,0.000887731,0.887731,1000
54556,0.000808492,0.808492,1000
54557,0.595283003,595.283003,1000
54558,0.000893975,0.893975,1000
54559,0.007911366,7.911366,1000
54560,0.001047998,1.047998,1000
54561,0.001043484,1.043484,1000
54562,0.008809256,8.809256,1000
54563,0.000386729,0.386729,1000
54564,0.000469797,0.469797,1000
54565,0.001222352,1.222352,1000
54566,0.000821778,0.821778,1000
54567,0.001385538,1.385538,1000
54568,0.001052218,1.052218,1000
54569,0.000726679,0.726679,1000
54571,0.001044324,1.044324,1000
54572,0.07073119,70.73119,1000
54573,0.000909918,0.909918,1000
54574,0.001287998,1.287998,1000
54575,0.001153177,1.153177,1000
54576,0.000526239,0.526239,1000
54577,0.001315818,1.315818,1000
54578,0.006270561,6.270561,1000
54579,0.001147967,1.147967,1000
54580,0.002813343,2.813343,1000
54581,0.001289429,1.289429,1000
54582,0.00106896,1.06896,1000
54583,0.001040506,1.040506,1000
54584,0.00103168,1.03168,1000
54585,0.026461854,26.461854,1000
54586,0.006127443,6.127443,1000
54587,0.001737287,1.737287,1000
54588,0.001376094,1.376094,1000
54589,0.003082553,3.082553,1000
54590,0.000783777,0.783777,1000
54591,0.001737802,1.737802,1000
54592,0.000720068,0.720068,1000
54593,0.000970668,0.970668,1000
54594,0.464272984,464.272984,1000
54595,0.001006165,1.006165,1000
54596,0.001002963,1.002963,1000
54597,0.131641267,131.641267,1000
54598,0.000615335,0.615335,1000
54599,0.001018311,1.018311,1000
54600,0.00110384,1.10384,1000
54601,0.002877898,2.877898,1000
54602,0.001048113,1.048113,1000
54603,0.002213654,2.213654,1000
54604,0.00067513,0.67513,1000
54605,0.00277667,2.77667,1000
54606,0.001096533,1.096533,1000
54607,0.003306934,3.306934,1000
54608,0.002298735,2.298735,1000
54609,0.001746026,1.746026,1000
54610,0.000598954,0.598954,1000
54611,0.001155282,1.155282,1000
54612,0.000854883,0.854883,1000
54613,0.001304323,1.304323,1000
54614,0.000740358,0.740358,1000
54615,0.000968041,0.968041,1000
54616,0.000939646,0.939646,1000
54617,0.000935513,0.935513,1000
54618,0.000911282,0.911282,1000
54619,0.001101141,1.101141,1000
54620,0.001141219,1.141219,1000
54621,0.000579728,0.579728,1000
54622,0.001746026,1.746026,1000
54623,0.002298833,2.298833,1000
54624,0.000703921,0.703921,1000
54625,0.000768195,0.768195,1000
54626,0.019102833,19.102833,1000
54627,0.001884248,1.884248,1000
54628,0.001188891,1.188891,1000
54629,0.000953545,0.953545,1000
54630,0.000671909,0.671909,1000
54631,0.003587784,3.587784,1000
54632,0.001525556,1.525556,1000
54633,0.001005626,1.005626,1000
54634,0.015966626,15.966626,1000
54635,0.000518716,0.518716,1000
54636,0.005917232,5.917232,1000
54637,0.000650359,0.650359,1000
54638,0.001636874,1.636874,1000
54639,0.000711599,0.711599,1000
54640,0.000582234,0.582234,1000
54641,0.002728135,2.728135,1000
54642,0.001260194,1.260194,1000
54643,0.000908547,0.908547,1000
54644,0.000839503,0.839503,1000
54645,0.010935246,10.935246,1000
54646,0.003256424,3.256424,1000
54647,0.001011095,1.011095,1000
54648,0.056474566,56.474566,1000
54649,0.016893853,16.893853,1000
54650,0.001409515,1.409515,1000
54651,0.001337773,1.337773,1000
54652,0.003732038,3.732038,1000
54653,0.006088041,6.088041,1000
54654,0.001006227,1.006227,1000
54655,0.00078862,0.78862,1000
54656,0.001712296,1.712296,1000
54657,0.001090356,1.090356,1000
54658,0.003241868,3.241868,1000
54659,0.002720021,2.720021,1000
54660,0.000684117,0.684117,1000
54661,0.000985227,0.985227,1000
54662,0.002905501,2.905501,1000
54663,0.001272114,1.272114,1000
54664,0.001505839,1.505839,1000
54665,0.000977663,0.977663,1000
54666,0.000677099,0.677099,1000
54667,0.001494598,1.494598,1000
54668,0.001532284,1.532284,1000
54669,0.001089833,1.089833,1000
54670,0.000795209,0.795209,1000
54671,0.010264886,10.264886,1000
54672,0.001134138,1.134138,1000
54673,0.001140258,1.140258,1000
54674,0.000783777,0.783777,1000
54675,0.004255551,4.255551,1000
54676,0.00064967,0.64967,1000
54677,0.06457589,64.57589,1000
54678,0.001486009,1.486009,1000
54679,0.001361887,1.361887,1000
54680,0.000953631,0.953631,1000
54681,0.001049624,1.049624,1000
54682,0.000825966,0.825966,1000
54683,0.001580734,1.580734,1000
54684,0.000873575,0.873575,1000
54685,0.001006227,1.006227,1000
54686,0.001629313,1.629313,1000
54687,0.000899696,0.899696,1000
54688,0.000993186,0.993186,1000
54689,0.001062519,1.062519,1000
54690,0.000878141,0.878141,1000
54691,0.000639592,0.639592,1000
54692,0.000705407,0.705407,1000
54693,0.029039851,29.039851,1000
54694,0.002875643,2.875643,1000
54695,0.000882272,0.882272,1000
54696,0.001609087,1.609087,1000
54697,0.002965213,2.965213,1000
54698,0.006536729,6.536729,1000
54699,0.001928629,1.928629,1000
54700,0.002947382,2.947382,1000
54701,0.000889471,0.889471,1000
54702,0.003117349,3.117349,1000
54703,0.000879151,0.879151,1000
54704,0.000826298,0.826298,1000
54705,0.012845513,12.845513,1000
54706,0.001070055,1.070055,1000
54707,0.000687115,0.687115,1000
54708,0.000953828,0.953828,1000
54709,0.001176784,1.176784,1000
54710,0.001069467,1.069467,1000
54711,0.008551647,8.551647,1000
54712,0.01602636,16.02636,1000
54713,0.000638798,0.638798,1000
54714,0.001239557,1.239557,1000
54715,0.00086679,0.86679,1000
54716,0.004198409,4.198409,1000
54717,0.003197509,3.197509,1000
54718,0.016871323,16.871323,1000
54719,0.000788664,0.788664,1000
54720,0.010518369,10.518369,1000
54721,0.001029153,1.029153,1000
54722,0.000753323,0.753323,1000
54723,0.000627137,0.627137,1000
54724,0.001092761,1.092761,1000
54725,0.001042957,1.042957,1000
54726,0.010012005,10.012005,1000
54727,0.007611306,7.611306,1000
54728,0.003534633,3.534633,1000
54729,0.003296928,3.296928,1000
54730,0.001319304,1.319304,1000
54731,0.000848933,0.848933,1000
54732,0.000572635,0.572635,1000
54733,0.008069049,8.069049,1000
54734,0.003141944,3.141944,1000
54735,0.00083102,0.83102,1000
54736,0.005434035,5.434035,1000
54737,0.000983435,0.983435,1000
54738,0.000845094,0.845094,1000
54739,0.000500831,0.500831,1000
54740,0.002990117,2.990117,1000
54741,0.001006227,1.006227,1000
54742,0.001431924,1.431924,1000
54743,0.000757838,0.757838,1000
54744,0.001281077,1.281077,1000
54745,0.001062055,1.062055,1000
54746,0.00070657,0.70657,1000
54747,0.000794337,0.794337,1000
54748,0.002517316,2.517316,1000
54749,0.001517401,1.517401,1000
54750,0.000993186,0.993186,1000
54751,0.000614232,0.614232,1000
54752,0.000709056,0.709056,1000
54753,0.001062519,1.062519,1000
54754,0.00105785,1.05785,1000
54755,0.013938882,13.938882,1000
54756,0.008454858,8.454858,1000
54757,0.00056687,0.56687,1000
54758,0.001141219,1.141219,1000
54759,0.075060653,75.060653,1000
54760,0.064580577,64.580577,1000
54761,0.000803536,0.803536,1000
54762,0.000839479,0.839479,1000
54763,0.000780113,0.780113,1000
54764,0.000870582,0.870582,1000
54765,0.001036963,1.036963,1000
54766,0.001144266,1.144266,1000
54767,0.000803958,0.803958,1000
54768,0.001230369,1.230369,1000
54769,0.001296787,1.296787,1000
54770,0.000813123,0.813123,1000
54771,0.000848783,0.848783,1000
54772,0.001091954,1.091954,1000
54773,0.000866795,0.866795,1000
54774,0.008692733,8.692733,1000
54775,0.00097892,0.97892,1000
54776,0.000881939,0.881939,1000
54777,0.000655815,0.655815,1000
54778,0.000709659,0.709659,1000
54779,0.000890739,0.890739,1000
54780,0.0026908,2.6908,1000
54781,0.001284625,1.284625,1000
54782,0.000750281,0.750281,1000
54783,0.00057574,0.57574,1000
54784,0.003396532,3.396532,1000
54785,0.000846659,0.846659,1000
54786,0.000843516,0.843516,1000
54787,0.000737763,0.737763,1000
54788,0.000790556,0.790556,1000
54789,0.001026773,1.026773,1000
54790,0.000920824,0.920824,1000
54791,0.0032484,3.2484,1000
54792,0.00087537,0.87537,1000
54793,0.000848835,0.848835,1000
54794,0.001281077,1.281077,1000
54795,0.003378361,3.378361,1000
54796,0.001070943,1.070943,1000
54797,0.00084383,0.84383,1000
54798,0.001666346,1.666346,1000
54799,0.001141219,1.141219,1000
54800,0.001212931,1.212931,1000
54801,0.000699777,0.699777,1000
54802,0.000824942,0.824942,1000
54803,0.000993124,0.993124,1000
54804,0.000798163,0.798163,1000
54805,0.006160282,6.160282,1000
54806,0.000925117,0.925117,1000
54807,0.000775722,0.775722,1000
54808,0.001363194,1.363194,1000
54809,0.000535662,0.535662,1000
54810,0.001312558,1.312558,1000
54811,0.000987788,0.987788,1000
54812,0.003204157,3.204157,1000
54813,0.000773174,0.773174,1000
54814,0.001590474,1.590474,1000
54815,0.001009146,1.009146,1000
54816,0.001520388,1.520388,1000
54817,0.001006227,1.006227,1000
54818,0.001439537,1.439537,1000
54819,0.008380825,8.380825,1000
54820,0.006688749,6.688749,1000
54821,0.001026696,1.026696,1000
54822,0.00103168,1.03168,1000
54823,0.000937243,0.937243,1000
54824,0.001275492,1.275492,1000
54825,0.00324684,3.24684,1000
54826,0.002977104,2.977104,1000
54827,0.001150993,1.150993,1000
54828,0.001370498,1.370498,1000
54829,0.001212592,1.212592,1000
54830,0.001225183,1.225183,1000
54831,0.002791884,2.791884,1000
54832,0.001480922,1.480922,1000
54833,0.008104193,8.104193,1000
54834,0.000923864,0.923864,1000
54835,0.002823673,2.823673,1000
54836,0.000859118,0.859118,1000
54837,0.001656844,1.656844,1000
54838,0.001218698,1.218698,1000
54839,0.000845711,0.845711,1000
54840,0.016089401,16.089401,1000
54841,0.001061344,1.061344,1000
54842,0.000836072,0.836072,1000
54843,0.019431623,19.431623,1000
54844,0.000949159,0.949159,1000
54845,0.001042817,1.042817,1000
54846,0.000601376,0.601376,1000
54847,0.000823061,0.823061,1000
54848,0.000741252,0.741252,1000
54849,0.00110343,1.10343,1000
54850,0.000538377,0.538377,1000
54851,0.001188227,1.188227,1000
54852,0.000778396,0.778396,1000
54853,0.010902269,10.902269,1000
54854,0.000913087,0.913087,1000
54855,0.000737294,0.737294,1000
54856,0.001062519,1.062519,1000
54857,0.000770554,0.770554,1000
54858,0.000953595,0.953595,1000
54859,0.00103168,1.03168,1000
54860,0.001592729,1.592729,1000
54861,0.000888259,0.888259,1000
54862,0.000507194,0.507194,1000
54863,0.001062379,1.062379,1000
54864,0.000924355,0.924355,1000
54865,0.023180951,23.180951,1000
54866,0.001116044,1.116044,1000
54867,0.045064889,45.064889,1000
54868,0.007145081,7.145081,1000
54869,0.006591154,6.591154,1000
54870,0.001045547,1.045547,1000
54871,0.001424746,1.424746,1000
54872,0.000579316,0.579316,1000
54873,0.004943837,4.943837,1000
54874,0.008868718,8.868718,1000
54875,0.007948685,7.948685,1000
54876,0.003027347,3.027347,1000
54877,0.001076934,1.076934,1000
54878,0.000615247,0.615247,1000
54879,0.001554702,1.554702,1000
54880,0.001483479,1.483479,1000
54881,0.001016988,1.016988,1000
54882,0.001198722,1.198722,1000
54883,0.001142578,1.142578,1000
54884,0.000396421,0.396421,1000
54885,0.000448564,0.448564,1000
54886,0.001060443,1.060443,1000
54887,0.001163615,1.163615,1000
54888,0.001321386,1.321386,1000
54889,0.000870882,0.870882,1000
54890,0.003071407,3.071407,1000
54891,0.008799881,8.799881,1000
54892,0.000941329,0.941329,1000
54893,0.000961946,0.961946,1000
54894,0.000787605,0.787605,1000
54895,0.001238386,1.238386,1000
54896,0.000866214,0.866214,1000
54897,0.003229932,3.229932,1000
54898,0.001608008,1.608008,1000
54899,0.000919308,0.919308,1000
54900,0.002275022,2.275022,1000
54901,0.000595596,0.595596,1000
54902,0.006812247,6.812247,1000
54903,0.000606698,0.606698,1000
54904,0.00141239,1.41239,1000
54905,0.000297116,0.297116,1000
54906,0.011486616,11.486616,1000
54907,0.003185392,3.185392,1000
54908,0.000993186,0.993186,1000
54909,0.000673687,0.673687,1000
54910,0.001238949,1.238949,1000
54911,0.000944138,0.944138,1000
54912,0.043866295,43.866295,1000
54913,0.000599817,0.599817,1000
54914,0.000632706,0.632706,1000
54915,0.001582927,1.582927,1000
54916,0.001249555,1.249555,1000
54917,0.001042957,1.042957,1000
54918,0.001205656,1.205656,1000
54919,0.000966563,0.966563,1000
54920,0.000775271,0.775271,1000
54921,0.00076539,0.76539,1000
54922,0.001982119,1.982119,1000
54923,0.000946783,0.946783,1000
54924,0.006086989,6.086989,1000
54925,0.000628687,0.628687,1000
54926,0.000851303,0.851303,1000
54927,0.000825966,0.825966,1000
54928,0.001913041,1.913041,1000
54929,0.000896154,0.896154,1000
54930,0.000676347,0.676347,1000
54931,0.003128708,3.128708,1000
54932,0.008809256,8.809256,1000
54933,0.000811077,0.811077,1000
54934,0.000735652,0.735652,1000
54935,0.000791616,0.791616,1000
54936,0.000881513,0.881513,1000
54937,0.004836037,4.836037,1000
54938,0.002357126,2.357126,1000
54939,0.002278156,2.278156,1000
54940,0.000751167,0.751167,1000
54941,0.004774818,4.774818,1000
54942,0.005383837,5.383837,1000
54943,0.000555291,0.555291,1000
54944,0.001144266,1.144266,1000
54945,0.000982271,0.982271,1000
54946,0.001313963,1.313963,1000
54947,0.000809304,0.809304,1000
54948,0.001701828,1.701828,1000
54949,0.001238344,1.238344,1000
54950,0.000636529,0.636529,1000
54951,0.000611077,0.611077,1000
54952,0.001334149,1.334149,1000
54953,0.003342442,3.342442,1000
54954,0.044515171,44.515171,1000
54955,0.001101265,1.101265,1000
54956,0.001217653,1.217653,1000
54957,0.011971082,11.971082,1000
54958,0.002954112,2.954112,1000
54959,0.000765136,0.765136,1000
54960,0.00111562,1.11562,1000
54961,0.00277763,2.77763,1000
54962,0.003076623,3.076623,1000
54963,0.001363194,1.363194,1000
54964,0.001213552,1.213552,1000
54965,0.002896773,2.896773,1000
54966,0.008536869,8.536869,1000
54967,0.000299954,0.299954,1000
54968,0.004765257,4.765257,1000
54969,0.000447125,0.447125,1000
54970,0.003452056,3.452056,1000
54971,0.001029119,1.029119,1000
54972,0.001062525,1.062525,1000
54973,0.001385075,1.385075,1000
54974,0.001041455,1.041455,1000
54975,0.000980516,0.980516,1000
54976,0.000732457,0.732457,1000
54977,0.001522519,1.522519,1000
54978,0.000915054,0.915054,1000
54979,0.023332759,23.332759,1000
54980,0.001031114,1.031114,1000
54981,0.001018268,1.018268,1000
54982,0.000439772,0.439772,1000
54983,0.003112875,3.112875,1000
54984,0.000984853,0.984853,1000
54985,0.000517419,0.517419,1000
54986,0.001018268,1.018268,1000
54987,0.00301517,3.01517,1000
54988,0.008064933,8.064933,1000
54989,0.003112875,3.112875,1000
54990,0.016200154,16.200154,1000
54991,0.083525766,83.525766,1000
54992,0.056385276,56.385276,1000
54993,0.008111423,8.111423,1000
54994,0.000742272,0.742272,1000
54995,0.001458055,1.458055,1000
54996,0.000755726,0.755726,1000
54997,0.002665579,2.665579,1000
54998,0.000605014,0.605014,1000
54999,0.00096617,0.96617,1000
55000,0.000833532,0.833532,1000
55001,0.000627611,0.627611,1000
55002,0.000725995,0.725995,1000
55003,0.110071209,110.071209,1000
55004,0.001082657,1.082657,1000
55005,0.001487606,1.487606,1000
55006,0.000756242,0.756242,1000
55007,0.00098284,0.98284,1000
55008,0.001145278,1.145278,1000
55009,0.024128786,24.128786,1000
55010,0.00809604,8.09604,1000
55011,0.000601997,0.601997,1000
55012,0.026685141,26.685141,1000
55013,0.003027926,3.027926,1000
55014,0.0018356,1.8356,1000
55015,0.001178723,1.178723,1000
55016,0.000764671,0.764671,1000
55017,0.000783777,0.783777,1000
55018,0.000714077,0.714077,1000
55019,0.008207082,8.207082,1000
55020,0.000846376,0.846376,1000
55021,0.000710233,0.710233,1000
55022,0.001609565,1.609565,1000
55023,0.000759457,0.759457,1000
55024,0.000780871,0.780871,1000
55025,0.00314596,3.14596,1000
55026,0.000937243,0.937243,1000
55028,0.001006942,1.006942,1000
55029,0.000568193,0.568193,1000
55030,0.001171504,1.171504,1000
55031,0.001409387,1.409387,1000
55032,0.003261118,3.261118,1000
55033,0.001190355,1.190355,1000
55034,0.000891204,0.891204,1000
55035,0.000936222,0.936222,1000
55036,0.002797616,2.797616,1000
55037,0.000982522,0.982522,1000
55038,0.001924122,1.924122,1000
55039,0.001348929,1.348929,1000
55040,0.0626501,62.6501,1000
55041,0.000883819,0.883819,1000
55042,0.000930279,0.930279,1000
55043,0.000970641,0.970641,1000
55044,0.001070445,1.070445,1000
55045,0.000850385,0.850385,1000
55046,0.001416113,1.416113,1000
55047,0.001171504,1.171504,1000
55048,0.000621449,0.621449,1000
55049,0.001215411,1.215411,1000
55050,0.000945243,0.945243,1000
55051,0.003397028,3.397028,1000
55052,0.00103168,1.03168,1000
55053,0.007215181,7.215181,1000
55054,0.000612362,0.612362,1000
55055,0.000783777,0.783777,1000
55056,0.001141219,1.141219,1000
55057,0.000581755,0.581755,1000
55058,0.001378197,1.378197,1000
55059,0.002922571,2.922571,1000
55060,0.060378773,60.378773,1000
55061,0.002788033,2.788033,1000
55062,0.004631627,4.631627,1000
55063,0.000947361,0.947361,1000
55064,0.010981285,10.981285,1000
55065,0.000903105,0.903105,1000
55066,0.000783777,0.783777,1000
55067,0.000930531,0.930531,1000
55068,0.001046377,1.046377,1000
55069,0.001041789,1.041789,1000
55070,0.00097173,0.97173,1000
55071,0.001041995,1.041995,1000
55072,0.001630047,1.630047,1000
55073,0.001160472,1.160472,1000
55074,0.000864249,0.864249,1000
55075,0.003218947,3.218947,1000
55076,0.000633987,0.633987,1000
55077,0.001140493,1.140493,1000
55078,0.004324246,4.324246,1000
55079,0.000918527,0.918527,1000
55080,0.001523569,1.523569,1000
55081,0.000759997,0.759997,1000
55082,0.001397822,1.397822,1000
55083,0.000919407,0.919407,1000
55084,0.000955861,0.955861,1000
55085,0.000873244,0.873244,1000
55086,0.001280899,1.280899,1000
55087,0.000752036,0.752036,1000
55088,0.000261409,0.261409,1000
55089,0.040072635,40.072635,1000
55090,0.000482803,0.482803,1000
55091,0.000945695,0.945695,1000
55092,0.001153201,1.153201,1000
55093,0.009202928,9.202928,1000
55094,0.001036372,1.036372,1000
55095,0.001042957,1.042957,1000
55096,0.001209105,1.209105,1000
55097,0.008242437,8.242437,1000
55099,0.002797735,2.797735,1000
55100,0.172303417,172.303417,1000
55101,0.000480016,0.480016,1000
55102,0.034781871,34.781871,1000
55103,0.000783777,0.783777,1000
55104,0.001201422,1.201422,1000
55105,0.060446952,60.446952,1000
55106,0.000913235,0.913235,1000
55107,0.000922909,0.922909,1000
55108,0.00086592,0.86592,1000
55109,0.000696034,0.696034,1000
55110,0.001134926,1.134926,1000
55111,0.002531884,2.531884,1000
55112,0.000766099,0.766099,1000
55113,0.000860624,0.860624,1000
55114,0.001520309,1.520309,1000
55115,0.016533539,16.533539,1000
55116,0.001609337,1.609337,1000
55117,0.003351701,3.351701,1000
55118,0.055398604,55.398604,1000
55119,0.007977977,7.977977,1000
55120,0.36902657,369.02657,1000
55121,0.000627108,0.627108,1000
55122,0.000908358,0.908358,1000
55123,0.001440724,1.440724,1000
55124,0.001062502,1.062502,1000
55125,0.001008497,1.008497,1000
55126,0.007554756,7.554756,1000
55127,0.000618039,0.618039,1000
55128,0.325975851,325.975851,1000
55129,0.00302554,3.02554,1000
55130,0.00103121,1.03121,1000
55131,0.008799881,8.799881,1000
55132,0.00609513,6.09513,1000
55133,0.000981801,0.981801,1000
55134,0.00085698,0.85698,1000
55135,0.002147538,2.147538,1000
55136,0.000821599,0.821599,1000
55137,0.000502203,0.502203,1000
55138,0.001692657,1.692657,1000
55139,0.000913925,0.913925,1000
55140,0.000744655,0.744655,1000
55141,0.001141219,1.141219,1000
55142,0.000657094,0.657094,1000
55143,0.000717618,0.717618,1000
55144,0.005821958,5.821958,1000
55145,0.001134926,1.134926,1000
55146,0.000846974,0.846974,1000
55147,0.000275804,0.275804,1000
55148,0.008834125,8.834125,1000
55149,0.464479221,464.479221,1000
55150,0.00104294,1.04294,1000
55151,0.001226319,1.226319,1000
55152,0.001266017,1.266017,1000
55153,0.001063213,1.063213,1000
55154,0.000604148,0.604148,1000
55155,0.000562058,0.562058,1000
55156,0.000845094,0.845094,1000
55157,0.000647336,0.647336,1000
55158,0.000784814,0.784814,1000
55159,0.000917028,0.917028,1000
55160,0.001747613,1.747613,1000
55161,0.000869108,0.869108,1000
55162,0.000666103,0.666103,1000
55163,0.001049602,1.049602,1000
55164,0.09124604,91.24604,1000
55165,0.008143479,8.143479,1000
55166,0.000861396,0.861396,1000
55167,0.058095822,58.095822,1000
55168,0.000677817,0.677817,1000
55169,0.001042207,1.042207,1000
55170,0.000738387,0.738387,1000
55171,0.000966563,0.966563,1000
55172,0.001162376,1.162376,1000
55173,0.004024057,4.024057,1000
55174,0.121199736,121.199736,1000
55175,0.002774416,2.774416,1000
55176,0.003095927,3.095927,1000
55177,0.040390045,40.390045,1000
55178,0.001052309,1.052309,1000
55179,0.001044721,1.044721,1000
55180,0.001142425,1.142425,1000
55181,0.003999246,3.999246,1000
55182,0.001006227,1.006227,1000
55183,0.001052337,1.052337,1000
55184,0.001068522,1.068522,1000
55185,0.000993124,0.993124,1000
55186,0.000846134,0.846134,1000
55187,0.001325315,1.325315,1000
55188,0.000569188,0.569188,1000
55189,0.001331713,1.331713,1000
55190,0.002936222,2.936222,1000
55191,0.000338857,0.338857,1000
55192,0.000606038,0.606038,1000
55193,0.004621921,4.621921,1000
55194,0.00337698,3.37698,1000
55195,0.008684794,8.684794,1000
55196,0.001042957,1.042957,1000
55197,0.021480796,21.480796,1000
55198,0.001056254,1.056254,1000
55199,0.001221487,1.221487,1000
55200,0.000700695,0.700695,1000
55201,0.001750714,1.750714,1000
55202,0.00061493,0.61493,1000
55203,0.00080462,0.80462,1000
55204,0.000885971,0.885971,1000
55205,0.000819189,0.819189,1000
55206,0.000870568,0.870568,1000
55207,0.004759963,4.759963,1000
55208,0.001096676,1.096676,1000
55209,0.008438476,8.438476,1000
55210,0.000793397,0.793397,1000
55211,0.000791601,0.791601,1000
55212,0.008152085,8.152085,1000
55213,0.000827345,0.827345,1000
55214,0.00087283,0.87283,1000
55215,0.000924355,0.924355,1000
55216,0.000924355,0.924355,1000
55217,0.000570166,0.570166,1000
55218,0.00114282,1.14282,1000
55219,0.00344604,3.44604,1000
55220,0.000924355,0.924355,1000
55221,0.016753706,16.753706,1000
55222,0.000569428,0.569428,1000
55223,0.004775771,4.775771,1000
55224,0.000746242,0.746242,1000
55225,0.001375699,1.375699,1000
55226,0.001569085,1.569085,1000
55227,0.000782666,0.782666,1000
55228,0.001312558,1.312558,1000
55229,0.029063484,29.063484,1000
55230,0.149451745,149.451745,1000
55231,0.000754258,0.754258,1000
55232,0.007364207,7.364207,1000
55233,0.01581452,15.81452,1000
55234,0.000920399,0.920399,1000
55235,0.014630647,14.630647,1000
55236,0.001150958,1.150958,1000
55237,0.001081154,1.081154,1000
55238,0.000935026,0.935026,1000
55239,0.000862249,0.862249,1000
55240,0.015984634,15.984634,1000
55241,0.011965837,11.965837,1000
55242,0.001512737,1.512737,1000
55243,0.002090125,2.090125,1000
55244,0.000743902,0.743902,1000
55245,0.000460702,0.460702,1000
55246,0.000878545,0.878545,1000
55247,0.000717271,0.717271,1000
55248,0.001317245,1.317245,1000
55250,0.001106114,1.106114,1000
55251,0.001591369,1.591369,1000
55252,0.004085153,4.085153,1000
55253,0.000549919,0.549919,1000
55254,0.000889706,0.889706,1000
55255,0.000878348,0.878348,1000
55256,0.00137604,1.37604,1000
55257,0.00103168,1.03168,1000
55258,0.001062569,1.062569,1000
55259,0.00164536,1.64536,1000
55260,0.00055516,0.55516,1000
55261,0.00081312,0.81312,1000
55262,0.000541125,0.541125,1000
55263,0.001141219,1.141219,1000
55264,0.000865987,0.865987,1000
55265,0.001014435,1.014435,1000
55266,0.002717939,2.717939,1000
55267,0.00081312,0.81312,1000
55268,0.001557963,1.557963,1000
55269,0.001612318,1.612318,1000
55270,0.008763952,8.763952,1000
55271,0.000773987,0.773987,1000
55272,0.026886556,26.886556,1000
55273,0.002216811,2.216811,1000
55274,0.001419672,1.419672,1000
55275,0.000361035,0.361035,1000
55276,0.001142276,1.142276,1000
55277,0.001918723,1.918723,1000
55278,0.003419249,3.419249,1000
55279,0.001542492,1.542492,1000
55280,0.000675058,0.675058,1000
55281,0.000739835,0.739835,1000
55282,0.000612267,0.612267,1000
55283,0.000475387,0.475387,1000
55284,0.00083583,0.83583,1000
55285,0.000598046,0.598046,1000
55286,0.001028351,1.028351,1000
55287,0.000535738,0.535738,1000
55288,0.000753323,0.753323,1000
55289,0.001062541,1.062541,1000
55290,0.018448329,18.448329,1000
55291,0.002438872,2.438872,1000
55292,0.004366131,4.366131,1000
55293,0.001088682,1.088682,1000
55294,0.002435623,2.435623,1000
55295,0.000575566,0.575566,1000
55296,0.000842579,0.842579,1000
55297,0.000533595,0.533595,1000
55298,0.002532009,2.532009,1000
55299,0.000528959,0.528959,1000
55300,0.001031246,1.031246,1000
55301,0.001749287,1.749287,1000
55302,0.003115501,3.115501,1000
55303,0.001041289,1.041289,1000
55304,0.000340182,0.340182,1000
55305,0.006310087,6.310087,1000
55306,0.001287444,1.287444,1000
55307,0.001134926,1.134926,1000
55308,0.001300202,1.300202,1000
55309,0.0039424,3.9424,1000
55310,0.002572622,2.572622,1000
55311,0.001361507,1.361507,1000
55312,0.00061353,0.61353,1000
55313,0.001006165,1.006165,1000
55314,0.001108042,1.108042,1000
55315,0.000896049,0.896049,1000
55316,0.000908819,0.908819,1000
55317,0.001217744,1.217744,1000
55318,0.001010699,1.010699,1000
55319,0.00082575,0.82575,1000
55320,0.001777832,1.777832,1000
55321,0.001544389,1.544389,1000
55322,0.000690671,0.690671,1000
55323,0.001900315,1.900315,1000
55324,0.014502449,14.502449,1000
55325,0.00113412,1.13412,1000
55326,0.003025231,3.025231,1000
55327,0.003504054,3.504054,1000
55328,0.002374417,2.374417,1000
55329,0.154241081,154.241081,1000
55330,0.000806392,0.806392,1000
55331,0.000756217,0.756217,1000
55332,0.000720068,0.720068,1000
55333,0.002894499,2.894499,1000
55334,0.008883507,8.883507,1000
55335,0.00069729,0.69729,1000
55336,0.001051865,1.051865,1000
55337,0.001265735,1.265735,1000
55338,0.002153753,2.153753,1000
55339,0.000564014,0.564014,1000
55340,0.007988946,7.988946,1000
55341,0.000908488,0.908488,1000
55342,0.000765527,0.765527,1000
55343,0.000683596,0.683596,1000
55344,0.00100138,1.00138,1000
55345,0.001042288,1.042288,1000
55346,0.001186225,1.186225,1000
55347,0.003054112,3.054112,1000
55348,0.006664963,6.664963,1000
55349,0.003104905,3.104905,1000
55350,0.013340342,13.340342,1000
55351,0.000871387,0.871387,1000
55352,0.002600395,2.600395,1000
55353,0.000511697,0.511697,1000
55354,0.002676008,2.676008,1000
55355,0.001070943,1.070943,1000
55356,0.00852165,8.52165,1000
55357,0.003850416,3.850416,1000
55358,0.000821781,0.821781,1000
55359,0.000841312,0.841312,1000
55360,0.010786904,10.786904,1000
55361,0.000898941,0.898941,1000
55362,0.001327438,1.327438,1000
55363,0.000952211,0.952211,1000
55364,0.00073586,0.73586,1000
55365,0.012649482,12.649482,1000
55366,0.001141219,1.141219,1000
55367,0.002882228,2.882228,1000
55368,0.002967431,2.967431,1000
55369,0.001081154,1.081154,1000
55370,0.00085321,0.85321,1000
55371,0.001124571,1.124571,1000
55372,0.013618263,13.618263,1000
55373,0.001182878,1.182878,1000
55374,0.000993186,0.993186,1000
55375,0.011385543,11.385543,1000
55376,0.000742836,0.742836,1000
55377,0.000570791,0.570791,1000
55378,0.007952213,7.952213,1000
55379,0.000977131,0.977131,1000
55380,0.003159184,3.159184,1000
55381,0.026640265,26.640265,1000
55382,0.00118482,1.18482,1000
55383,0.000817253,0.817253,1000
55384,0.003415157,3.415157,1000
55385,0.001927101,1.927101,1000
55386,0.000581868,0.581868,1000
55387,0.000658384,0.658384,1000
55388,0.008412444,8.412444,1000
55389,0.001862967,1.862967,1000
55390,0.00072746,0.72746,1000
55391,0.001342846,1.342846,1000
55392,0.000736433,0.736433,1000
55393,0.064562328,64.562328,1000
55394,0.001128329,1.128329,1000
55395,0.000708635,0.708635,1000
55396,0.000993186,0.993186,1000
55397,0.325584537,325.584537,1000
55398,0.04068843,40.68843,1000
55399,0.000645987,0.645987,1000
55400,0.00160624,1.60624,1000
55401,0.00078378,0.78378,1000
55402,0.000872452,0.872452,1000
55403,0.099910236,99.910236,1000
55404,0.002833436,2.833436,1000
55405,0.001074151,1.074151,1000
55406,0.000641704,0.641704,1000
55407,0.00098654,0.98654,1000
55408,0.000773789,0.773789,1000
55409,0.000867022,0.867022,1000
55410,0.064580577,64.580577,1000
55411,0.06457915,64.57915,1000
55412,0.000844307,0.844307,1000
55413,0.000623655,0.623655,1000
55414,0.000716084,0.716084,1000
55415,0.000811871,0.811871,1000
55416,0.000886946,0.886946,1000
55417,0.000839088,0.839088,1000
55418,0.000995352,0.995352,1000
55419,0.00042025,0.42025,1000
55420,0.00511054,5.11054,1000
55421,0.001402596,1.402596,1000
55422,0.00095258,0.95258,1000
55423,0.044011076,44.011076,1000
55424,0.001001692,1.001692,1000
55425,0.00092633,0.92633,1000
55426,0.000888848,0.888848,1000
55427,0.008809256,8.809256,1000
55428,0.000738106,0.738106,1000
55429,0.00039438,0.39438,1000
55430,0.000995922,0.995922,1000
55431,0.0015091,1.5091,1000
55432,0.000657141,0.657141,1000
55433,0.000812963,0.812963,1000
55434,0.001742862,1.742862,1000
55435,0.000993611,0.993611,1000
55436,0.000953613,0.953613,1000
55437,0.001006227,1.006227,1000
55438,0.007367176,7.367176,1000
55439,0.000706523,0.706523,1000
55440,0.000605355,0.605355,1000
55441,0.003710564,3.710564,1000
55442,0.026064777,26.064777,1000
55443,0.001750714,1.750714,1000
55444,0.000676363,0.676363,1000
55445,0.000784804,0.784804,1000
55446,0.000794012,0.794012,1000
55447,0.001735798,1.735798,1000
55448,0.00114829,1.14829,1000
55449,0.000849596,0.849596,1000
55450,0.016234163,16.234163,1000
55451,0.000714074,0.714074,1000
55452,0.001197266,1.197266,1000
55453,0.000820778,0.820778,1000
55454,0.001043007,1.043007,1000
55455,0.001151,1.151,1000
55456,0.039430784,39.430784,1000
55457,0.075307801,75.307801,1000
55458,0.001389408,1.389408,1000
55459,0.007574511,7.574511,1000
55460,0.001042957,1.042957,1000
55461,0.000853699,0.853699,1000
55462,0.001366454,1.366454,1000
55463,0.000670565,0.670565,1000
55464,0.001507982,1.507982,1000
55465,0.000953672,0.953672,1000
55466,0.000582524,0.582524,1000
55467,0.000530003,0.530003,1000
55468,0.008548421,8.548421,1000
55469,0.000554274,0.554274,1000
55470,0.001429611,1.429611,1000
55471,0.017834984,17.834984,1000
55473,0.000826306,0.826306,1000
55474,0.001520309,1.520309,1000
55475,0.00084888,0.84888,1000
55476,0.001706927,1.706927,1000
55477,0.001736342,1.736342,1000
55478,0.000729073,0.729073,1000
55479,0.000584824,0.584824,1000
55480,0.001042957,1.042957,1000
55481,0.015967925,15.967925,1000
55482,0.00870817,8.70817,1000
55483,0.000801904,0.801904,1000
55484,0.000979413,0.979413,1000
55485,0.000852861,0.852861,1000
55486,0.001523648,1.523648,1000
55487,0.001246149,1.246149,1000
55488,0.00068961,0.68961,1000
55489,0.001000963,1.000963,1000
55490,0.000684233,0.684233,1000
55491,0.001878396,1.878396,1000
55492,0.001352797,1.352797,1000
55493,0.011566914,11.566914,1000
55494,0.003167932,3.167932,1000
55495,0.001376094,1.376094,1000
55496,0.000595425,0.595425,1000
55497,0.001042957,1.042957,1000
55498,0.005491814,5.491814,1000
55499,0.026640619,26.640619,1000
55500,0.001042957,1.042957,1000
55501,0.002054084,2.054084,1000
55502,0.001134926,1.134926,1000
55503,0.000928141,0.928141,1000
55504,0.000543045,0.543045,1000
55505,0.002978323,2.978323,1000
55506,0.001062569,1.062569,1000
55507,0.001003806,1.003806,1000
55508,0.003320412,3.320412,1000
55509,0.006233736,6.233736,1000
55510,0.003395406,3.395406,1000
55511,0.000316448,0.316448,1000
55512,0.002282258,2.282258,1000
55513,0.000291329,0.291329,1000
55514,0.001198522,1.198522,1000
55515,0.018283232,18.283232,1000
55516,0.026850476,26.850476,1000
55517,0.008447306,8.447306,1000
55518,0.001165479,1.165479,1000
55519,0.008963642,8.963642,1000
55520,0.001038471,1.038471,1000
55521,0.001585587,1.585587,1000
55522,0.000959537,0.959537,1000
55523,0.001002107,1.002107,1000
55524,0.001004991,1.004991,1000
55525,0.000829808,0.829808,1000
55526,0.000786311,0.786311,1000
55527,0.026807686,26.807686,1000
55528,0.045338575,45.338575,1000
55529,0.001606087,1.606087,1000
55530,0.001205656,1.205656,1000
55531,0.002241087,2.241087,1000
55532,0.247922104,247.922104,1000
55533,0.00308985,3.08985,1000
55534,0.00078148,0.78148,1000
55535,0.001598572,1.598572,1000
55536,0.000572578,0.572578,1000
55537,0.001721273,1.721273,1000
55538,0.000747999,0.747999,1000
55539,0.000730641,0.730641,1000
55540,0.001042817,1.042817,1000
55541,0.000937311,0.937311,1000
55542,0.001011936,1.011936,1000
55543,0.026753092,26.753092,1000
55544,0.000721522,0.721522,1000
55545,0.000936221,0.936221,1000
55546,0.027076479,27.076479,1000
55547,0.001071066,1.071066,1000
55548,0.000856404,0.856404,1000
55549,0.000639664,0.639664,1000
55550,0.000326925,0.326925,1000
55551,0.001613775,1.613775,1000
55552,0.000817713,0.817713,1000
55553,0.000618464,0.618464,1000
55554,0.000687282,0.687282,1000
55555,0.001525181,1.525181,1000
55556,0.00205313,2.05313,1000
55557,0.005077074,5.077074,1000
55558,0.012227494,12.227494,1000
55559,0.005485967,5.485967,1000
55560,0.001010763,1.010763,1000
55561,0.002065277,2.065277,1000
55562,0.000813123,0.813123,1000
55563,0.001336247,1.336247,1000
55564,0.039982284,39.982284,1000
55565,0.000946783,0.946783,1000
55566,0.001265909,1.265909,1000
55567,0.00075016,0.75016,1000
55568,0.00129343,1.29343,1000
55569,0.001014983,1.014983,1000
55570,0.000990922,0.990922,1000
55571,0.001024048,1.024048,1000
55572,0.000741769,0.741769,1000
55573,0.008451858,8.451858,1000
55574,0.000670452,0.670452,1000
55575,0.000804033,0.804033,1000
55576,0.000937243,0.937243,1000
55577,0.010773055,10.773055,1000
55578,0.001641766,1.641766,1000
55579,0.014620248,14.620248,1000
55580,0.001305222,1.305222,1000
55581,0.000913437,0.913437,1000
55582,0.000812901,0.812901,1000
55583,0.008354823,8.354823,1000
55584,0.000768837,0.768837,1000
55585,0.00117285,1.17285,1000
55586,0.001151844,1.151844,1000
55587,0.000807468,0.807468,1000
55588,0.000699276,0.699276,1000
55589,0.000965633,0.965633,1000
55590,0.001006227,1.006227,1000
55591,0.001016955,1.016955,1000
55592,0.001449964,1.449964,1000
55593,0.000889947,0.889947,1000
55594,0.001059988,1.059988,1000
55595,0.000633202,0.633202,1000
55596,0.000773757,0.773757,1000
55597,0.001049426,1.049426,1000
55598,0.000625961,0.625961,1000
55599,0.000634165,0.634165,1000
55600,0.001334072,1.334072,1000
55601,0.000687837,0.687837,1000
55602,0.001144266,1.144266,1000
55603,0.001257841,1.257841,1000
55604,0.000830125,0.830125,1000
55605,0.000641873,0.641873,1000
55606,0.001668959,1.668959,1000
55607,0.000924355,0.924355,1000
55608,0.001492684,1.492684,1000
55609,0.000986513,0.986513,1000
55610,0.001627304,1.627304,1000
55611,0.000770237,0.770237,1000
55612,0.044437002,44.437002,1000
55613,0.001352624,1.352624,1000
55614,0.000931939,0.931939,1000
55615,0.000853258,0.853258,1000
55616,0.001062379,1.062379,1000
55617,0.000727714,0.727714,1000
55618,0.000783777,0.783777,1000
55619,0.001900234,1.900234,1000
55620,0.000827596,0.827596,1000
55621,0.001043007,1.043007,1000
55622,0.001217448,1.217448,1000
55623,0.001032379,1.032379,1000
55624,0.000836498,0.836498,1000
55625,0.0015091,1.5091,1000
55626,0.00078096,0.78096,1000
55627,0.001000982,1.000982,1000
55628,0.000884743,0.884743,1000
55629,0.001367289,1.367289,1000
55630,0.001041469,1.041469,1000
55631,0.001160149,1.160149,1000
55632,0.000813867,0.813867,1000
55633,0.000675355,0.675355,1000
55634,0.001444911,1.444911,1000
55635,0.001453099,1.453099,1000
55636,0.0011397,1.1397,1000
55637,0.000723185,0.723185,1000
55638,0.001342238,1.342238,1000
55639,0.024719603,24.719603,1000
55640,0.00114796,1.14796,1000
55641,0.000690584,0.690584,1000
55642,0.00309154,3.09154,1000
55643,0.001084053,1.084053,1000
55644,0.000716703,0.716703,1000
55645,0.001006227,1.006227,1000
55646,0.003365256,3.365256,1000
55647,0.001384749,1.384749,1000
55648,0.000791382,0.791382,1000
55649,0.000901917,0.901917,1000
55650,0.001437281,1.437281,1000
55651,0.001062569,1.062569,1000
55652,0.00073249,0.73249,1000
55653,0.010625535,10.625535,1000
55654,0.000341988,0.341988,1000
55655,0.000814768,0.814768,1000
55656,0.001029247,1.029247,1000
55657,0.000537236,0.537236,1000
55658,0.001098454,1.098454,1000
55659,0.001553224,1.553224,1000
55660,0.002633742,2.633742,1000
55661,0.000621201,0.621201,1000
55662,0.001080126,1.080126,1000
55663,0.001623754,1.623754,1000
55664,0.000797689,0.797689,1000
55665,0.000708186,0.708186,1000
55666,0.002083791,2.083791,1000
55667,0.004444986,4.444986,1000
55668,0.001115267,1.115267,1000
55669,0.003061128,3.061128,1000
55670,0.000524892,0.524892,1000
55671,0.001071066,1.071066,1000
55672,0.008989814,8.989814,1000
55673,0.000901388,0.901388,1000
55674,0.00081312,0.81312,1000
55675,0.000882371,0.882371,1000
55676,0.00097387,0.97387,1000
55677,0.001190231,1.190231,1000
55678,0.000514901,0.514901,1000
55679,0.001062519,1.062519,1000
55680,0.010958906,10.958906,1000
55681,0.002109783,2.109783,1000
55682,0.007479116,7.479116,1000
55683,0.083751038,83.751038,1000
55684,0.000826022,0.826022,1000
55685,0.000947527,0.947527,1000
55686,0.000972817,0.972817,1000
55687,0.008455248,8.455248,1000
55688,0.003023755,3.023755,1000
55689,0.001385075,1.385075,1000
55690,0.000675253,0.675253,1000
55691,0.001031514,1.031514,1000
55692,0.001042957,1.042957,1000
55693,0.000969553,0.969553,1000
55694,0.000422096,0.422096,1000
55695,0.004435973,4.435973,1000
55696,0.00096309,0.96309,1000
55697,0.00336556,3.36556,1000
55698,0.001062519,1.062519,1000
55699,0.000836752,0.836752,1000
55700,0.001186104,1.186104,1000
55701,0.000592904,0.592904,1000
55702,0.001062519,1.062519,1000
55703,0.000878036,0.878036,1000
55704,0.001114003,1.114003,1000
55705,0.000955008,0.955008,1000
55706,0.001004144,1.004144,1000
55707,0.00125679,1.25679,1000
55708,0.001062519,1.062519,1000
55709,0.000868532,0.868532,1000
55710,0.001296514,1.296514,1000
55711,0.000775985,0.775985,1000
55712,0.00081312,0.81312,1000
55713,0.000958455,0.958455,1000
55714,0.000626743,0.626743,1000
55715,0.007867876,7.867876,1000
55716,0.194588522,194.588522,1000
55717,0.000601504,0.601504,1000
55718,0.079699768,79.699768,1000
55719,0.000840633,0.840633,1000
55720,0.001160939,1.160939,1000
55721,0.001138634,1.138634,1000
55722,0.001424146,1.424146,1000
55723,0.001126925,1.126925,1000
55724,0.001382683,1.382683,1000
55725,0.001144266,1.144266,1000
55726,0.000644548,0.644548,1000
55727,0.000887779,0.887779,1000
55728,0.002775274,2.775274,1000
55729,0.000730803,0.730803,1000
55730,0.000867982,0.867982,1000
55731,0.001234823,1.234823,1000
55732,0.001520625,1.520625,1000
55733,0.003047623,3.047623,1000
55734,0.000768365,0.768365,1000
55735,0.000843891,0.843891,1000
55736,0.000987601,0.987601,1000
55737,0.001300248,1.300248,1000
55738,0.000885408,0.885408,1000
55739,0.00094942,0.94942,1000
55740,0.000861657,0.861657,1000
55741,0.000756882,0.756882,1000
55742,0.001018295,1.018295,1000
55743,0.000720068,0.720068,1000
55744,0.004944534,4.944534,1000
55745,0.002812568,2.812568,1000
55746,0.005719945,5.719945,1000
55747,0.000592816,0.592816,1000
55748,0.001070943,1.070943,1000
55749,0.000774027,0.774027,1000
55750,0.000896152,0.896152,1000
55751,0.001053303,1.053303,1000
55752,0.000993186,0.993186,1000
55753,0.000867022,0.867022,1000
55754,0.001014435,1.014435,1000
55755,0.000680484,0.680484,1000
55756,0.001617821,1.617821,1000
55757,0.003046479,3.046479,1000
55758,0.001010701,1.010701,1000
55759,0.000996701,0.996701,1000
55760,0.000867038,0.867038,1000
55761,0.000969434,0.969434,1000
55762,0.001665186,1.665186,1000
55763,0.000960681,0.960681,1000
55764,0.018076464,18.076464,1000
55765,0.000552792,0.552792,1000
55766,0.001269096,1.269096,1000
55767,0.000962922,0.962922,1000
55768,0.001347062,1.347062,1000
55769,0.00097393,0.97393,1000
55770,0.002938988,2.938988,1000
55771,0.00158615,1.58615,1000
55772,0.003615282,3.615282,1000
55773,0.001631217,1.631217,1000
55774,0.001793597,1.793597,1000
55775,0.009442922,9.442922,1000
55776,0.020305069,20.305069,1000
55777,0.000852156,0.852156,1000
55778,0.00119762,1.19762,1000
55779,0.000456155,0.456155,1000
55780,0.00104599,1.04599,1000
55781,0.010487688,10.487688,1000
55782,0.001872941,1.872941,1000
55783,0.002788583,2.788583,1000
55784,0.000874917,0.874917,1000
55785,0.000892135,0.892135,1000
55786,0.00246518,2.46518,1000
55787,0.001343387,1.343387,1000
55788,0.054954757,54.954757,1000
55789,0.000801458,0.801458,1000
55790,0.000690496,0.690496,1000
55791,0.001138578,1.138578,1000
55792,0.001063077,1.063077,1000
55793,0.000626037,0.626037,1000
55794,0.001268605,1.268605,1000
55795,0.000780056,0.780056,1000
55796,0.002254443,2.254443,1000
55797,0.001522309,1.522309,1000
55798,0.002955838,2.955838,1000
55799,0.00080124,0.80124,1000
55800,0.000748491,0.748491,1000
55801,0.000674642,0.674642,1000
55802,0.00079934,0.79934,1000
55803,0.004904391,4.904391,1000
55804,0.00081312,0.81312,1000
55805,0.000690971,0.690971,1000
55806,0.002482855,2.482855,1000
55807,0.000780076,0.780076,1000
55808,0.000728348,0.728348,1000
55809,0.000458491,0.458491,1000
55810,0.002146416,2.146416,1000
55811,0.000819852,0.819852,1000
55812,0.001030859,1.030859,1000
55813,0.001012175,1.012175,1000
55814,0.00557515,5.57515,1000
55815,0.008056869,8.056869,1000
55816,0.000457853,0.457853,1000
55817,0.02687592,26.87592,1000
55818,0.001071083,1.071083,1000
55819,0.000803855,0.803855,1000
55820,0.001074498,1.074498,1000
55821,0.001614528,1.614528,1000
55822,0.000330027,0.330027,1000
55823,0.009138018,9.138018,1000
55824,0.001134413,1.134413,1000
55825,0.000811615,0.811615,1000
55826,0.001081154,1.081154,1000
55827,0.00190723,1.90723,1000
55828,0.001333025,1.333025,1000
55829,0.17816252,178.16252,1000
55830,0.002047602,2.047602,1000
55831,0.018528911,18.528911,1000
55832,0.000601264,0.601264,1000
55833,0.000429575,0.429575,1000
55834,0.000732752,0.732752,1000
55835,0.000783777,0.783777,1000
55836,0.00137604,1.37604,1000
55837,0.000768237,0.768237,1000
55838,0.00117751,1.17751,1000
55839,0.001024987,1.024987,1000
55840,0.000582983,0.582983,1000
55841,0.003138086,3.138086,1000
55842,0.001143068,1.143068,1000
55843,0.00088666,0.88666,1000
55844,0.000437339,0.437339,1000
55845,0.000468913,0.468913,1000
55846,0.001706051,1.706051,1000
55847,0.000721108,0.721108,1000
55848,0.000969304,0.969304,1000
55849,0.001525181,1.525181,1000
55850,0.001030692,1.030692,1000
55851,0.000883238,0.883238,1000
55852,0.00081312,0.81312,1000
55853,0.000881433,0.881433,1000
55854,0.000593989,0.593989,1000
55855,0.001155214,1.155214,1000
55856,0.000537257,0.537257,1000
55857,0.001746026,1.746026,1000
55858,0.001208621,1.208621,1000
55859,0.000604467,0.604467,1000
55860,0.00029431,0.29431,1000
55861,0.001389564,1.389564,1000
55862,0.000423518,0.423518,1000
55863,0.001597145,1.597145,1000
55864,0.000922241,0.922241,1000
55865,0.001218698,1.218698,1000
55866,0.001592503,1.592503,1000
55867,0.006750629,6.750629,1000
55868,0.000711628,0.711628,1000
55869,0.001895896,1.895896,1000
55870,0.001080957,1.080957,1000
55871,0.001216942,1.216942,1000
55872,0.001134926,1.134926,1000
55873,0.001469991,1.469991,1000
55874,0.000753326,0.753326,1000
55875,0.000861396,0.861396,1000
55876,0.000596606,0.596606,1000
55877,0.000634714,0.634714,1000
55878,0.00043122,0.43122,1000
55879,0.000866877,0.866877,1000
55880,0.000613145,0.613145,1000
55881,0.00053421,0.53421,1000
55882,0.001943631,1.943631,1000
55883,0.004703546,4.703546,1000
55884,0.042724597,42.724597,1000
55885,0.000659973,0.659973,1000
55886,0.003761087,3.761087,1000
55887,0.006579957,6.579957,1000
55888,0.000658414,0.658414,1000
55889,0.000764688,0.764688,1000
55890,0.000939098,0.939098,1000
55891,0.000248713,0.248713,1000
55892,0.000500203,0.500203,1000
55893,0.000464267,0.464267,1000
55894,0.001687941,1.687941,1000
55895,0.000937371,0.937371,1000
55896,0.001510527,1.510527,1000
55897,0.000825966,0.825966,1000
55898,0.000785801,0.785801,1000
55899,0.000780915,0.780915,1000
55900,0.000617348,0.617348,1000
55901,0.001068658,1.068658,1000
55902,0.000585215,0.585215,1000
55903,0.000993186,0.993186,1000
55904,0.002938056,2.938056,1000
55905,0.000713111,0.713111,1000
55906,0.000987045,0.987045,1000
55907,0.002812317,2.812317,1000
55908,0.00063793,0.63793,1000
55909,0.001506178,1.506178,1000
55910,0.001603844,1.603844,1000
55911,0.001363849,1.363849,1000
55912,0.001062519,1.062519,1000
55913,0.00082055,0.82055,1000
55914,0.008244866,8.244866,1000
55915,0.008222186,8.222186,1000
55916,0.00109471,1.09471,1000
55917,0.000578909,0.578909,1000
55918,0.00081312,0.81312,1000
55919,0.000998599,0.998599,1000
55920,0.001184545,1.184545,1000
55921,0.001262262,1.262262,1000
55922,0.001605656,1.605656,1000
55923,0.001062204,1.062204,1000
55924,0.000739849,0.739849,1000
55925,0.000761231,0.761231,1000
55926,0.001143068,1.143068,1000
55927,0.000741864,0.741864,1000
55928,0.001028071,1.028071,1000
55929,0.000678997,0.678997,1000
55930,0.000482542,0.482542,1000
55931,0.00105043,1.05043,1000
55932,0.001099612,1.099612,1000
55933,0.001020178,1.020178,1000
55934,0.000783777,0.783777,1000
55935,0.000432784,0.432784,1000
55936,0.004823133,4.823133,1000
55937,0.001157665,1.157665,1000
55938,0.00081312,0.81312,1000
55939,0.001129136,1.129136,1000
55940,0.000845438,0.845438,1000
55941,0.000319657,0.319657,1000
55942,0.000749479,0.749479,1000
55943,0.001297938,1.297938,1000
55944,0.001140786,1.140786,1000
55945,0.001708354,1.708354,1000
55946,0.001135222,1.135222,1000
55947,0.000775947,0.775947,1000
55948,0.001177082,1.177082,1000
55949,0.000755803,0.755803,1000
55950,0.000487908,0.487908,1000
55951,0.001486996,1.486996,1000
55952,0.001746026,1.746026,1000
55953,0.000754299,0.754299,1000
55954,0.003042727,3.042727,1000
55955,0.001524613,1.524613,1000
55956,0.000993186,0.993186,1000
55957,0.000802094,0.802094,1000
55958,0.001798906,1.798906,1000
55959,0.001334072,1.334072,1000
55960,0.001053444,1.053444,1000
55961,0.000636975,0.636975,1000
55962,0.000396489,0.396489,1000
55963,0.00310916,3.10916,1000
55964,0.001821889,1.821889,1000
55965,0.000892337,0.892337,1000
55966,0.000987133,0.987133,1000
55967,0.000778466,0.778466,1000
55968,0.020297182,20.297182,1000
55969,0.064552953,64.552953,1000
55970,0.00280597,2.80597,1000
55971,0.000584396,0.584396,1000
55972,0.000488052,0.488052,1000
55973,0.003250936,3.250936,1000
55974,0.000389978,0.389978,1000
55975,0.002973803,2.973803,1000
55976,0.000587157,0.587157,1000
55977,0.001152388,1.152388,1000
55978,0.030629157,30.629157,1000
55979,0.016061358,16.061358,1000
55980,0.064580577,64.580577,1000
55981,0.000254738,0.254738,1000
55982,0.001459061,1.459061,1000
55983,0.000809833,0.809833,1000
55984,0.000710765,0.710765,1000
55985,0.001460708,1.460708,1000
55986,0.001104592,1.104592,1000
55987,0.000755183,0.755183,1000
55988,0.001122049,1.122049,1000
55989,0.000715781,0.715781,1000
55990,0.00071051,0.71051,1000
55991,0.000801904,0.801904,1000
55992,0.001709983,1.709983,1000
55993,0.000884831,0.884831,1000
55994,0.000843292,0.843292,1000
55995,0.000906664,0.906664,1000
55996,0.00081475,0.81475,1000
55997,0.000812963,0.812963,1000
55998,0.00133053,1.33053,1000
55999,0.064790422,64.790422,1000
56000,0.001978117,1.978117,1000
56001,0.001090264,1.090264,1000
56002,0.005137435,5.137435,1000
56003,0.000667305,0.667305,1000
56004,0.000926603,0.926603,1000
56005,0.000730689,0.730689,1000
56006,0.001592987,1.592987,1000
56007,0.001043007,1.043007,1000
56008,0.00112942,1.12942,1000
56009,0.001916125,1.916125,1000
56010,0.000873829,0.873829,1000
56011,0.005369888,5.369888,1000
56012,0.001076934,1.076934,1000
56013,0.004464302,4.464302,1000
56014,0.001138634,1.138634,1000
56015,0.00261188,2.61188,1000
56016,0.00077165,0.77165,1000
56017,0.009138018,9.138018,1000
56018,0.001330285,1.330285,1000
56019,0.001547546,1.547546,1000
56020,0.000823193,0.823193,1000
56021,0.001480195,1.480195,1000
56022,0.025318431,25.318431,1000
56023,0.002836659,2.836659,1000
56024,0.000926543,0.926543,1000
56025,0.00077581,0.77581,1000
56026,0.001342535,1.342535,1000
56027,0.000772561,0.772561,1000
56028,0.000916986,0.916986,1000
56029,0.00176817,1.76817,1000
56030,0.001546778,1.546778,1000
56031,0.008048621,8.048621,1000
56032,0.00063585,0.63585,1000
56033,0.000813123,0.813123,1000
56034,0.000931986,0.931986,1000
56035,0.000582004,0.582004,1000
56036,0.000647939,0.647939,1000
56037,0.001073588,1.073588,1000
56038,0.064580577,64.580577,1000
56039,0.000953672,0.953672,1000
56040,0.001042319,1.042319,1000
56041,0.001062541,1.062541,1000
56042,0.001224198,1.224198,1000
56043,0.076059752,76.059752,1000
56044,0.000801267,0.801267,1000
56045,0.001062519,1.062519,1000
56046,0.056816617,56.816617,1000
56047,0.001032629,1.032629,1000
56048,0.002022449,2.022449,1000
56049,0.007745762,7.745762,1000
56050,0.000981935,0.981935,1000
56052,0.00549637,5.49637,1000
56053,0.000712117,0.712117,1000
56054,0.037290169,37.290169,1000
56055,0.000954926,0.954926,1000
56056,0.002401201,2.401201,1000
56057,0.001054026,1.054026,1000
56058,0.001494556,1.494556,1000
56059,0.001570947,1.570947,1000
56060,0.000688889,0.688889,1000
56061,0.000508796,0.508796,1000
56062,0.001476395,1.476395,1000
56063,0.000316712,0.316712,1000
56064,0.003035961,3.035961,1000
56065,0.001147967,1.147967,1000
56066,0.000730868,0.730868,1000
56067,0.000785225,0.785225,1000
56068,0.003863024,3.863024,1000
56069,0.001009654,1.009654,1000
56070,0.001157719,1.157719,1000
56071,0.001015544,1.015544,1000
56072,0.001100091,1.100091,1000
56073,0.056254959,56.254959,1000
56074,0.002773339,2.773339,1000
56075,0.00101215,1.01215,1000
56076,0.00067187,0.67187,1000
56077,0.000727481,0.727481,1000
56078,0.000615678,0.615678,1000
56079,0.043964438,43.964438,1000
56080,0.000791267,0.791267,1000
56081,0.000920038,0.920038,1000
56082,0.019284415,19.284415,1000
56083,0.001147599,1.147599,1000
56084,0.007743573,7.743573,1000
56085,0.000850501,0.850501,1000
56086,0.000619296,0.619296,1000
56087,0.001151399,1.151399,1000
56088,0.00138256,1.38256,1000
56089,0.000795732,0.795732,1000
56090,0.000691533,0.691533,1000
56091,0.0002455,0.2455,1000
56092,0.016372205,16.372205,1000
56093,0.00078378,0.78378,1000
56094,0.000948669,0.948669,1000
56095,0.001343645,1.343645,1000
56096,0.008164334,8.164334,1000
56097,0.000954263,0.954263,1000
56098,0.004949064,4.949064,1000
56099,0.020793633,20.793633,1000
56100,0.000716261,0.716261,1000
56101,0.000681325,0.681325,1000
56102,0.001115182,1.115182,1000
56103,0.003878869,3.878869,1000
56104,0.002917826,2.917826,1000
56105,0.00104294,1.04294,1000
56106,0.008208645,8.208645,1000
56107,0.07545104,75.45104,1000
56108,0.001266193,1.266193,1000
56109,0.001162515,1.162515,1000
56110,0.001552939,1.552939,1000
56111,0.00071613,0.71613,1000
56112,0.008232384,8.232384,1000
56113,0.000606042,0.606042,1000
56114,0.038975506,38.975506,1000
56115,0.001393216,1.393216,1000
56116,0.003684255,3.684255,1000
56117,0.001143068,1.143068,1000
56118,0.00108493,1.08493,1000
56119,0.000427929,0.427929,1000
56120,0.000854685,0.854685,1000
56121,0.001164106,1.164106,1000
56122,0.001062502,1.062502,1000
56123,0.008226597,8.226597,1000
56124,0.000674525,0.674525,1000
56125,0.001134919,1.134919,1000
56126,0.001042979,1.042979,1000
56127,0.000491758,0.491758,1000
56128,0.053549627,53.549627,1000
56129,0.003825196,3.825196,1000
56130,0.00790157,7.90157,1000
56131,0.00162086,1.62086,1000
56132,0.000798611,0.798611,1000
56133,0.000753806,0.753806,1000
56134,0.008254813,8.254813,1000
56135,0.001208011,1.208011,1000
56136,0.001141219,1.141219,1000
56137,0.000921041,0.921041,1000
56138,0.001034166,1.034166,1000
56139,0.015380251,15.380251,1000
56140,0.001011936,1.011936,1000
56141,0.000850113,0.850113,1000
56142,0.026335988,26.335988,1000
56143,0.016899693,16.899693,1000
56144,0.000993186,0.993186,1000
56145,0.015335261,15.335261,1000
56146,0.000909501,0.909501,1000
56147,0.00068939,0.68939,1000
56148,0.001647025,1.647025,1000
56149,0.001011936,1.011936,1000
56150,0.000397851,0.397851,1000
56151,0.000860226,0.860226,1000
56152,0.0018505,1.8505,1000
56153,0.001330285,1.330285,1000
56154,0.001750094,1.750094,1000
56155,0.003041453,3.041453,1000
56156,0.00304823,3.04823,1000
56157,0.001304071,1.304071,1000
56158,0.001043007,1.043007,1000
56159,0.001720278,1.720278,1000
56160,0.001006227,1.006227,1000
56161,0.001006227,1.006227,1000
56162,0.00145301,1.45301,1000
56163,0.001081154,1.081154,1000
56164,0.000993186,0.993186,1000
56165,0.000664941,0.664941,1000
56166,0.001011936,1.011936,1000
56167,0.000690351,0.690351,1000
56168,0.000621415,0.621415,1000
56169,0.000894952,0.894952,1000
56170,0.003064137,3.064137,1000
56171,0.001077387,1.077387,1000
56172,0.121179194,121.179194,1000
56173,0.000978439,0.978439,1000
56174,0.001513667,1.513667,1000
56175,0.001712818,1.712818,1000
56176,0.121251573,121.251573,1000
56177,0.000774919,0.774919,1000
56178,0.01596172,15.96172,1000
56179,0.004978681,4.978681,1000
56180,0.009259602,9.259602,1000
56181,0.000720579,0.720579,1000
56182,0.001120389,1.120389,1000
56183,0.003265143,3.265143,1000
56184,0.001561902,1.561902,1000
56185,0.001335576,1.335576,1000
56186,0.017250803,17.250803,1000
56187,0.000700222,0.700222,1000
56188,0.027103093,27.103093,1000
56189,0.016193636,16.193636,1000
56190,0.178294369,178.294369,1000
56191,0.001173097,1.173097,1000
56192,0.096863866,96.863866,1000
56193,0.000964089,0.964089,1000
56194,0.000926977,0.926977,1000
56195,0.000975421,0.975421,1000
56196,0.001134926,1.134926,1000
56197,0.000438309,0.438309,1000
56198,0.00292967,2.92967,1000
56199,0.017114884,17.114884,1000
56200,0.001371127,1.371127,1000
56201,0.000912775,0.912775,1000
56202,0.001260919,1.260919,1000
56203,0.000783777,0.783777,1000
56204,0.001187011,1.187011,1000
56205,0.000879236,0.879236,1000
56206,0.000900752,0.900752,1000
56207,0.001633535,1.633535,1000
56208,0.001058391,1.058391,1000
56209,0.001029052,1.029052,1000
56210,0.000811077,0.811077,1000
56211,0.000427878,0.427878,1000
56212,0.000553371,0.553371,1000
56213,0.001288394,1.288394,1000
56214,0.000632494,0.632494,1000
56215,0.001413817,1.413817,1000
56216,0.000861396,0.861396,1000
56217,0.00400975,4.00975,1000
56218,0.000710763,0.710763,1000
56219,0.000937243,0.937243,1000
56220,0.001009092,1.009092,1000
56221,0.00108973,1.08973,1000
56222,0.00064871,0.64871,1000
56223,0.000662906,0.662906,1000
56224,0.003006568,3.006568,1000
56225,0.004431408,4.431408,1000
56226,0.009474169,9.474169,1000
56227,0.016025857,16.025857,1000
56228,0.000716968,0.716968,1000
56229,0.001493841,1.493841,1000
56230,0.001167489,1.167489,1000
56231,0.035267486,35.267486,1000
56232,0.005884168,5.884168,1000
56233,0.000489983,0.489983,1000
56234,0.000439423,0.439423,1000
56235,0.00067851,0.67851,1000
56236,0.000685625,0.685625,1000
56237,0.000672432,0.672432,1000
56238,0.000858197,0.858197,1000
56239,0.02042348,20.42348,1000
56240,0.001145262,1.145262,1000
56241,0.001052058,1.052058,1000
56242,0.000647292,0.647292,1000
56243,0.000601861,0.601861,1000
56244,0.001412853,1.412853,1000
56245,0.001141219,1.141219,1000
56246,0.000871554,0.871554,1000
56247,0.000659899,0.659899,1000
56248,0.001006227,1.006227,1000
56249,0.003127931,3.127931,1000
56250,0.000901447,0.901447,1000
56251,0.001821889,1.821889,1000
56252,0.000797134,0.797134,1000
56253,0.000609579,0.609579,1000
56254,0.001522089,1.522089,1000
56255,0.004867815,4.867815,1000
56256,0.000688915,0.688915,1000
56257,0.001288298,1.288298,1000
56258,0.00486818,4.86818,1000
56259,0.00400975,4.00975,1000
56260,0.178290391,178.290391,1000
56261,0.000643562,0.643562,1000
56262,0.004527632,4.527632,1000
56263,0.000522299,0.522299,1000
56264,0.001840307,1.840307,1000
56265,0.000995922,0.995922,1000
56266,0.003323689,3.323689,1000
56267,0.001374222,1.374222,1000
56268,0.01217707,12.17707,1000
56269,0.000953545,0.953545,1000
56270,0.000730325,0.730325,1000
56271,0.000604574,0.604574,1000
56272,0.002880178,2.880178,1000
56273,0.000782615,0.782615,1000
56274,0.000509222,0.509222,1000
56275,0.000937243,0.937243,1000
56276,0.00053257,0.53257,1000
56277,0.001010701,1.010701,1000
56278,0.000937243,0.937243,1000
56279,0.001913041,1.913041,1000
56280,0.000979319,0.979319,1000
56281,0.00240049,2.40049,1000
56282,0.001735767,1.735767,1000
56283,0.000361527,0.361527,1000
56284,0.000561203,0.561203,1000
56285,0.000849029,0.849029,1000
56286,0.006305752,6.305752,1000
56287,0.001062541,1.062541,1000
56288,0.001006227,1.006227,1000
56289,0.000310082,0.310082,1000
56290,0.061959656,61.959656,1000
56291,0.002234707,2.234707,1000
56292,0.002899519,2.899519,1000
56293,0.001061881,1.061881,1000
56294,0.003590039,3.590039,1000
56295,0.005531563,5.531563,1000
56296,0.001505839,1.505839,1000
56297,0.000783777,0.783777,1000
56298,0.000420589,0.420589,1000
56299,0.00045849,0.45849,1000
56300,0.000741279,0.741279,1000
56301,0.001073083,1.073083,1000
56302,0.001149588,1.149588,1000
56303,0.001000065,1.000065,1000
56304,0.001327025,1.327025,1000
56305,0.009848503,9.848503,1000
56306,0.006562985,6.562985,1000
56307,0.595283003,595.283003,1000
56308,0.000590286,0.590286,1000
56309,0.000908865,0.908865,1000
56310,0.004026568,4.026568,1000
56311,0.000773326,0.773326,1000
56312,0.00059544,0.59544,1000
56313,0.000952359,0.952359,1000
56314,0.001357126,1.357126,1000
56315,0.000894256,0.894256,1000
56316,0.000902679,0.902679,1000
56317,0.002504202,2.504202,1000
56318,0.001238847,1.238847,1000
56319,0.009002413,9.002413,1000
56320,0.001512117,1.512117,1000
56321,0.000611543,0.611543,1000
56322,0.018852589,18.852589,1000
56323,0.0007943,0.7943,1000
56324,0.000947527,0.947527,1000
56325,0.000666856,0.666856,1000
56326,0.001094097,1.094097,1000
56327,0.00081312,0.81312,1000
56328,0.000854389,0.854389,1000
56329,0.001204615,1.204615,1000
56330,0.000404156,0.404156,1000
56331,0.002765655,2.765655,1000
56332,0.000774355,0.774355,1000
56333,0.001151,1.151,1000
56334,0.000775685,0.775685,1000
56335,0.001146206,1.146206,1000
56336,0.001453099,1.453099,1000
56337,0.000962584,0.962584,1000
56338,0.000772707,0.772707,1000
56339,0.003372591,3.372591,1000
56340,0.001018043,1.018043,1000
56341,0.01233738,12.33738,1000
56342,0.001164458,1.164458,1000
56343,0.000649908,0.649908,1000
56344,0.001520493,1.520493,1000
56345,0.008161149,8.161149,1000
56346,0.000902388,0.902388,1000
56347,0.026962422,26.962422,1000
56348,0.005738997,5.738997,1000
56349,0.003056383,3.056383,1000
56350,0.056283356,56.283356,1000
56351,0.005799251,5.799251,1000
56352,0.001698543,1.698543,1000
56353,0.001444326,1.444326,1000
56354,0.00070446,0.70446,1000
56355,0.001157765,1.157765,1000
56356,0.000775372,0.775372,1000
56357,0.001062502,1.062502,1000
56358,0.001069915,1.069915,1000
56359,0.013298418,13.298418,1000
56360,0.001605432,1.605432,1000
56361,0.037436692,37.436692,1000
56362,0.001092097,1.092097,1000
56363,0.00081312,0.81312,1000
56365,0.004224435,4.224435,1000
56366,0.00081312,0.81312,1000
56368,0.001523569,1.523569,1000
56369,0.001153677,1.153677,1000
56370,0.004630582,4.630582,1000
56371,0.00081312,0.81312,1000
56372,0.001132379,1.132379,1000
56373,0.000752998,0.752998,1000
56374,0.000424759,0.424759,1000
56375,0.034289721,34.289721,1000
56376,0.000806798,0.806798,1000
56377,0.00092531,0.92531,1000
56378,0.001087268,1.087268,1000
56379,0.001036318,1.036318,1000
56380,0.00081312,0.81312,1000
56381,0.000650588,0.650588,1000
56382,0.001382615,1.382615,1000
56383,0.000902496,0.902496,1000
56384,0.003456109,3.456109,1000
56385,0.000784118,0.784118,1000
56386,0.001037882,1.037882,1000
56387,0.014417706,14.417706,1000
56388,0.000589037,0.589037,1000
56389,0.000832129,0.832129,1000
56390,0.004784573,4.784573,1000
56391,0.001042979,1.042979,1000
56392,0.001919561,1.919561,1000
56393,0.001004169,1.004169,1000
56394,0.000592567,0.592567,1000
56395,0.001151828,1.151828,1000
56396,0.0015091,1.5091,1000
56397,0.003141515,3.141515,1000
56398,0.000537737,0.537737,1000
56399,0.000894163,0.894163,1000
56400,0.003402118,3.402118,1000
56401,0.001181674,1.181674,1000
56402,0.001821889,1.821889,1000
56403,0.000677381,0.677381,1000
56404,0.000430399,0.430399,1000
56405,0.003209861,3.209861,1000
56406,0.001228171,1.228171,1000
56407,0.00080465,0.80465,1000
56408,0.000602013,0.602013,1000
56409,0.001733998,1.733998,1000
56410,0.040258419,40.258419,1000
56411,0.000944275,0.944275,1000
56412,0.000775051,0.775051,1000
56413,0.011135388,11.135388,1000
56414,0.008151266,8.151266,1000
56415,0.000989924,0.989924,1000
56416,0.002913786,2.913786,1000
56417,0.000785705,0.785705,1000
56418,0.001284641,1.284641,1000
56419,0.001453797,1.453797,1000
56420,0.000659094,0.659094,1000
56421,0.001525181,1.525181,1000
56422,0.000768225,0.768225,1000
56423,0.000516823,0.516823,1000
56424,0.019909969,19.909969,1000
56425,0.001720278,1.720278,1000
56426,0.002905028,2.905028,1000
56427,0.000873912,0.873912,1000
56428,0.001006227,1.006227,1000
56429,0.000727157,0.727157,1000
56430,0.00076017,0.76017,1000
56431,0.003401594,3.401594,1000
56432,0.007288757,7.288757,1000
56433,0.001046342,1.046342,1000
56434,0.000578147,0.578147,1000
56435,0.000900591,0.900591,1000
56436,0.000659964,0.659964,1000
56437,0.000825526,0.825526,1000
56438,0.002766401,2.766401,1000
56439,0.001140782,1.140782,1000
56440,0.000682216,0.682216,1000
56441,0.000757995,0.757995,1000
56442,0.003805954,3.805954,1000
56443,0.001022448,1.022448,1000
56444,0.000784221,0.784221,1000
56445,0.016822835,16.822835,1000
56446,0.005362015,5.362015,1000
56447,0.001642961,1.642961,1000
56448,0.000905193,0.905193,1000
56449,0.001108246,1.108246,1000
56450,0.001821889,1.821889,1000
56451,0.000741773,0.741773,1000
56452,0.000623023,0.623023,1000
56453,0.00331179,3.31179,1000
56454,0.000668236,0.668236,1000
56455,0.001924458,1.924458,1000
56456,0.000809844,0.809844,1000
56457,0.000952548,0.952548,1000
56458,0.000594822,0.594822,1000
56459,0.001042957,1.042957,1000
56460,0.000978681,0.978681,1000
56461,0.000685576,0.685576,1000
56462,0.000947004,0.947004,1000
56463,0.001176018,1.176018,1000
56464,0.008186178,8.186178,1000
56465,0.001011273,1.011273,1000
56466,0.000830016,0.830016,1000
56467,0.000783777,0.783777,1000
56468,0.000754048,0.754048,1000
56469,0.001070969,1.070969,1000
56470,0.000864781,0.864781,1000
56471,0.000992518,0.992518,1000
56472,0.000993186,0.993186,1000
56473,0.001013343,1.013343,1000
56474,0.001141219,1.141219,1000
56475,0.001043007,1.043007,1000
56476,0.099776397,99.776397,1000
56477,0.000575623,0.575623,1000
56478,0.000863603,0.863603,1000
56479,0.00148373,1.48373,1000
56480,0.002202439,2.202439,1000
56481,0.000630785,0.630785,1000
56482,0.000703597,0.703597,1000
56483,0.001242727,1.242727,1000
56484,0.00123329,1.23329,1000
56485,0.001248779,1.248779,1000
56486,0.000994467,0.994467,1000
56487,0.005805943,5.805943,1000
56488,0.000629922,0.629922,1000
56489,0.001104592,1.104592,1000
56490,0.000701902,0.701902,1000
56491,0.001011936,1.011936,1000
56492,0.001081154,1.081154,1000
56493,0.00093861,0.93861,1000
56494,0.001359833,1.359833,1000
56495,0.001621058,1.621058,1000
56496,0.002861794,2.861794,1000
56497,0.003220957,3.220957,1000
56498,0.000980025,0.980025,1000
56499,0.000880104,0.880104,1000
56500,0.00066173,0.66173,1000
56501,0.001382519,1.382519,1000
56502,0.000612363,0.612363,1000
56503,0.001136276,1.136276,1000
56504,0.000257929,0.257929,1000
56505,0.000666248,0.666248,1000
56506,0.002981329,2.981329,1000
56507,0.00105043,1.05043,1000
56508,0.007806103,7.806103,1000
56509,0.000845586,0.845586,1000
56510,0.00088001,0.88001,1000
56511,0.013706935,13.706935,1000
56512,0.001327025,1.327025,1000
56513,0.046950582,46.950582,1000
56514,0.001139097,1.139097,1000
56515,0.003331891,3.331891,1000
56516,0.001124571,1.124571,1000
56517,0.00104294,1.04294,1000
56518,0.000969112,0.969112,1000
56519,0.00184452,1.84452,1000
56520,0.001312138,1.312138,1000
56521,0.000866233,0.866233,1000
56522,0.000768582,0.768582,1000
56523,0.001377609,1.377609,1000
56524,0.000402176,0.402176,1000
56525,0.003029362,3.029362,1000
56526,0.00103168,1.03168,1000
56527,0.001205656,1.205656,1000
56528,0.008884563,8.884563,1000
56529,0.001304661,1.304661,1000
56530,0.001613775,1.613775,1000
56531,0.000907585,0.907585,1000
56532,0.000496633,0.496633,1000
56533,0.000945459,0.945459,1000
56534,0.000936426,0.936426,1000
56535,0.000679368,0.679368,1000
56536,0.001505839,1.505839,1000
56537,0.000714193,0.714193,1000
56538,0.007911379,7.911379,1000
56539,0.000739067,0.739067,1000
56540,0.019288335,19.288335,1000
56541,0.000564616,0.564616,1000
56542,0.00081084,0.81084,1000
56543,0.017049297,17.049297,1000
56544,0.000724177,0.724177,1000
56545,0.000429335,0.429335,1000
56546,0.002902857,2.902857,1000
56547,0.001065369,1.065369,1000
56548,0.001937149,1.937149,1000
56549,0.000426873,0.426873,1000
56550,0.011102656,11.102656,1000
56551,0.000694376,0.694376,1000
56552,0.001331037,1.331037,1000
56553,0.004519015,4.519015,1000
56554,0.000953545,0.953545,1000
56555,0.00104294,1.04294,1000
56556,0.001284429,1.284429,1000
56557,0.000848631,0.848631,1000
56558,0.001126925,1.126925,1000
56559,0.000993186,0.993186,1000
56560,0.001299989,1.299989,1000
56561,0.001123703,1.123703,1000
56562,0.003924199,3.924199,1000
56563,0.000846871,0.846871,1000
56564,0.005712142,5.712142,1000
56565,0.005831715,5.831715,1000
56566,0.00081662,0.81662,1000
56567,0.001049273,1.049273,1000
56568,0.000730807,0.730807,1000
56569,0.076654108,76.654108,1000
56570,0.026943726,26.943726,1000
56571,0.001472733,1.472733,1000
56572,0.001000921,1.000921,1000
56573,0.000937371,0.937371,1000
56575,0.000765627,0.765627,1000
56576,0.003647618,3.647618,1000
56577,0.007782255,7.782255,1000
56578,0.000937243,0.937243,1000
56579,0.002981545,2.981545,1000
56580,0.002716748,2.716748,1000
56581,0.000597455,0.597455,1000
56582,0.002700171,2.700171,1000
56583,0.00085848,0.85848,1000
56584,0.000760567,0.760567,1000
56585,0.002891318,2.891318,1000
56586,0.000639072,0.639072,1000
56587,0.000817345,0.817345,1000
56588,0.00101254,1.01254,1000
56589,0.000728221,0.728221,1000
56590,0.000875465,0.875465,1000
56591,0.001097456,1.097456,1000
56592,0.000993186,0.993186,1000
56593,0.010979448,10.979448,1000
56594,0.002773738,2.773738,1000
56595,0.000647394,0.647394,1000
56596,0.007362992,7.362992,1000
56597,0.004013503,4.013503,1000
56598,0.003515399,3.515399,1000
56599,0.003971688,3.971688,1000
56600,0.003019769,3.019769,1000
56601,0.000392181,0.392181,1000
56602,0.000704109,0.704109,1000
56603,0.000630985,0.630985,1000
56604,0.001142904,1.142904,1000
56605,0.000594733,0.594733,1000
56606,0.000743416,0.743416,1000
56607,0.001107681,1.107681,1000
56608,0.000944771,0.944771,1000
56609,0.000338636,0.338636,1000
56610,0.010459402,10.459402,1000
56611,0.000955502,0.955502,1000
56612,0.000891672,0.891672,1000
56613,0.000881889,0.881889,1000
56614,0.000789159,0.789159,1000
56615,0.001011936,1.011936,1000
56616,0.000779904,0.779904,1000
56617,0.002491626,2.491626,1000
56618,0.000659574,0.659574,1000
56619,0.00789831,7.89831,1000
56620,0.000839052,0.839052,1000
56621,0.00633064,6.33064,1000
56622,0.000966623,0.966623,1000
56623,0.068359367,68.359367,1000
56624,0.065652733,65.652733,1000
56625,0.001044637,1.044637,1000
56626,0.000485072,0.485072,1000
56627,0.010182116,10.182116,1000
56628,0.002426683,2.426683,1000
56629,0.005216445,5.216445,1000
56630,0.000912434,0.912434,1000
56631,0.002011678,2.011678,1000
56632,0.001609012,1.609012,1000
56633,0.000820328,0.820328,1000
56634,0.000747892,0.747892,1000
56635,0.007111435,7.111435,1000
56636,0.001143068,1.143068,1000
56637,0.000686515,0.686515,1000
56638,0.595286263,595.286263,1000
56639,0.006912164,6.912164,1000
56640,0.001693982,1.693982,1000
56641,0.002955766,2.955766,1000
56642,0.000979724,0.979724,1000
56643,0.001349769,1.349769,1000
56644,0.000940952,0.940952,1000
56645,0.0015091,1.5091,1000
56646,0.003177227,3.177227,1000
56647,0.008283407,8.283407,1000
56648,0.008728598,8.728598,1000
56649,0.026935594,26.935594,1000
56650,0.097237072,97.237072,1000
56651,0.008344714,8.344714,1000
56652,0.003256441,3.256441,1000
56653,0.148756521,148.756521,1000
56654,0.000678046,0.678046,1000
56655,0.00078378,0.78378,1000
56656,0.008451184,8.451184,1000
56657,0.000858642,0.858642,1000
56658,0.09734731,97.34731,1000
56659,0.211769475,211.769475,1000
56660,0.000451942,0.451942,1000
56661,0.000795592,0.795592,1000
56662,0.027035445,27.035445,1000
56663,0.003288204,3.288204,1000
56664,0.097598756,97.598756,1000
56665,0.040490425,40.490425,1000
56666,0.000578354,0.578354,1000
56667,0.004764944,4.764944,1000
56668,0.026954168,26.954168,1000
56669,0.000902534,0.902534,1000
56670,0.178753249,178.753249,1000
56671,0.040364457,40.364457,1000
56672,0.016249928,16.249928,1000
56673,0.002916644,2.916644,1000
56674,0.008605668,8.605668,1000
56675,0.000743348,0.743348,1000
56676,0.003368809,3.368809,1000
56677,0.001042957,1.042957,1000
56678,0.001500957,1.500957,1000
56679,0.027943921,27.943921,1000
56680,0.000756217,0.756217,1000
56681,0.016406227,16.406227,1000
56682,0.121500876,121.500876,1000
56683,0.001407966,1.407966,1000
56684,0.001042817,1.042817,1000
56685,0.075657222,75.657222,1000
56686,0.001222762,1.222762,1000
56687,0.097209553,97.209553,1000
56688,0.246715523,246.715523,1000
56689,0.148756438,148.756438,1000
56690,0.008449582,8.449582,1000
56691,0.000989239,0.989239,1000
56692,0.057277245,57.277245,1000
56693,0.001071083,1.071083,1000
56694,0.001230369,1.230369,1000
56695,0.004427488,4.427488,1000
56696,0.008226978,8.226978,1000
56697,0.004835624,4.835624,1000
56698,0.00831695,8.31695,1000
56699,0.001071066,1.071066,1000
56700,0.004596647,4.596647,1000
56701,0.000809066,0.809066,1000
56702,0.001766589,1.766589,1000
56703,0.076154419,76.154419,1000
56704,0.00104294,1.04294,1000
56705,0.003196664,3.196664,1000
56706,0.001042957,1.042957,1000
56707,0.246691188,246.691188,1000
56708,0.09726121,97.26121,1000
56709,0.369139825,369.139825,1000
56710,0.003222229,3.222229,1000
56711,0.001049585,1.049585,1000
56712,0.002956261,2.956261,1000
56713,0.00104294,1.04294,1000
56714,0.00104294,1.04294,1000
56715,0.008452428,8.452428,1000
56716,0.178622171,178.622171,1000
56717,0.008419545,8.419545,1000
56718,0.000730279,0.730279,1000
56719,0.325671821,325.671821,1000
56720,0.003145728,3.145728,1000
56721,0.003247457,3.247457,1000
56722,0.00075097,0.75097,1000
56723,0.003219341,3.219341,1000
56724,0.246867649,246.867649,1000
56725,0.075833916,75.833916,1000
56726,0.056546035,56.546035,1000
56727,0.001049652,1.049652,1000
56728,0.003285898,3.285898,1000
56729,0.000745121,0.745121,1000
56730,0.008573263,8.573263,1000
56731,0.003380305,3.380305,1000
56732,0.001061351,1.061351,1000
56733,0.027018213,27.018213,1000
56734,0.001460978,1.460978,1000
56735,0.001069915,1.069915,1000
56736,0.001774324,1.774324,1000
56737,0.008345394,8.345394,1000
56738,0.003316375,3.316375,1000
56739,0.026931598,26.931598,1000
56740,0.418269487,418.269487,1000
56741,0.027037369,27.037369,1000
56742,0.003219624,3.219624,1000
56743,0.000499407,0.499407,1000
56744,0.001171683,1.171683,1000
56745,0.000922223,0.922223,1000
56746,0.000755666,0.755666,1000
56747,0.001042276,1.042276,1000
56748,0.000756237,0.756237,1000
56749,0.040447402,40.447402,1000
56750,0.008455137,8.455137,1000
56751,0.003204725,3.204725,1000
56752,0.000528933,0.528933,1000
56753,0.000566299,0.566299,1000
56754,0.003554792,3.554792,1000
56755,0.003121265,3.121265,1000
56756,0.016427566,16.427566,1000
56757,0.001409156,1.409156,1000
56758,0.001171661,1.171661,1000
56759,0.149697633,149.697633,1000
56760,0.001041789,1.041789,1000
56761,0.014939712,14.939712,1000
56762,0.01637703,16.37703,1000
56763,0.00131317,1.31317,1000
56764,0.016669766,16.669766,1000
56765,0.027832185,27.832185,1000
56766,0.001171661,1.171661,1000
56767,0.001042957,1.042957,1000
56768,0.000608621,0.608621,1000
56769,0.121502674,121.502674,1000
56770,0.008572486,8.572486,1000
56771,0.027052879,27.052879,1000
56772,0.001003983,1.003983,1000
56773,0.016419279,16.419279,1000
56774,0.121448375,121.448375,1000
56775,0.003301828,3.301828,1000
56776,0.003360314,3.360314,1000
56777,0.000661464,0.661464,1000
56778,0.001891449,1.891449,1000
56779,0.001049602,1.049602,1000
56780,0.005534138,5.534138,1000
56781,0.001062569,1.062569,1000
56782,0.056341367,56.341367,1000
56783,0.001042957,1.042957,1000
56784,0.003245227,3.245227,1000
56785,0.003775049,3.775049,1000
56786,0.001221832,1.221832,1000
56787,0.211650632,211.650632,1000
56788,0.016757284,16.757284,1000
56789,0.002933911,2.933911,1000
56790,0.003478742,3.478742,1000
56791,0.002887333,2.887333,1000
56792,0.001042957,1.042957,1000
56793,0.000429874,0.429874,1000
56794,0.027037682,27.037682,1000
56795,0.016268842,16.268842,1000
56796,0.000762874,0.762874,1000
56797,0.001062379,1.062379,1000
56798,0.000751414,0.751414,1000
56799,0.148783478,148.783478,1000
56800,0.016345711,16.345711,1000
56801,0.09716058,97.16058,1000
56802,0.121630188,121.630188,1000
56803,0.027384784,27.384784,1000
56804,0.178952081,178.952081,1000
56805,0.000808819,0.808819,1000
56806,0.012409401,12.409401,1000
56807,0.00104294,1.04294,1000
56808,0.000726769,0.726769,1000
56809,0.003206405,3.206405,1000
56810,0.179086313,179.086313,1000
56811,0.003212986,3.212986,1000
56812,0.178416586,178.416586,1000
56813,0.040596766,40.596766,1000
56814,0.097225053,97.225053,1000
56815,0.001301251,1.301251,1000
56816,0.056659946,56.659946,1000
56817,0.001071105,1.071105,1000
56818,0.000791725,0.791725,1000
56819,0.149333682,149.333682,1000
56820,0.003040433,3.040433,1000
56821,0.001042979,1.042979,1000
56822,0.178665936,178.665936,1000
56823,0.000976519,0.976519,1000
56824,0.000825967,0.825967,1000
56825,0.000908962,0.908962,1000
56826,0.001071731,1.071731,1000
56827,0.000332144,0.332144,1000
56828,0.000937243,0.937243,1000
56829,0.001456359,1.456359,1000
56830,0.001025879,1.025879,1000
56831,0.001339782,1.339782,1000
56832,0.000372461,0.372461,1000
56833,0.000878351,0.878351,1000
56834,0.001305741,1.305741,1000
56835,0.000960681,0.960681,1000
56836,0.001521659,1.521659,1000
56837,0.000893672,0.893672,1000
56838,0.001865594,1.865594,1000
56839,0.001070766,1.070766,1000
56840,0.000535713,0.535713,1000
56841,0.040563744,40.563744,1000
56842,0.000940387,0.940387,1000
56843,0.00832762,8.32762,1000
56844,0.148672734,148.672734,1000
56845,0.016346962,16.346962,1000
56846,0.001042817,1.042817,1000
56847,0.027235614,27.235614,1000
56848,0.001139106,1.139106,1000
56849,0.001042957,1.042957,1000
56850,0.030475061,30.475061,1000
56851,0.075584003,75.584003,1000
56852,0.034739102,34.739102,1000
56853,0.000961907,0.961907,1000
56854,0.000784362,0.784362,1000
56855,0.056532668,56.532668,1000
56856,0.284858926,284.858926,1000
56857,0.003163489,3.163489,1000
56858,0.001042957,1.042957,1000
56859,0.001055881,1.055881,1000
56860,0.001186205,1.186205,1000
56861,0.001409134,1.409134,1000
56862,0.000783243,0.783243,1000
56863,0.008493833,8.493833,1000
56864,0.000593162,0.593162,1000
56865,0.000800708,0.800708,1000
56866,0.148830716,148.830716,1000
56867,0.003927022,3.927022,1000
56868,0.001049652,1.049652,1000
56869,0.001049624,1.049624,1000
56870,0.026638607,26.638607,1000
56871,0.003173913,3.173913,1000
56872,0.000937243,0.937243,1000
56873,0.056541168,56.541168,1000
56874,0.003801614,3.801614,1000
56875,0.003250949,3.250949,1000
56876,0.057072033,57.072033,1000
56877,0.001042957,1.042957,1000
56878,0.097152163,97.152163,1000
56879,0.000732887,0.732887,1000
56880,0.00129313,1.29313,1000
56881,0.121696452,121.696452,1000
56882,0.016345111,16.345111,1000
56883,0.465125504,465.125504,1000
56884,0.002632456,2.632456,1000
56885,0.000669845,0.669845,1000
56886,0.000764044,0.764044,1000
56887,0.003261467,3.261467,1000
56888,0.001049624,1.049624,1000
56889,0.017105302,17.105302,1000
56890,0.148742128,148.742128,1000
56891,0.000882012,0.882012,1000
56892,0.250056844,250.056844,1000
56893,0.016764594,16.764594,1000
56894,0.00319538,3.19538,1000
56895,0.001042957,1.042957,1000
56896,0.001042979,1.042979,1000
56897,0.000999821,0.999821,1000
56898,0.000692259,0.692259,1000
56899,0.001253731,1.253731,1000
56900,0.040447144,40.447144,1000
56901,0.006793373,6.793373,1000
56902,0.008231108,8.231108,1000
56903,0.056537487,56.537487,1000
56904,0.000831353,0.831353,1000
56905,0.01612603,16.12603,1000
56906,0.001008093,1.008093,1000
56907,0.001043007,1.043007,1000
56908,0.000591576,0.591576,1000
56909,0.21161391,211.61391,1000
56910,0.008358911,8.358911,1000
56911,0.075551054,75.551054,1000
56912,0.121408518,121.408518,1000
56913,0.000756225,0.756225,1000
56914,0.004039108,4.039108,1000
56915,0.001042957,1.042957,1000
56916,0.001042979,1.042979,1000
56917,0.004382455,4.382455,1000
56918,0.001171661,1.171661,1000
56919,0.001088586,1.088586,1000
56920,0.21147569,211.47569,1000
56921,0.027473656,27.473656,1000
56922,0.211389,211.389,1000
56923,0.148575755,148.575755,1000
56924,0.001171644,1.171644,1000
56925,0.000755861,0.755861,1000
56926,0.056618777,56.618777,1000
56927,0.369271478,369.271478,1000
56928,0.211279555,211.279555,1000
56929,0.003212975,3.212975,1000
56930,0.075401286,75.401286,1000
56931,0.01613131,16.13131,1000
56932,0.00073829,0.73829,1000
56933,0.027035734,27.035734,1000
56934,0.09704263,97.04263,1000
56935,0.056605508,56.605508,1000
56936,0.001049602,1.049602,1000
56937,0.000909688,0.909688,1000
56938,0.008403726,8.403726,1000
56939,0.0971306,97.1306,1000
56940,0.000756036,0.756036,1000
56941,0.003189637,3.189637,1000
56942,0.00080424,0.80424,1000
56943,0.001042979,1.042979,1000
56944,0.075545979,75.545979,1000
56945,0.026993676,26.993676,1000
56946,0.008307923,8.307923,1000
56947,0.01618005,16.18005,1000
56948,0.027036533,27.036533,1000
56949,0.040063687,40.063687,1000
56950,0.121894617,121.894617,1000
56951,0.040040665,40.040665,1000
56952,0.008722533,8.722533,1000
56953,0.000730302,0.730302,1000
56954,0.001385374,1.385374,1000
56955,0.00031843,0.31843,1000
56956,0.000834567,0.834567,1000
56957,0.07552934,75.52934,1000
56958,0.002448708,2.448708,1000
56959,0.076042613,76.042613,1000
56960,0.003209518,3.209518,1000
56961,0.016306039,16.306039,1000
56962,0.369192811,369.192811,1000
56963,0.001049652,1.049652,1000
56964,0.001015255,1.015255,1000
56965,0.001042979,1.042979,1000
56966,0.001071105,1.071105,1000
56967,0.000915684,0.915684,1000
56968,0.000713248,0.713248,1000
56969,0.00104294,1.04294,1000
56970,0.003164173,3.164173,1000
56971,0.001050224,1.050224,1000
56972,0.001462858,1.462858,1000
56973,0.008879617,8.879617,1000
56974,0.056632329,56.632329,1000
56975,0.003174592,3.174592,1000
56976,0.000751545,0.751545,1000
56977,0.040329414,40.329414,1000
56978,0.000784351,0.784351,1000
56979,0.000888292,0.888292,1000
56980,0.075179012,75.179012,1000
56981,0.008388681,8.388681,1000
56982,0.097185423,97.185423,1000
56983,0.001042817,1.042817,1000
56984,0.001233709,1.233709,1000
56985,0.001042957,1.042957,1000
56986,0.004155402,4.155402,1000
56987,0.000953545,0.953545,1000
56988,0.015873262,15.873262,1000
56989,0.008419885,8.419885,1000
56990,0.008413252,8.413252,1000
56991,0.097055066,97.055066,1000
56992,0.148915547,148.915547,1000
56993,0.016319596,16.319596,1000
56994,0.285403542,285.403542,1000
56995,0.027060158,27.060158,1000
56996,0.001062502,1.062502,1000
56997,0.001088653,1.088653,1000
56998,0.008588261,8.588261,1000
56999,0.000648766,0.648766,1000
57000,0.040463313,40.463313,1000
57001,0.008314902,8.314902,1000
57002,0.001018136,1.018136,1000
57003,0.001409117,1.409117,1000
57004,0.001049652,1.049652,1000
57005,0.056395511,56.395511,1000
57006,0.016303481,16.303481,1000
57007,0.150454007,150.454007,1000
57008,0.001042979,1.042979,1000
57009,0.096798038,96.798038,1000
57010,0.001042957,1.042957,1000
57011,0.000748848,0.748848,1000
57012,0.000811072,0.811072,1000
57013,0.000618904,0.618904,1000
57014,0.001213072,1.213072,1000
57015,0.000855366,0.855366,1000
57016,0.008188251,8.188251,1000
57017,0.001071105,1.071105,1000
57018,0.369901136,369.901136,1000
57019,0.040410452,40.410452,1000
57020,0.001042979,1.042979,1000
57021,0.003221834,3.221834,1000
57022,0.056621985,56.621985,1000
57023,0.000724727,0.724727,1000
57024,0.000701669,0.701669,1000
57025,0.000786461,0.786461,1000
57026,0.000679019,0.679019,1000
57027,0.000569169,0.569169,1000
57028,0.001385243,1.385243,1000
57029,0.000948554,0.948554,1000
57030,0.002732038,2.732038,1000
57031,0.001336247,1.336247,1000
57032,0.001241915,1.241915,1000
57033,0.001000921,1.000921,1000
57034,0.000922223,0.922223,1000
57035,0.000586073,0.586073,1000
57036,0.000892855,0.892855,1000
57037,0.00845825,8.45825,1000
57038,0.000688763,0.688763,1000
57039,0.000568434,0.568434,1000
57040,0.004466608,4.466608,1000
57041,0.014436425,14.436425,1000
57042,0.000908981,0.908981,1000
57043,0.001161654,1.161654,1000
57044,0.002827991,2.827991,1000
57045,0.001304304,1.304304,1000
57046,0.000705107,0.705107,1000
57047,0.001002467,1.002467,1000
57048,0.000881297,0.881297,1000
57049,0.001042957,1.042957,1000
57050,0.056646038,56.646038,1000
57051,0.006130829,6.130829,1000
57052,0.075309132,75.309132,1000
57053,0.075544079,75.544079,1000
57054,0.000755323,0.755323,1000
57055,0.016622105,16.622105,1000
57056,0.000765738,0.765738,1000
57057,0.075653592,75.653592,1000
57058,0.040455526,40.455526,1000
57059,0.00102713,1.02713,1000
57060,0.001042319,1.042319,1000
57061,0.02697547,26.97547,1000
57062,0.027056858,27.056858,1000
57063,0.098243916,98.243916,1000
57064,0.003219631,3.219631,1000
57065,0.026926997,26.926997,1000
57066,0.148718797,148.718797,1000
57067,0.00040197,0.40197,1000
57068,0.001049602,1.049602,1000
57069,0.246797345,246.797345,1000
57070,0.001409134,1.409134,1000
57071,0.001213535,1.213535,1000
57072,0.001049602,1.049602,1000
57073,0.01649368,16.49368,1000
57074,0.009114751,9.114751,1000
57075,0.026968234,26.968234,1000
57076,0.178712898,178.712898,1000
57077,0.008390926,8.390926,1000
57078,0.076535814,76.535814,1000
57079,0.015855822,15.855822,1000
57080,0.00081101,0.81101,1000
57081,0.012018458,12.018458,1000
57082,0.000755641,0.755641,1000
57083,0.000540615,0.540615,1000
57084,0.000788739,0.788739,1000
57085,0.001548993,1.548993,1000
57086,0.00073682,0.73682,1000
57087,0.149102966,149.102966,1000
57088,0.001042957,1.042957,1000
57089,0.003212783,3.212783,1000
57090,0.003247494,3.247494,1000
57091,0.001042957,1.042957,1000
57092,0.008466895,8.466895,1000
57093,0.040469536,40.469536,1000
57094,0.369284398,369.284398,1000
57095,0.003179105,3.179105,1000
57096,0.003181893,3.181893,1000
57097,0.097189942,97.189942,1000
57098,0.003136147,3.136147,1000
57099,0.040785943,40.785943,1000
57100,0.001091804,1.091804,1000
57101,0.001042957,1.042957,1000
57102,0.121645497,121.645497,1000
57103,0.027030108,27.030108,1000
57104,0.000892685,0.892685,1000
57105,0.001477486,1.477486,1000
57106,0.001883451,1.883451,1000
57107,0.000935513,0.935513,1000
57108,0.000781902,0.781902,1000
57109,0.000856033,0.856033,1000
57110,0.000750109,0.750109,1000
57111,0.001069915,1.069915,1000
57112,0.000564616,0.564616,1000
57113,0.001322564,1.322564,1000
57114,0.000545576,0.545576,1000
57115,0.000941022,0.941022,1000
57116,0.003425197,3.425197,1000
57117,0.000991078,0.991078,1000
57118,0.000549402,0.549402,1000
57119,0.001414993,1.414993,1000
57120,0.000771327,0.771327,1000
57121,0.002811717,2.811717,1000
57122,0.000843923,0.843923,1000
57123,0.0015091,1.5091,1000
57124,0.003372324,3.372324,1000
57125,0.001247625,1.247625,1000
57126,0.001125798,1.125798,1000
57127,0.001527583,1.527583,1000
57128,0.000710385,0.710385,1000
57129,0.001062502,1.062502,1000
57130,0.001505839,1.505839,1000
57131,0.000827286,0.827286,1000
57132,0.001049243,1.049243,1000
57133,0.000835787,0.835787,1000
57134,0.000724254,0.724254,1000
57135,0.001131776,1.131776,1000
57136,0.001057117,1.057117,1000
57137,0.001273152,1.273152,1000
57138,0.010498807,10.498807,1000
57139,0.015617685,15.617685,1000
57140,0.002717602,2.717602,1000
57141,0.001756069,1.756069,1000
57142,0.015885484,15.885484,1000
57143,0.001186924,1.186924,1000
57144,0.000568653,0.568653,1000
57145,0.001328419,1.328419,1000
57146,0.000916071,0.916071,1000
57147,0.001476829,1.476829,1000
57148,0.003120177,3.120177,1000
57149,0.001403913,1.403913,1000
57150,0.001987861,1.987861,1000
57151,0.000887581,0.887581,1000
57152,0.022410318,22.410318,1000
57153,0.004396986,4.396986,1000
57154,0.001043045,1.043045,1000
57155,0.00936583,9.36583,1000
57156,0.001504033,1.504033,1000
57157,0.001043074,1.043074,1000
57158,0.001044305,1.044305,1000
57159,0.002307915,2.307915,1000
57160,0.001147967,1.147967,1000
57161,0.002813919,2.813919,1000
57162,0.000693552,0.693552,1000
57163,0.000967758,0.967758,1000
57164,0.000745617,0.745617,1000
57165,0.000595489,0.595489,1000
57166,0.000762871,0.762871,1000
57167,0.008548654,8.548654,1000
57168,0.325536622,325.536622,1000
57169,0.001071083,1.071083,1000
57170,0.027510168,27.510168,1000
57171,0.003511951,3.511951,1000
57172,0.28484165,284.84165,1000
57173,0.029309082,29.309082,1000
57174,0.003501398,3.501398,1000
57175,0.246280595,246.280595,1000
57176,0.211482599,211.482599,1000
57177,0.04045139,40.45139,1000
57178,0.027543904,27.543904,1000
57179,0.001171661,1.171661,1000
57180,0.415720697,415.720697,1000
57181,0.1217507,121.7507,1000
57182,0.179073471,179.073471,1000
57183,0.056919128,56.919128,1000
57184,0.007916379,7.916379,1000
57185,0.000782435,0.782435,1000
57186,0.008465932,8.465932,1000
57187,0.001020959,1.020959,1000
57188,0.000762871,0.762871,1000
57189,0.246660158,246.660158,1000
57190,0.040299096,40.299096,1000
57191,0.027023443,27.023443,1000
57192,0.09751953,97.51953,1000
57193,0.001042957,1.042957,1000
57194,0.000568958,0.568958,1000
57195,0.001151154,1.151154,1000
57196,0.003219624,3.219624,1000
57197,0.0082307,8.2307,1000
57198,0.006902583,6.902583,1000
57199,0.002292206,2.292206,1000
57200,0.369547553,369.547553,1000
57201,0.001071586,1.071586,1000
57202,0.001500533,1.500533,1000
57203,0.001042817,1.042817,1000
57204,0.0004032,0.4032,1000
57205,0.040464509,40.464509,1000
57206,0.148785658,148.785658,1000
57207,0.016398403,16.398403,1000
57208,0.001042957,1.042957,1000
57209,0.016462793,16.462793,1000
57210,0.015956512,15.956512,1000
57211,0.00104294,1.04294,1000
57212,0.001049602,1.049602,1000
57213,0.016345358,16.345358,1000
57214,0.00104294,1.04294,1000
57215,0.001178946,1.178946,1000
57216,0.247091383,247.091383,1000
57217,0.000650926,0.650926,1000
57218,0.001235599,1.235599,1000
57219,0.026987175,26.987175,1000
57220,0.040440505,40.440505,1000
57221,0.001171683,1.171683,1000
57222,0.00082666,0.82666,1000
57223,0.001076902,1.076902,1000
57224,0.001497556,1.497556,1000
57225,0.002348101,2.348101,1000
57226,0.09719656,97.19656,1000
57227,0.027103208,27.103208,1000
57228,0.003171403,3.171403,1000
57229,0.001049462,1.049462,1000
57230,0.000811596,0.811596,1000
57231,0.0015091,1.5091,1000
57232,0.000616447,0.616447,1000
57233,0.005488898,5.488898,1000
57234,0.001062519,1.062519,1000
57235,0.000564733,0.564733,1000
57236,0.015962936,15.962936,1000
57237,0.325656449,325.656449,1000
57238,0.001011936,1.011936,1000
57239,0.001050614,1.050614,1000
57240,0.000762017,0.762017,1000
57242,0.040031715,40.031715,1000
57243,0.040013162,40.013162,1000
57244,0.001205656,1.205656,1000
57245,0.001205656,1.205656,1000
57246,0.001041789,1.041789,1000
57247,0.000625174,0.625174,1000
57248,0.000866795,0.866795,1000
57249,0.000604137,0.604137,1000
57250,0.001134919,1.134919,1000
57251,0.009208263,9.208263,1000
57252,0.000626405,0.626405,1000
57253,0.000602587,0.602587,1000
57254,0.000900477,0.900477,1000
57255,0.001086278,1.086278,1000
57256,0.001025903,1.025903,1000
57257,0.000646414,0.646414,1000
57258,0.000437685,0.437685,1000
57259,0.00115367,1.15367,1000
57260,0.001128815,1.128815,1000
57261,0.001071083,1.071083,1000
57262,0.001071083,1.071083,1000
57263,0.000789714,0.789714,1000
57264,0.000843759,0.843759,1000
57265,0.001042957,1.042957,1000
57266,0.001154574,1.154574,1000
57267,0.009147892,9.147892,1000
57268,0.016939116,16.939116,1000
57269,0.179783496,179.783496,1000
57270,0.010858014,10.858014,1000
57271,0.000754917,0.754917,1000
57272,0.000871464,0.871464,1000
57273,0.002147755,2.147755,1000
57274,0.001014982,1.014982,1000
57275,0.001218698,1.218698,1000
57276,0.00547676,5.47676,1000
57277,0.003867952,3.867952,1000
57278,0.002805752,2.805752,1000
57279,0.007970705,7.970705,1000
57280,0.005226999,5.226999,1000
57281,0.000775707,0.775707,1000
57282,0.003519202,3.519202,1000
57283,0.000305055,0.305055,1000
57284,0.000386947,0.386947,1000
57285,0.00134792,1.34792,1000
57286,0.00065742,0.65742,1000
57287,0.004953677,4.953677,1000
57288,0.000963771,0.963771,1000
57289,0.001468108,1.468108,1000
57290,0.001588367,1.588367,1000
57291,0.001365003,1.365003,1000
57292,0.051129925,51.129925,1000
57293,0.000661299,0.661299,1000
57294,0.001030738,1.030738,1000
57295,0.001711133,1.711133,1000
57296,0.00104294,1.04294,1000
57297,0.001019909,1.019909,1000
57298,0.000715277,0.715277,1000
57299,0.001125527,1.125527,1000
57300,0.000918105,0.918105,1000
57301,0.003376257,3.376257,1000
57302,0.00121353,1.21353,1000
57303,0.001141219,1.141219,1000
57304,0.001046488,1.046488,1000
57305,0.001612347,1.612347,1000
57306,0.000700377,0.700377,1000
57307,0.007926136,7.926136,1000
57308,0.10115004,101.15004,1000
57309,0.212519178,212.519178,1000
57310,0.001128994,1.128994,1000
57311,0.015891421,15.891421,1000
57312,0.000906936,0.906936,1000
57313,0.000845085,0.845085,1000
57314,0.008083383,8.083383,1000
57315,0.002536129,2.536129,1000
57316,0.000951569,0.951569,1000
57317,0.000564861,0.564861,1000
57318,0.001014514,1.014514,1000
57319,0.000330432,0.330432,1000
57320,0.000964089,0.964089,1000
57321,0.003732821,3.732821,1000
57322,0.001763449,1.763449,1000
57323,0.015995547,15.995547,1000
57324,0.001599014,1.599014,1000
57325,0.001260924,1.260924,1000
57326,0.00143526,1.43526,1000
57327,0.001071105,1.071105,1000
57328,0.000716997,0.716997,1000
57329,0.000965823,0.965823,1000
57330,0.00112596,1.12596,1000
57331,0.001071083,1.071083,1000
57332,0.000480463,0.480463,1000
57333,0.001552754,1.552754,1000
57334,0.001174655,1.174655,1000
57335,0.000696261,0.696261,1000
57336,0.00068715,0.68715,1000
57337,0.000561838,0.561838,1000
57338,0.010489115,10.489115,1000
57339,0.000823729,0.823729,1000
57340,0.001652197,1.652197,1000
57341,0.00081312,0.81312,1000
57342,0.000925703,0.925703,1000
57343,0.003136991,3.136991,1000
57344,0.000576414,0.576414,1000
57345,0.001747529,1.747529,1000
57346,0.001385469,1.385469,1000
57347,0.000871641,0.871641,1000
57348,0.010563569,10.563569,1000
57349,0.000484802,0.484802,1000
57350,0.056373085,56.373085,1000
57351,0.000377724,0.377724,1000
57352,0.000766676,0.766676,1000
57353,0.002743772,2.743772,1000
57354,0.003249119,3.249119,1000
57355,0.008111356,8.111356,1000
57356,0.00085899,0.85899,1000
57357,0.002792642,2.792642,1000
57358,0.001044706,1.044706,1000
57359,0.021928891,21.928891,1000
57360,0.000600308,0.600308,1000
57361,0.001048014,1.048014,1000
57362,0.000801904,0.801904,1000
57363,0.000639454,0.639454,1000
57364,0.001444797,1.444797,1000
57365,0.001071083,1.071083,1000
57366,0.001124571,1.124571,1000
57367,0.008636488,8.636488,1000
57368,0.000435564,0.435564,1000
57369,0.001366454,1.366454,1000
57370,0.000858038,0.858038,1000
57371,0.000503493,0.503493,1000
57372,0.002269571,2.269571,1000
57373,0.000459626,0.459626,1000
57374,0.002725564,2.725564,1000
57375,0.000993124,0.993124,1000
57376,0.001006165,1.006165,1000
57377,0.000928322,0.928322,1000
57378,0.00081312,0.81312,1000
57379,0.00103168,1.03168,1000
57380,0.001042957,1.042957,1000
57381,0.000993537,0.993537,1000
57382,0.01606178,16.06178,1000
57383,0.000832467,0.832467,1000
57384,0.001601399,1.601399,1000
57385,0.001105937,1.105937,1000
57386,0.000897275,0.897275,1000
57387,0.003381252,3.381252,1000
57388,0.000804856,0.804856,1000
57389,0.005969695,5.969695,1000
57390,0.001112236,1.112236,1000
57391,0.075121108,75.121108,1000
57392,0.001750714,1.750714,1000
57393,0.001044347,1.044347,1000
57394,0.001042288,1.042288,1000
57395,0.003521092,3.521092,1000
57396,0.002124248,2.124248,1000
57397,0.002908368,2.908368,1000
57398,0.001146781,1.146781,1000
57399,0.001352029,1.352029,1000
57400,0.06457589,64.57589,1000
57401,0.001437245,1.437245,1000
57402,0.00081312,0.81312,1000
57403,0.001231727,1.231727,1000
57404,0.001623649,1.623649,1000
57405,0.001006227,1.006227,1000
57406,0.000301382,0.301382,1000
57407,0.000817019,0.817019,1000
57408,0.00115063,1.15063,1000
57409,0.001066901,1.066901,1000
57410,0.000627313,0.627313,1000
57411,0.00049692,0.49692,1000
57412,0.001019238,1.019238,1000
57413,0.001160269,1.160269,1000
57414,0.000745674,0.745674,1000
57415,0.001038867,1.038867,1000
57416,0.001062502,1.062502,1000
57417,0.000792373,0.792373,1000
57418,0.009233582,9.233582,1000
57419,0.000937184,0.937184,1000
57420,0.00837919,8.37919,1000
57421,0.001510527,1.510527,1000
57422,0.002796358,2.796358,1000
57423,0.005338247,5.338247,1000
57424,0.008839755,8.839755,1000
57425,0.000643528,0.643528,1000
57426,0.002942547,2.942547,1000
57427,0.000948864,0.948864,1000
57428,0.000768776,0.768776,1000
57429,0.002911996,2.911996,1000
57430,0.000779091,0.779091,1000
57431,0.000832057,0.832057,1000
57432,0.000783777,0.783777,1000
57433,0.000839757,0.839757,1000
57434,0.000745793,0.745793,1000
57435,0.000578456,0.578456,1000
57436,0.000999067,0.999067,1000
57437,0.001043494,1.043494,1000
57438,0.001203092,1.203092,1000
57439,0.00067326,0.67326,1000
57440,0.000639751,0.639751,1000
57441,0.00093073,0.93073,1000
57442,0.00103168,1.03168,1000
57443,0.000835793,0.835793,1000
57444,0.000937184,0.937184,1000
57445,0.001396178,1.396178,1000
57446,0.000802985,0.802985,1000
57447,0.001843173,1.843173,1000
57448,0.001483749,1.483749,1000
57449,0.001252508,1.252508,1000
57450,0.001057545,1.057545,1000
57451,0.000702289,0.702289,1000
57452,0.001052149,1.052149,1000
57453,0.001227119,1.227119,1000
57454,0.002799363,2.799363,1000
57455,0.000687361,0.687361,1000
57456,0.00045571,0.45571,1000
57457,0.000344683,0.344683,1000
57458,0.004597985,4.597985,1000
57459,0.000777401,0.777401,1000
57460,0.001042957,1.042957,1000
57461,0.001396013,1.396013,1000
57462,0.001073342,1.073342,1000
57463,0.001676482,1.676482,1000
57464,0.000726072,0.726072,1000
57465,0.001520187,1.520187,1000
57466,0.00069884,0.69884,1000
57467,0.000437234,0.437234,1000
57468,0.00078356,0.78356,1000
57469,0.000613907,0.613907,1000
57470,0.001004709,1.004709,1000
57471,0.000982646,0.982646,1000
57472,0.000250742,0.250742,1000
57473,0.016209073,16.209073,1000
57474,0.000547834,0.547834,1000
57475,0.000383767,0.383767,1000
57476,0.000659939,0.659939,1000
57477,0.000548901,0.548901,1000
57478,0.000811931,0.811931,1000
57479,0.008034066,8.034066,1000
57480,0.001570337,1.570337,1000
57481,0.002779434,2.779434,1000
57482,0.001149422,1.149422,1000
57483,0.00121293,1.21293,1000
57484,0.000595011,0.595011,1000
57485,0.00683193,6.83193,1000
57486,0.001020139,1.020139,1000
57487,0.030585264,30.585264,1000
57488,0.001156642,1.156642,1000
57489,0.00061724,0.61724,1000
57490,0.001397351,1.397351,1000
57491,0.000652714,0.652714,1000
57492,0.009412685,9.412685,1000
57493,0.001051525,1.051525,1000
57494,0.00094751,0.94751,1000
57495,0.000963316,0.963316,1000
57496,0.003437385,3.437385,1000
57497,0.001014718,1.014718,1000
57498,0.012529978,12.529978,1000
57499,0.000783777,0.783777,1000
57500,0.001950272,1.950272,1000
57501,0.000578728,0.578728,1000
57502,0.000678731,0.678731,1000
57503,0.001004361,1.004361,1000
57504,0.000695366,0.695366,1000
57505,0.001897006,1.897006,1000
57506,0.013474586,13.474586,1000
57507,0.000347577,0.347577,1000
57508,0.003916602,3.916602,1000
57509,0.000482688,0.482688,1000
57510,0.004413161,4.413161,1000
57511,0.001826577,1.826577,1000
57512,0.000732907,0.732907,1000
57513,0.000879023,0.879023,1000
57514,0.001782546,1.782546,1000
57515,0.001134926,1.134926,1000
57516,0.001020245,1.020245,1000
57517,0.000424701,0.424701,1000
57518,0.001965922,1.965922,1000
57519,0.00081312,0.81312,1000
57520,0.001167751,1.167751,1000
57521,0.001011936,1.011936,1000
57522,0.000813954,0.813954,1000
57523,0.001138895,1.138895,1000
57524,0.000818367,0.818367,1000
57525,0.000932304,0.932304,1000
57526,0.001828841,1.828841,1000
57527,0.001042957,1.042957,1000
57528,0.01150147,11.50147,1000
57529,0.00170303,1.70303,1000
57530,0.140560437,140.560437,1000
57531,0.006001429,6.001429,1000
57532,0.003660266,3.660266,1000
57533,0.000754482,0.754482,1000
57534,0.000686552,0.686552,1000
57536,0.003964013,3.964013,1000
57537,0.001043007,1.043007,1000
57538,0.000837165,0.837165,1000
57539,0.001656285,1.656285,1000
57540,0.172532273,172.532273,1000
57541,0.002746903,2.746903,1000
57542,0.008393856,8.393856,1000
57543,0.040197112,40.197112,1000
57544,0.002800796,2.800796,1000
57545,0.000576425,0.576425,1000
57546,0.076213153,76.213153,1000
57547,0.008183707,8.183707,1000
57548,0.001155938,1.155938,1000
57549,0.017221917,17.221917,1000
57550,0.000933036,0.933036,1000
57551,0.001097456,1.097456,1000
57552,0.001426139,1.426139,1000
57553,0.000521802,0.521802,1000
57554,0.000439852,0.439852,1000
57555,0.000272154,0.272154,1000
57556,0.000960731,0.960731,1000
57557,0.000363324,0.363324,1000
57558,0.000463607,0.463607,1000
57559,0.000677249,0.677249,1000
57560,0.001382683,1.382683,1000
57561,0.008686083,8.686083,1000
57562,0.000513636,0.513636,1000
57563,0.001009296,1.009296,1000
57564,0.001955778,1.955778,1000
57565,0.001042979,1.042979,1000
57566,0.001613775,1.613775,1000
57567,0.00122461,1.22461,1000
57568,0.001514182,1.514182,1000
57569,0.001118941,1.118941,1000
57570,0.000701688,0.701688,1000
57571,0.002730473,2.730473,1000
57572,0.000467727,0.467727,1000
57573,0.000962576,0.962576,1000
57574,0.001062569,1.062569,1000
57575,0.019398163,19.398163,1000
57576,0.002219695,2.219695,1000
57577,0.000883485,0.883485,1000
57578,0.001175848,1.175848,1000
57579,0.001237838,1.237838,1000
57580,0.001097456,1.097456,1000
57581,0.000473602,0.473602,1000
57582,0.008102578,8.102578,1000
57583,0.00103168,1.03168,1000
57584,0.002518404,2.518404,1000
57585,0.000674234,0.674234,1000
57586,0.001787673,1.787673,1000
57587,0.026135125,26.135125,1000
57588,0.045951842,45.951842,1000
57589,0.001062379,1.062379,1000
57590,0.016765843,16.765843,1000
57591,0.002939425,2.939425,1000
57592,0.000853542,0.853542,1000
57593,0.001555514,1.555514,1000
57594,0.001006165,1.006165,1000
57595,0.00312501,3.12501,1000
57596,0.000832269,0.832269,1000
57597,0.000995621,0.995621,1000
57598,0.003492009,3.492009,1000
57599,0.004538727,4.538727,1000
57600,0.00081312,0.81312,1000
57601,0.000574714,0.574714,1000
57602,0.003709637,3.709637,1000
57603,0.021212184,21.212184,1000
57604,0.000527206,0.527206,1000
57605,0.001251112,1.251112,1000
57606,0.001041789,1.041789,1000
57607,0.003872916,3.872916,1000
57608,0.001601399,1.601399,1000
57609,0.001517472,1.517472,1000
57610,0.000843373,0.843373,1000
57611,0.001505839,1.505839,1000
57612,0.000875817,0.875817,1000
57613,0.00157043,1.57043,1000
57614,0.000733544,0.733544,1000
57615,0.00138256,1.38256,1000
57616,0.000779274,0.779274,1000
57617,0.002301663,2.301663,1000
57618,0.000294665,0.294665,1000
57619,0.000823195,0.823195,1000
57620,0.001184545,1.184545,1000
57621,0.000685354,0.685354,1000
57622,0.131269936,131.269936,1000
57623,0.000595205,0.595205,1000
57624,0.005117418,5.117418,1000
57625,0.000886533,0.886533,1000
57626,0.003128063,3.128063,1000
57627,0.001177522,1.177522,1000
57628,0.000737206,0.737206,1000
57629,0.001215205,1.215205,1000
57630,0.002302025,2.302025,1000
57631,0.000655217,0.655217,1000
57632,0.369213925,369.213925,1000
57633,0.00080252,0.80252,1000
57634,0.000977131,0.977131,1000
57635,0.001062379,1.062379,1000
57636,0.000705914,0.705914,1000
57637,0.001548993,1.548993,1000
57638,0.0011533,1.1533,1000
57639,0.000411288,0.411288,1000
57640,0.025021312,25.021312,1000
57641,0.040329037,40.329037,1000
57642,0.008137955,8.137955,1000
57643,0.000988925,0.988925,1000
57644,0.001654885,1.654885,1000
57645,0.001486554,1.486554,1000
57646,0.000710069,0.710069,1000
57647,0.000561515,0.561515,1000
57648,0.000645273,0.645273,1000
57649,0.000311394,0.311394,1000
57650,0.001276511,1.276511,1000
57651,0.001301298,1.301298,1000
57652,0.000908895,0.908895,1000
57653,0.001386304,1.386304,1000
57654,0.00400975,4.00975,1000
57655,0.003926434,3.926434,1000
57656,0.007869069,7.869069,1000
57657,0.000953613,0.953613,1000
57658,0.001071133,1.071133,1000
57659,0.001003939,1.003939,1000
57660,0.00023085,0.23085,1000
57661,0.002193203,2.193203,1000
57662,0.000922841,0.922841,1000
57663,0.001574411,1.574411,1000
57664,0.001278105,1.278105,1000
57665,0.006434577,6.434577,1000
57666,0.003001745,3.001745,1000
57667,0.000780736,0.780736,1000
57668,0.001301798,1.301798,1000
57669,0.000874371,0.874371,1000
57670,0.001483455,1.483455,1000
57671,0.00116143,1.16143,1000
57672,0.000862946,0.862946,1000
57673,0.000875704,0.875704,1000
57674,0.002651845,2.651845,1000
57675,0.000997032,0.997032,1000
57676,0.008231314,8.231314,1000
57677,0.001041789,1.041789,1000
57678,0.000696798,0.696798,1000
57679,0.001007896,1.007896,1000
57680,0.00124978,1.24978,1000
57681,0.001100878,1.100878,1000
57682,0.002258619,2.258619,1000
57683,0.026585827,26.585827,1000
57684,0.00076093,0.76093,1000
57685,0.001523753,1.523753,1000
57686,0.001061351,1.061351,1000
57687,0.000683652,0.683652,1000
57688,0.001364692,1.364692,1000
57689,0.000935595,0.935595,1000
57690,0.001385538,1.385538,1000
57691,0.000824337,0.824337,1000
57692,0.000737893,0.737893,1000
57693,0.000840065,0.840065,1000
57694,0.001484882,1.484882,1000
57695,0.00066137,0.66137,1000
57696,0.000825966,0.825966,1000
57697,0.001175725,1.175725,1000
57698,0.000903105,0.903105,1000
57699,0.001243851,1.243851,1000
57700,0.001050502,1.050502,1000
57701,0.001254574,1.254574,1000
57702,0.001419549,1.419549,1000
57703,0.001011936,1.011936,1000
57704,0.009862281,9.862281,1000
57705,0.000982767,0.982767,1000
57706,0.001332951,1.332951,1000
57707,0.000692411,0.692411,1000
57708,0.00076704,0.76704,1000
57709,0.00089139,0.89139,1000
57710,0.001746026,1.746026,1000
57711,0.001074817,1.074817,1000
57713,0.000906339,0.906339,1000
57714,0.000835054,0.835054,1000
57715,0.000472775,0.472775,1000
57716,0.003734777,3.734777,1000
57717,0.001125746,1.125746,1000
57718,0.001039716,1.039716,1000
57719,0.000784783,0.784783,1000
57720,0.000864705,0.864705,1000
57721,0.004772072,4.772072,1000
57722,0.00082199,0.82199,1000
57723,0.000755182,0.755182,1000
57724,0.00078378,0.78378,1000
57725,0.001020937,1.020937,1000
57726,0.001390631,1.390631,1000
57727,0.000717872,0.717872,1000
57728,0.001361812,1.361812,1000
57729,0.000714121,0.714121,1000
57730,0.001352498,1.352498,1000
57731,0.000400939,0.400939,1000
57732,0.003120771,3.120771,1000
57733,0.000691184,0.691184,1000
57734,0.000433831,0.433831,1000
57735,0.001386456,1.386456,1000
57736,0.000751484,0.751484,1000
57737,0.000322343,0.322343,1000
57738,0.00113796,1.13796,1000
57739,0.001241809,1.241809,1000
57740,0.000939802,0.939802,1000
57741,0.001146309,1.146309,1000
57742,0.001062519,1.062519,1000
57743,0.001656373,1.656373,1000
57744,0.000642838,0.642838,1000
57745,0.001175725,1.175725,1000
57746,0.001108256,1.108256,1000
57747,0.00283095,2.83095,1000
57748,0.000408541,0.408541,1000
57749,0.000433595,0.433595,1000
57750,0.00104294,1.04294,1000
57751,0.001326582,1.326582,1000
57752,0.000892675,0.892675,1000
57753,0.000586385,0.586385,1000
57754,0.000788127,0.788127,1000
57755,0.000261268,0.261268,1000
57756,0.002769286,2.769286,1000
57757,0.000429539,0.429539,1000
57758,0.000446713,0.446713,1000
57759,0.008005973,8.005973,1000
57760,0.008054655,8.054655,1000
57761,0.001104592,1.104592,1000
57762,0.000660339,0.660339,1000
57763,0.000601123,0.601123,1000
57764,0.001465703,1.465703,1000
57765,0.000931722,0.931722,1000
57766,0.000586642,0.586642,1000
57767,0.000798177,0.798177,1000
57768,0.00294372,2.94372,1000
57769,0.000431886,0.431886,1000
57770,0.008364227,8.364227,1000
57771,0.002939461,2.939461,1000
57772,0.001327767,1.327767,1000
57773,0.008090448,8.090448,1000
57774,0.000749973,0.749973,1000
57775,0.001151,1.151,1000
57776,0.001224407,1.224407,1000
57777,0.000820388,0.820388,1000
57778,0.00102979,1.02979,1000
57779,0.016011201,16.011201,1000
57780,0.003136054,3.136054,1000
57781,0.002994541,2.994541,1000
57782,0.002844666,2.844666,1000
57783,0.003179612,3.179612,1000
57784,0.0015091,1.5091,1000
57785,0.001018785,1.018785,1000
57786,0.07521299,75.21299,1000
57787,0.121294935,121.294935,1000
57788,0.00114796,1.14796,1000
57789,0.002959049,2.959049,1000
57790,0.001023123,1.023123,1000
57791,0.000810635,0.810635,1000
57792,0.001081522,1.081522,1000
57793,0.000708131,0.708131,1000
57794,0.000935513,0.935513,1000
57795,0.000731449,0.731449,1000
57796,0.001180536,1.180536,1000
57797,0.000783777,0.783777,1000
57798,0.020743459,20.743459,1000
57799,0.000897972,0.897972,1000
57800,0.001126211,1.126211,1000
57801,0.001224407,1.224407,1000
57802,0.001407601,1.407601,1000
57803,0.052968971,52.968971,1000
57804,0.000456782,0.456782,1000
57805,0.001376094,1.376094,1000
57806,0.000823207,0.823207,1000
57807,0.00084934,0.84934,1000
57808,0.00081312,0.81312,1000
57809,0.001042957,1.042957,1000
57810,0.000891642,0.891642,1000
57811,0.035361858,35.361858,1000
57812,0.008010449,8.010449,1000
57813,0.00138101,1.38101,1000
57814,0.001231268,1.231268,1000
57815,0.000937147,0.937147,1000
57816,0.001179788,1.179788,1000
57817,0.000970543,0.970543,1000
57818,0.000258189,0.258189,1000
57819,0.002854589,2.854589,1000
57820,0.001000783,1.000783,1000
57821,0.026700746,26.700746,1000
57822,0.001064369,1.064369,1000
57823,0.001505839,1.505839,1000
57824,0.001051462,1.051462,1000
57825,0.001062569,1.062569,1000
57826,0.014538195,14.538195,1000
57827,0.001097456,1.097456,1000
57828,0.013823184,13.823184,1000
57829,0.001028833,1.028833,1000
57830,0.001003619,1.003619,1000
57831,0.015185054,15.185054,1000
57832,0.00113428,1.13428,1000
57833,0.001608896,1.608896,1000
57834,0.001750714,1.750714,1000
57835,0.001304669,1.304669,1000
57836,0.001270129,1.270129,1000
57837,0.000784265,0.784265,1000
57838,0.000745541,0.745541,1000
57839,0.002022169,2.022169,1000
57840,0.000960681,0.960681,1000
57841,0.0003099,0.3099,1000
57842,0.000873276,0.873276,1000
57843,0.000806254,0.806254,1000
57844,0.000859485,0.859485,1000
57845,0.000728863,0.728863,1000
57846,0.000575937,0.575937,1000
57847,0.000921273,0.921273,1000
57848,0.00095247,0.95247,1000
57849,0.005018174,5.018174,1000
57850,0.000699864,0.699864,1000
57851,0.000299182,0.299182,1000
57852,0.000813072,0.813072,1000
57853,0.001632122,1.632122,1000
57854,0.001057498,1.057498,1000
57855,0.000719984,0.719984,1000
57856,0.002480457,2.480457,1000
57857,0.000812262,0.812262,1000
57858,0.001010763,1.010763,1000
57859,0.000503552,0.503552,1000
57860,0.000730813,0.730813,1000
57861,0.00312301,3.12301,1000
57862,0.001046205,1.046205,1000
57863,0.000837976,0.837976,1000
57864,0.001179463,1.179463,1000
57865,0.00095138,0.95138,1000
57866,0.003505752,3.505752,1000
57867,0.000709592,0.709592,1000
57868,0.000994413,0.994413,1000
57869,0.001006227,1.006227,1000
57870,0.001523042,1.523042,1000
57871,0.000909632,0.909632,1000
57872,0.002291654,2.291654,1000
57873,0.000768637,0.768637,1000
57875,0.001003374,1.003374,1000
57876,0.000848087,0.848087,1000
57877,0.001011936,1.011936,1000
57878,0.001212877,1.212877,1000
57879,0.000618152,0.618152,1000
57880,0.001056508,1.056508,1000
57881,0.003301774,3.301774,1000
57882,0.001472931,1.472931,1000
57883,0.056581368,56.581368,1000
57884,0.001071207,1.071207,1000
57885,0.017784469,17.784469,1000
57886,0.000894817,0.894817,1000
57887,0.001656285,1.656285,1000
57888,0.001987211,1.987211,1000
57889,0.000848933,0.848933,1000
57890,0.000952149,0.952149,1000
57891,0.01615651,16.15651,1000
57892,0.148319669,148.319669,1000
57893,0.284422191,284.422191,1000
57894,0.210832284,210.832284,1000
57895,0.21124772,211.24772,1000
57896,0.075288776,75.288776,1000
57897,0.121137648,121.137648,1000
57898,0.148304135,148.304135,1000
57899,0.178321318,178.321318,1000
57900,0.210866494,210.866494,1000
57901,0.059014332,59.014332,1000
57902,0.32518211,325.18211,1000
57903,0.121209637,121.209637,1000
57904,0.057261743,57.261743,1000
57905,0.096901706,96.901706,1000
57906,0.21080103,210.80103,1000
57907,0.178192199,178.192199,1000
57908,0.097491193,97.491193,1000
57909,0.040066531,40.066531,1000
57910,0.121333518,121.333518,1000
57911,0.178215193,178.215193,1000
57912,0.097026267,97.026267,1000
57913,0.000317497,0.317497,1000
57914,0.002252885,2.252885,1000
57915,0.00755583,7.55583,1000
57916,0.012051009,12.051009,1000
57917,0.000919304,0.919304,1000
57918,0.001006227,1.006227,1000
57919,0.000733269,0.733269,1000
57920,0.000858252,0.858252,1000
57921,0.000783777,0.783777,1000
57922,0.001483479,1.483479,1000
57923,0.026622947,26.622947,1000
57924,0.00086963,0.86963,1000
57925,0.00081312,0.81312,1000
57926,0.001071083,1.071083,1000
57927,0.016008307,16.008307,1000
57928,0.000955037,0.955037,1000
57929,0.004114591,4.114591,1000
57930,0.000937243,0.937243,1000
57931,0.001011936,1.011936,1000
57932,0.000861684,0.861684,1000
57933,0.01685818,16.85818,1000
57934,0.002377387,2.377387,1000
57935,0.056231685,56.231685,1000
57936,0.0005682,0.5682,1000
57937,0.008090259,8.090259,1000
57938,0.002945152,2.945152,1000
57939,0.002840816,2.840816,1000
57940,0.000959397,0.959397,1000
57941,0.014521058,14.521058,1000
57942,0.040148546,40.148546,1000
57943,0.003017714,3.017714,1000
57944,0.01598158,15.98158,1000
57945,0.002954688,2.954688,1000
57946,0.008476279,8.476279,1000
57947,0.003008733,3.008733,1000
57948,0.000535643,0.535643,1000
57949,0.05647676,56.47676,1000
57950,0.008166188,8.166188,1000
57951,0.000893372,0.893372,1000
57952,0.016094433,16.094433,1000
57953,0.008222081,8.222081,1000
57954,0.026881192,26.881192,1000
57955,0.002889404,2.889404,1000
57956,0.007964718,7.964718,1000
57957,0.000555639,0.555639,1000
57958,0.001503972,1.503972,1000
57959,0.000493624,0.493624,1000
57960,0.001216993,1.216993,1000
57961,0.001523648,1.523648,1000
57962,0.00088221,0.88221,1000
57963,0.000878064,0.878064,1000
57964,0.000687028,0.687028,1000
57965,0.001018268,1.018268,1000
57966,0.000766271,0.766271,1000
57967,0.00138256,1.38256,1000
57968,0.003522039,3.522039,1000
57969,0.008004321,8.004321,1000
57970,0.008007743,8.007743,1000
57971,0.02846175,28.46175,1000
57972,0.001071083,1.071083,1000
57973,0.001070445,1.070445,1000
57974,0.010613411,10.613411,1000
57975,0.001004041,1.004041,1000
57976,0.000810278,0.810278,1000
57977,0.075273756,75.273756,1000
57978,0.002858822,2.858822,1000
57979,0.000858911,0.858911,1000
57980,0.008608728,8.608728,1000
57981,0.000809304,0.809304,1000
57982,0.000974574,0.974574,1000
57983,0.000825969,0.825969,1000
57984,0.000797896,0.797896,1000
57985,0.002348583,2.348583,1000
57986,0.00026939,0.26939,1000
57987,0.001779481,1.779481,1000
57988,0.000947819,0.947819,1000
57989,0.000822569,0.822569,1000
57990,0.000778434,0.778434,1000
57991,0.001131266,1.131266,1000
57992,0.000464016,0.464016,1000
57993,0.000618844,0.618844,1000
57994,0.000509025,0.509025,1000
57995,0.00186574,1.86574,1000
57996,0.004017898,4.017898,1000
57997,0.001062502,1.062502,1000
57998,0.002831021,2.831021,1000
57999,0.000801922,0.801922,1000
58000,0.005862303,5.862303,1000
58001,0.061941172,61.941172,1000
58002,0.001149753,1.149753,1000
58003,0.001510527,1.510527,1000
58004,0.000776248,0.776248,1000
58005,0.001505839,1.505839,1000
58006,0.05173913,51.73913,1000
58007,0.000840408,0.840408,1000
58008,0.000877968,0.877968,1000
58009,0.001072751,1.072751,1000
58010,0.000650821,0.650821,1000
58011,0.004339725,4.339725,1000
58012,0.008519121,8.519121,1000
58013,0.001472169,1.472169,1000
58014,0.003022834,3.022834,1000
58015,0.003067922,3.067922,1000
58016,0.001151,1.151,1000
58017,0.001717254,1.717254,1000
58018,0.001250948,1.250948,1000
58019,0.001369287,1.369287,1000
58020,0.001024504,1.024504,1000
58021,0.284884682,284.884682,1000
58022,0.00068247,0.68247,1000
58023,0.000677317,0.677317,1000
58024,0.000783777,0.783777,1000
58025,0.001659613,1.659613,1000
58026,0.000765615,0.765615,1000
58027,0.000586555,0.586555,1000
58028,0.00102289,1.02289,1000
58029,0.001052327,1.052327,1000
58030,0.002718571,2.718571,1000
58031,0.000765529,0.765529,1000
58032,0.000611724,0.611724,1000
58033,0.001241002,1.241002,1000
58034,0.001005943,1.005943,1000
58035,0.001695563,1.695563,1000
58036,0.000737477,0.737477,1000
58037,0.000953485,0.953485,1000
58038,0.0015091,1.5091,1000
58039,0.003112412,3.112412,1000
58040,0.000773579,0.773579,1000
58041,0.000820064,0.820064,1000
58042,0.000737893,0.737893,1000
58043,0.000734724,0.734724,1000
58044,0.029459676,29.459676,1000
58045,0.000670597,0.670597,1000
58046,0.00067995,0.67995,1000
58047,0.002141107,2.141107,1000
58048,0.000645583,0.645583,1000
58049,0.000597076,0.597076,1000
58050,0.008269961,8.269961,1000
58051,0.000305829,0.305829,1000
58052,0.00073446,0.73446,1000
58053,0.008120095,8.120095,1000
58054,0.000990404,0.990404,1000
58055,0.002896131,2.896131,1000
58056,0.00132985,1.32985,1000
58057,0.00086936,0.86936,1000
58058,0.000795512,0.795512,1000
58059,0.008632708,8.632708,1000
58060,0.000886855,0.886855,1000
58061,0.003641636,3.641636,1000
58062,0.001682348,1.682348,1000
58063,0.000749605,0.749605,1000
58064,0.752779719,752.779719,1000
58065,0.001546911,1.546911,1000
58066,0.000825966,0.825966,1000
58067,0.000863664,0.863664,1000
58068,0.026651687,26.651687,1000
58069,0.000992585,0.992585,1000
58070,0.02693028,26.93028,1000
58071,0.00098284,0.98284,1000
58072,0.006481581,6.481581,1000
58073,0.002973589,2.973589,1000
58074,0.000854681,0.854681,1000
58075,0.595287691,595.287691,1000
58076,0.001081154,1.081154,1000
58077,1.028672103,1028.672103,1000
58078,0.001129021,1.129021,1000
58079,0.00091243,0.91243,1000
58080,0.001302273,1.302273,1000
58081,0.075099866,75.099866,1000
58082,0.000817873,0.817873,1000
58083,0.006023343,6.023343,1000
58084,0.001011936,1.011936,1000
58085,0.001919561,1.919561,1000
58086,0.001139001,1.139001,1000
58087,0.001089121,1.089121,1000
58088,0.000859645,0.859645,1000
58089,0.000790427,0.790427,1000
58090,0.000942196,0.942196,1000
58091,0.06457589,64.57589,1000
58092,0.026749031,26.749031,1000
58093,0.001717017,1.717017,1000
58094,0.000604475,0.604475,1000
58095,0.001169823,1.169823,1000
58096,0.000924143,0.924143,1000
58097,0.001520493,1.520493,1000
58098,0.020608832,20.608832,1000
58099,0.001004655,1.004655,1000
58100,0.001042957,1.042957,1000
58101,0.000783777,0.783777,1000
58102,0.000831085,0.831085,1000
58103,0.001220939,1.220939,1000
58104,0.001071133,1.071133,1000
58105,0.00065342,0.65342,1000
58106,0.00141239,1.41239,1000
58107,0.000353043,0.353043,1000
58108,0.001131756,1.131756,1000
58109,0.001292199,1.292199,1000
58110,0.001029247,1.029247,1000
58111,0.001585913,1.585913,1000
58112,0.001069915,1.069915,1000
58113,0.001420977,1.420977,1000
58114,0.000842429,0.842429,1000
58115,0.002531147,2.531147,1000
58116,0.001614222,1.614222,1000
58117,0.000925548,0.925548,1000
58118,0.000660976,0.660976,1000
58119,0.001525181,1.525181,1000
58120,0.000811247,0.811247,1000
58121,0.001619722,1.619722,1000
58122,0.000699077,0.699077,1000
58123,0.000835111,0.835111,1000
58124,0.00131543,1.31543,1000
58125,0.000712321,0.712321,1000
58126,0.000783777,0.783777,1000
58127,0.000764534,0.764534,1000
58128,0.002707026,2.707026,1000
58129,0.00103168,1.03168,1000
58130,0.00099726,0.99726,1000
58131,0.00113894,1.13894,1000
58132,0.00051099,0.51099,1000
58133,0.000828945,0.828945,1000
58134,0.001286403,1.286403,1000
58135,0.002816073,2.816073,1000
58136,0.001119421,1.119421,1000
58137,0.008002699,8.002699,1000
58138,0.001247199,1.247199,1000
58139,0.04702012,47.02012,1000
58140,0.001502336,1.502336,1000
58141,0.005893412,5.893412,1000
58142,0.018711631,18.711631,1000
58143,0.034846564,34.846564,1000
58144,0.00134419,1.34419,1000
58145,0.003578797,3.578797,1000
58146,0.000848506,0.848506,1000
58147,0.000849015,0.849015,1000
58148,0.001608156,1.608156,1000
58149,0.001068522,1.068522,1000
58150,0.012437357,12.437357,1000
58151,0.001327025,1.327025,1000
58152,0.000839047,0.839047,1000
58153,0.000636,0.636,1000
58154,0.001081154,1.081154,1000
58155,0.000488795,0.488795,1000
58156,0.310756481,310.756481,1000
58157,0.018057874,18.057874,1000
58158,0.000761234,0.761234,1000
58159,0.001259496,1.259496,1000
58160,0.016107881,16.107881,1000
58161,0.001104592,1.104592,1000
58162,0.001042957,1.042957,1000
58163,0.000974115,0.974115,1000
58164,0.001014503,1.014503,1000
58165,0.000774885,0.774885,1000
58166,0.001158763,1.158763,1000
58167,0.001108469,1.108469,1000
58168,0.00081312,0.81312,1000
58169,0.001042777,1.042777,1000
58170,0.001081154,1.081154,1000
58171,0.014305207,14.305207,1000
58172,0.003236475,3.236475,1000
58173,0.000873403,0.873403,1000
58174,0.000358156,0.358156,1000
58175,0.002964125,2.964125,1000
58176,0.000787292,0.787292,1000
58177,0.002837885,2.837885,1000
58178,0.006189908,6.189908,1000
58179,0.000647876,0.647876,1000
58180,0.000867377,0.867377,1000
58181,0.001050419,1.050419,1000
58182,0.001520388,1.520388,1000
58183,0.000701119,0.701119,1000
58184,0.07514365,75.14365,1000
58185,0.000845397,0.845397,1000
58186,0.008216139,8.216139,1000
58187,0.00415909,4.15909,1000
58188,0.001010701,1.010701,1000
58189,0.010859675,10.859675,1000
58190,0.001198754,1.198754,1000
58191,0.008575076,8.575076,1000
58192,0.000769415,0.769415,1000
58193,0.00087506,0.87506,1000
58194,0.000956993,0.956993,1000
58195,0.004181578,4.181578,1000
58196,0.000993186,0.993186,1000
58197,0.002180505,2.180505,1000
58198,0.001006227,1.006227,1000
58199,0.000850317,0.850317,1000
58200,0.000812737,0.812737,1000
58201,0.001621692,1.621692,1000
58202,0.000277411,0.277411,1000
58203,0.001076934,1.076934,1000
58204,0.000641335,0.641335,1000
58205,0.000860791,0.860791,1000
58206,0.001222395,1.222395,1000
58207,0.000744621,0.744621,1000
58208,0.001242304,1.242304,1000
58209,0.000685557,0.685557,1000
58210,0.001224407,1.224407,1000
58211,0.003376985,3.376985,1000
58212,0.000951837,0.951837,1000
58213,0.001390677,1.390677,1000
58214,0.000978076,0.978076,1000
58215,0.003433686,3.433686,1000
58216,0.004400092,4.400092,1000
58217,0.075560915,75.560915,1000
58218,0.000842662,0.842662,1000
58219,0.000980303,0.980303,1000
58220,0.02946336,29.46336,1000
58221,0.001125119,1.125119,1000
58222,0.010114,10.114,1000
58223,0.001217744,1.217744,1000
58224,0.0005159,0.5159,1000
58225,0.000897099,0.897099,1000
58226,0.001041789,1.041789,1000
58227,0.000925101,0.925101,1000
58228,0.000826964,0.826964,1000
58229,0.008014391,8.014391,1000
58230,0.015972883,15.972883,1000
58231,0.001005898,1.005898,1000
58232,0.002973784,2.973784,1000
58233,0.000861478,0.861478,1000
58234,0.000679026,0.679026,1000
58235,0.001178284,1.178284,1000
58236,0.001260199,1.260199,1000
58237,0.001018531,1.018531,1000
58238,0.000896154,0.896154,1000
58239,0.001992303,1.992303,1000
58240,0.000449834,0.449834,1000
58241,0.000596077,0.596077,1000
58242,0.000605029,0.605029,1000
58243,0.000775526,0.775526,1000
58244,0.000839403,0.839403,1000
58245,0.001071066,1.071066,1000
58246,0.000937396,0.937396,1000
58247,0.001084942,1.084942,1000
58248,0.001342654,1.342654,1000
58249,0.001339437,1.339437,1000
58250,0.00079907,0.79907,1000
58251,0.000993124,0.993124,1000
58252,0.001457786,1.457786,1000
58253,0.001062128,1.062128,1000
58254,0.001348128,1.348128,1000
58255,0.003174072,3.174072,1000
58256,0.001927662,1.927662,1000
58257,0.210856713,210.856713,1000
58258,0.000652706,0.652706,1000
58259,0.000791503,0.791503,1000
58260,0.003937847,3.937847,1000
58261,0.003712335,3.712335,1000
58262,0.000762573,0.762573,1000
58263,0.009526654,9.526654,1000
58264,0.001265874,1.265874,1000
58265,0.004011177,4.011177,1000
58266,0.001656285,1.656285,1000
58267,0.001312558,1.312558,1000
58268,0.005063335,5.063335,1000
58269,0.003776884,3.776884,1000
58271,0.000387276,0.387276,1000
58272,0.000621521,0.621521,1000
58273,0.008738216,8.738216,1000
58274,0.003802889,3.802889,1000
58275,0.000956262,0.956262,1000
58276,0.008806402,8.806402,1000
58277,0.000718679,0.718679,1000
58278,0.51618852,516.18852,1000
58279,0.000827715,0.827715,1000
58280,0.006536729,6.536729,1000
58281,0.000783777,0.783777,1000
58282,0.00128748,1.28748,1000
58283,0.00114796,1.14796,1000
58284,0.001360316,1.360316,1000
58285,0.017188724,17.188724,1000
58286,0.595286263,595.286263,1000
58287,0.012140115,12.140115,1000
58288,0.022818897,22.818897,1000
58289,0.003233118,3.233118,1000
58290,0.000748802,0.748802,1000
58291,0.008188435,8.188435,1000
58292,0.00194661,1.94661,1000
58293,0.001745717,1.745717,1000
58294,0.001089669,1.089669,1000
58295,0.002966672,2.966672,1000
58296,0.000628087,0.628087,1000
58298,0.000814464,0.814464,1000
58299,0.000747036,0.747036,1000
58300,0.001139001,1.139001,1000
58301,0.002000692,2.000692,1000
58302,0.001902824,1.902824,1000
58303,0.001066609,1.066609,1000
58304,0.000728691,0.728691,1000
58305,0.000920109,0.920109,1000
58306,0.000845324,0.845324,1000
58307,0.000825966,0.825966,1000
58308,0.000800012,0.800012,1000
58309,0.001592071,1.592071,1000
58310,0.002456161,2.456161,1000
58311,0.000465642,0.465642,1000
58312,0.000573358,0.573358,1000
58313,0.000825966,0.825966,1000
58314,0.0012442,1.2442,1000
58315,0.000520959,0.520959,1000
58316,0.000683402,0.683402,1000
58317,0.000926263,0.926263,1000
58318,0.002473992,2.473992,1000
58319,0.000715642,0.715642,1000
58320,0.000829843,0.829843,1000
58321,0.001031114,1.031114,1000
58322,0.000403246,0.403246,1000
58323,0.001761111,1.761111,1000
58324,0.001644691,1.644691,1000
58325,0.000993186,0.993186,1000
58326,0.002290154,2.290154,1000
58327,0.000883822,0.883822,1000
58328,0.000609745,0.609745,1000
58329,0.00114796,1.14796,1000
58330,0.002029169,2.029169,1000
58331,0.000746236,0.746236,1000
58332,0.022553044,22.553044,1000
58333,0.000815947,0.815947,1000
58334,0.000824632,0.824632,1000
58336,0.001144266,1.144266,1000
58337,0.001355576,1.355576,1000
58338,0.000878349,0.878349,1000
58339,0.096897446,96.897446,1000
58340,0.001071133,1.071133,1000
58341,0.004585085,4.585085,1000
58342,0.021114522,21.114522,1000
58343,0.003642091,3.642091,1000
58344,0.000758387,0.758387,1000
58345,0.001520309,1.520309,1000
58346,0.001483749,1.483749,1000
58347,0.001141219,1.141219,1000
58348,0.003511013,3.511013,1000
58349,0.008806922,8.806922,1000
58350,0.001505839,1.505839,1000
58351,0.027120096,27.120096,1000
58352,0.000910694,0.910694,1000
58353,0.001425888,1.425888,1000
58354,0.001126697,1.126697,1000
58355,0.001437527,1.437527,1000
58356,0.002468897,2.468897,1000
58357,0.001042957,1.042957,1000
58358,0.000924355,0.924355,1000
58359,0.00081716,0.81716,1000
58360,0.000610746,0.610746,1000
58361,0.000857943,0.857943,1000
58362,0.001327025,1.327025,1000
58363,0.001019423,1.019423,1000
58364,0.000976813,0.976813,1000
58365,0.00366688,3.66688,1000
58366,0.002866609,2.866609,1000
58367,0.000993186,0.993186,1000
58368,0.00084296,0.84296,1000
58369,0.000724561,0.724561,1000
58370,0.001297354,1.297354,1000
58371,0.00057178,0.57178,1000
58372,0.000277621,0.277621,1000
58373,0.001043045,1.043045,1000
58374,0.000659111,0.659111,1000
58375,0.001231268,1.231268,1000
58376,0.001573675,1.573675,1000
58377,0.000461261,0.461261,1000
58378,0.000897715,0.897715,1000
58379,0.01691138,16.91138,1000
58380,0.000897099,0.897099,1000
58381,0.016755298,16.755298,1000
58382,0.000835099,0.835099,1000
58383,0.000603038,0.603038,1000
58384,0.00044305,0.44305,1000
58385,0.001071105,1.071105,1000
58386,0.000622023,0.622023,1000
58387,0.006023713,6.023713,1000
58388,0.000745674,0.745674,1000
58389,0.000698162,0.698162,1000
58390,0.002950832,2.950832,1000
58391,0.000993186,0.993186,1000
58392,0.003197689,3.197689,1000
58393,0.001755082,1.755082,1000
58394,0.000783777,0.783777,1000
58395,0.000642436,0.642436,1000
58396,0.037149492,37.149492,1000
58397,0.001161565,1.161565,1000
58398,0.000963052,0.963052,1000
58399,0.001038716,1.038716,1000
58400,0.00075634,0.75634,1000
58401,0.001042979,1.042979,1000
58402,0.000671622,0.671622,1000
58403,0.000943741,0.943741,1000
58404,0.004822482,4.822482,1000
58405,0.000903862,0.903862,1000
58406,0.002385889,2.385889,1000
58407,0.00067256,0.67256,1000
58408,0.075153438,75.153438,1000
58409,0.00102297,1.02297,1000
58410,0.121203141,121.203141,1000
58411,0.048348894,48.348894,1000
58412,0.006140354,6.140354,1000
58413,0.000694902,0.694902,1000
58414,0.000393387,0.393387,1000
58415,0.040320245,40.320245,1000
58416,0.001480218,1.480218,1000
58417,0.0268457,26.8457,1000
58418,0.00053682,0.53682,1000
58419,0.00106234,1.06234,1000
58420,0.000702194,0.702194,1000
58421,0.003024417,3.024417,1000
58422,0.056123365,56.123365,1000
58423,0.000993186,0.993186,1000
58424,0.003778211,3.778211,1000
58425,0.000923345,0.923345,1000
58426,0.178357119,178.357119,1000
58427,0.000320174,0.320174,1000
58428,0.003463047,3.463047,1000
58429,0.002050381,2.050381,1000
58430,0.026600244,26.600244,1000
58431,0.001126142,1.126142,1000
58432,0.000582862,0.582862,1000
58433,0.000723271,0.723271,1000
58434,0.000990242,0.990242,1000
58435,0.000570051,0.570051,1000
58436,0.002755302,2.755302,1000
58437,0.000554625,0.554625,1000
58438,0.00083188,0.83188,1000
58439,0.002918856,2.918856,1000
58440,0.001442493,1.442493,1000
58441,0.001141219,1.141219,1000
58442,0.009653355,9.653355,1000
58443,0.008894037,8.894037,1000
58444,0.001528932,1.528932,1000
58445,0.001034598,1.034598,1000
58446,0.001014031,1.014031,1000
58447,0.000951075,0.951075,1000
58448,0.004425928,4.425928,1000
58449,0.001608681,1.608681,1000
58450,0.001042957,1.042957,1000
58451,0.002155349,2.155349,1000
58452,0.008729329,8.729329,1000
58453,0.000935513,0.935513,1000
58454,0.003423553,3.423553,1000
58455,0.000739777,0.739777,1000
58456,0.001143068,1.143068,1000
58457,0.001141219,1.141219,1000
58458,0.002681381,2.681381,1000
58459,0.000825969,0.825969,1000
58460,0.0015091,1.5091,1000
58461,0.000897793,0.897793,1000
58462,0.00101031,1.01031,1000
58463,0.001097456,1.097456,1000
58464,0.001237815,1.237815,1000
58465,0.019291596,19.291596,1000
58466,0.000902494,0.902494,1000
58467,0.000813245,0.813245,1000
58468,0.002083074,2.083074,1000
58469,0.000767503,0.767503,1000
58470,0.000811762,0.811762,1000
58471,0.000584863,0.584863,1000
58472,0.002746969,2.746969,1000
58473,0.000466005,0.466005,1000
58474,0.001161142,1.161142,1000
58475,0.000894906,0.894906,1000
58476,0.008010657,8.010657,1000
58477,0.000922794,0.922794,1000
58478,0.000470438,0.470438,1000
58479,0.000800111,0.800111,1000
58480,0.003345077,3.345077,1000
58481,0.00928455,9.28455,1000
58482,0.000759673,0.759673,1000
58483,0.001215808,1.215808,1000
58484,0.001339782,1.339782,1000
58485,0.001062379,1.062379,1000
58486,0.001143068,1.143068,1000
58487,0.000786725,0.786725,1000
58488,0.000273661,0.273661,1000
58489,0.001018337,1.018337,1000
58490,0.003679585,3.679585,1000
58491,0.001104063,1.104063,1000
58492,0.000804528,0.804528,1000
58493,0.001586912,1.586912,1000
58494,0.000993186,0.993186,1000
58495,0.001042957,1.042957,1000
58496,0.008894587,8.894587,1000
58497,0.008010026,8.010026,1000
58498,0.000714154,0.714154,1000
58499,0.003706376,3.706376,1000
58500,0.001519658,1.519658,1000
58501,0.415560644,415.560644,1000
58502,0.001427525,1.427525,1000
58503,0.001192164,1.192164,1000
58504,0.008023506,8.023506,1000
58505,0.000630993,0.630993,1000
58506,0.002990201,2.990201,1000
58507,0.000294643,0.294643,1000
58508,0.000885855,0.885855,1000
58509,0.001011936,1.011936,1000
58510,0.000734223,0.734223,1000
58511,0.015981523,15.981523,1000
58512,0.001081154,1.081154,1000
58513,0.000731232,0.731232,1000
58514,0.000947749,0.947749,1000
58515,0.003941555,3.941555,1000
58516,0.000765354,0.765354,1000
58517,0.006054962,6.054962,1000
58518,0.056315971,56.315971,1000
58519,0.016949582,16.949582,1000
58520,0.003073943,3.073943,1000
58521,0.05623742,56.23742,1000
58522,0.000880832,0.880832,1000
58523,0.003161513,3.161513,1000
58524,0.000866809,0.866809,1000
58525,0.015896827,15.896827,1000
58526,0.00106567,1.06567,1000
58527,0.011773541,11.773541,1000
58528,0.000843584,0.843584,1000
58529,0.007980882,7.980882,1000
58530,0.001206936,1.206936,1000
58531,0.000747726,0.747726,1000
58532,0.002883217,2.883217,1000
58533,0.000412794,0.412794,1000
58534,0.001011936,1.011936,1000
58535,0.012368973,12.368973,1000
58536,0.002853532,2.853532,1000
58537,0.00081525,0.81525,1000
58538,0.004811502,4.811502,1000
58539,0.008346708,8.346708,1000
58540,0.008823835,8.823835,1000
58541,0.001462858,1.462858,1000
58542,0.003431889,3.431889,1000
58543,0.016259444,16.259444,1000
58544,0.14421865,144.21865,1000
58545,0.000847276,0.847276,1000
58546,0.001623754,1.623754,1000
58547,0.001480195,1.480195,1000
58548,0.415354442,415.354442,1000
58549,0.249108998,249.108998,1000
58550,0.009155757,9.155757,1000
58551,0.000617569,0.617569,1000
58552,0.001361911,1.361911,1000
58553,0.001207608,1.207608,1000
58554,0.000301867,0.301867,1000
58555,0.00081886,0.81886,1000
58556,0.001081154,1.081154,1000
58557,0.008145284,8.145284,1000
58558,0.001523885,1.523885,1000
58559,0.002873696,2.873696,1000
58560,0.004293794,4.293794,1000
58561,0.000811777,0.811777,1000
58562,0.004548708,4.548708,1000
58563,0.001224407,1.224407,1000
58564,0.000539434,0.539434,1000
58565,0.000723951,0.723951,1000
58566,0.000606328,0.606328,1000
58567,0.001153717,1.153717,1000
58568,0.001306696,1.306696,1000
58569,0.02214129,22.14129,1000
58570,0.000944129,0.944129,1000
58571,0.000725892,0.725892,1000
58572,0.008274616,8.274616,1000
58573,0.008140386,8.140386,1000
58574,0.001155282,1.155282,1000
58575,0.121165565,121.165565,1000
58576,0.001321298,1.321298,1000
58577,0.002771853,2.771853,1000
58578,0.000851756,0.851756,1000
58579,0.008948835,8.948835,1000
58580,0.001118692,1.118692,1000
58581,0.001352722,1.352722,1000
58582,0.000900448,0.900448,1000
58584,0.001523885,1.523885,1000
58585,0.000724787,0.724787,1000
58586,0.001030042,1.030042,1000
58587,0.00148588,1.48588,1000
58588,0.001312558,1.312558,1000
58589,0.000314788,0.314788,1000
58590,0.000586535,0.586535,1000
58591,0.149128214,149.128214,1000
58592,0.000813867,0.813867,1000
58593,0.00121609,1.21609,1000
58594,0.056506502,56.506502,1000
58595,0.001197558,1.197558,1000
58596,0.001061881,1.061881,1000
58597,0.0008522,0.8522,1000
58598,0.009414778,9.414778,1000
58599,0.001450625,1.450625,1000
58600,0.002954429,2.954429,1000
58601,0.015547149,15.547149,1000
58602,0.000771372,0.771372,1000
58603,0.001061881,1.061881,1000
58604,0.005962371,5.962371,1000
58605,0.000633402,0.633402,1000
58606,0.01657734,16.57734,1000
58607,0.003370916,3.370916,1000
58608,0.000741846,0.741846,1000
58609,0.000816661,0.816661,1000
58610,0.008644138,8.644138,1000
58611,0.001072286,1.072286,1000
58612,0.595286263,595.286263,1000
58613,0.001093087,1.093087,1000
58614,0.000891121,0.891121,1000
58615,0.003242678,3.242678,1000
58616,0.016279557,16.279557,1000
58617,0.010459327,10.459327,1000
58618,0.06457589,64.57589,1000
58619,0.001145278,1.145278,1000
58620,0.001237974,1.237974,1000
58621,0.002755627,2.755627,1000
58622,0.000361125,0.361125,1000
58623,0.001348377,1.348377,1000
58624,0.001042957,1.042957,1000
58625,0.000745822,0.745822,1000
58626,0.008065324,8.065324,1000
58627,0.001833278,1.833278,1000
58628,0.001088611,1.088611,1000
58629,0.000794012,0.794012,1000
58630,0.000825966,0.825966,1000
58631,0.001153714,1.153714,1000
58632,0.001000982,1.000982,1000
58633,0.001242727,1.242727,1000
58634,0.00081312,0.81312,1000
58635,0.002986135,2.986135,1000
58636,0.075617939,75.617939,1000
58637,0.000825161,0.825161,1000
58638,0.001825149,1.825149,1000
58639,0.000948554,0.948554,1000
58640,0.00078378,0.78378,1000
58641,0.0015091,1.5091,1000
58642,0.001056903,1.056903,1000
58643,0.003451387,3.451387,1000
58644,0.000941184,0.941184,1000
58645,0.005803242,5.803242,1000
58646,0.000566842,0.566842,1000
58647,0.038753423,38.753423,1000
58648,0.001633535,1.633535,1000
58649,0.000597758,0.597758,1000
58650,0.001134919,1.134919,1000
58651,0.00078378,0.78378,1000
58652,0.000856819,0.856819,1000
58653,0.00073484,0.73484,1000
58654,0.000756328,0.756328,1000
58655,0.000730053,0.730053,1000
58656,0.01445272,14.45272,1000
58657,0.075781882,75.781882,1000
58658,0.001382519,1.382519,1000
58659,0.00075261,0.75261,1000
58660,0.001601399,1.601399,1000
58661,0.001006227,1.006227,1000
58662,0.001331809,1.331809,1000
58663,0.001042957,1.042957,1000
58664,0.001409134,1.409134,1000
58665,0.001042979,1.042979,1000
58666,0.040556982,40.556982,1000
58667,0.01208701,12.08701,1000
58668,0.001046372,1.046372,1000
58669,0.000368352,0.368352,1000
58670,0.758531878,758.531878,1000
58671,0.003283772,3.283772,1000
58672,0.000725181,0.725181,1000
58673,0.075549913,75.549913,1000
58674,0.000929931,0.929931,1000
58675,0.000821117,0.821117,1000
58676,0.001104592,1.104592,1000
58677,0.001308016,1.308016,1000
58678,0.000715276,0.715276,1000
58679,0.000765414,0.765414,1000
58680,0.001144266,1.144266,1000
58681,0.00081312,0.81312,1000
58682,0.001430162,1.430162,1000
58683,0.002971672,2.971672,1000
58684,0.002530677,2.530677,1000
58685,0.000951904,0.951904,1000
58686,0.001510527,1.510527,1000
58687,0.005235617,5.235617,1000
58688,0.000947567,0.947567,1000
58689,0.001128758,1.128758,1000
58690,0.001065971,1.065971,1000
58691,0.001143068,1.143068,1000
58692,0.000750625,0.750625,1000
58693,0.000797901,0.797901,1000
58694,0.001821889,1.821889,1000
58695,0.000943963,0.943963,1000
58696,0.001600968,1.600968,1000
58697,0.001609087,1.609087,1000
58698,0.001141219,1.141219,1000
58699,0.001368167,1.368167,1000
58700,0.008479066,8.479066,1000
58701,0.001062569,1.062569,1000
58702,0.000986072,0.986072,1000
58703,0.008011918,8.011918,1000
58704,0.022956098,22.956098,1000
58705,0.002583564,2.583564,1000
58706,0.001032629,1.032629,1000
58707,0.009282309,9.282309,1000
58708,0.000949648,0.949648,1000
58709,0.001042979,1.042979,1000
58710,0.003664607,3.664607,1000
58711,0.000865333,0.865333,1000
58712,0.001081154,1.081154,1000
58713,0.000753543,0.753543,1000
58714,0.001480195,1.480195,1000
58715,0.001501456,1.501456,1000
58716,0.002414692,2.414692,1000
58717,0.000478059,0.478059,1000
58718,0.001659774,1.659774,1000
58719,0.000845094,0.845094,1000
58720,0.000775437,0.775437,1000
58721,0.000598007,0.598007,1000
58722,0.000640284,0.640284,1000
58723,0.064552953,64.552953,1000
58724,0.000614354,0.614354,1000
58725,0.003110859,3.110859,1000
58726,0.096879997,96.879997,1000
58727,0.002245425,2.245425,1000
58728,0.00085832,0.85832,1000
58729,0.001557963,1.557963,1000
58730,0.004243873,4.243873,1000
58731,0.001042957,1.042957,1000
58732,0.000592002,0.592002,1000
58733,0.075573904,75.573904,1000
58734,0.000954951,0.954951,1000
58735,0.00096037,0.96037,1000
58736,0.000672926,0.672926,1000
58737,0.001192164,1.192164,1000
58738,0.000312986,0.312986,1000
58739,0.040678086,40.678086,1000
58740,0.001569048,1.569048,1000
58741,0.001486853,1.486853,1000
58742,0.001179496,1.179496,1000
58743,0.001772524,1.772524,1000
58744,0.02660654,26.60654,1000
58745,0.001122477,1.122477,1000
58746,0.000954475,0.954475,1000
58747,0.001062519,1.062519,1000
58748,0.011163923,11.163923,1000
58749,0.001351576,1.351576,1000
58750,0.000798068,0.798068,1000
58751,0.000685842,0.685842,1000
58752,0.001719222,1.719222,1000
58753,0.001847012,1.847012,1000
58754,0.005988728,5.988728,1000
58755,0.001616434,1.616434,1000
58756,0.000802776,0.802776,1000
58757,0.00613521,6.13521,1000
58758,0.002110745,2.110745,1000
58759,0.001548993,1.548993,1000
58760,0.000374759,0.374759,1000
58761,0.000861396,0.861396,1000
58762,0.001080654,1.080654,1000
58763,0.001535991,1.535991,1000
58764,0.000649568,0.649568,1000
58765,0.001266781,1.266781,1000
58766,0.006085261,6.085261,1000
58767,0.008395597,8.395597,1000
58768,0.000775953,0.775953,1000
58769,0.000753323,0.753323,1000
58770,0.000361663,0.361663,1000
58771,0.001273636,1.273636,1000
58772,0.014125368,14.125368,1000
58773,0.001071083,1.071083,1000
58774,0.001443609,1.443609,1000
58775,0.001285677,1.285677,1000
58776,0.001236748,1.236748,1000
58777,0.000918105,0.918105,1000
58778,0.000948733,0.948733,1000
58779,0.002381144,2.381144,1000
58780,0.001139001,1.139001,1000
58781,0.000655667,0.655667,1000
58782,0.001180221,1.180221,1000
58783,0.012227494,12.227494,1000
58784,0.002808599,2.808599,1000
58785,0.001642021,1.642021,1000
58786,0.000864395,0.864395,1000
58787,0.006331483,6.331483,1000
58788,0.001033875,1.033875,1000
58789,0.008068316,8.068316,1000
58790,0.000937243,0.937243,1000
58791,0.004133839,4.133839,1000
58792,0.000585093,0.585093,1000
58793,0.000645207,0.645207,1000
58794,0.00049535,0.49535,1000
58795,0.001258003,1.258003,1000
58796,0.01927154,19.27154,1000
58797,0.000872742,0.872742,1000
58798,0.009138018,9.138018,1000
58799,0.001816708,1.816708,1000
58800,0.001554702,1.554702,1000
58801,0.001540933,1.540933,1000
58802,0.000248305,0.248305,1000
58803,0.010191686,10.191686,1000
58804,0.000794842,0.794842,1000
58805,0.002242156,2.242156,1000
58806,0.000638984,0.638984,1000
58807,0.000705766,0.705766,1000
58808,0.00091293,0.91293,1000
58809,0.0018223,1.8223,1000
58810,0.001076089,1.076089,1000
58811,0.000695905,0.695905,1000
58812,0.000800267,0.800267,1000
58813,0.000945124,0.945124,1000
58814,0.001029067,1.029067,1000
58815,0.001955111,1.955111,1000
58816,0.001029247,1.029247,1000
58817,0.0013647,1.3647,1000
58818,0.002995369,2.995369,1000
58819,0.001062569,1.062569,1000
58820,0.000392222,0.392222,1000
58821,0.001602876,1.602876,1000
58822,0.00061716,0.61716,1000
58823,0.000781002,0.781002,1000
58824,0.001141219,1.141219,1000
58825,0.001603065,1.603065,1000
58826,0.000793357,0.793357,1000
58827,0.000940307,0.940307,1000
58828,0.001085058,1.085058,1000
58829,0.000768147,0.768147,1000
58830,0.000293623,0.293623,1000
58831,0.05241428,52.41428,1000
58832,0.008093082,8.093082,1000
58833,0.000918416,0.918416,1000
58834,0.002801836,2.801836,1000
58835,0.000690167,0.690167,1000
58836,0.00115327,1.15327,1000
58837,0.001592079,1.592079,1000
58838,0.016186275,16.186275,1000
58839,0.246330148,246.330148,1000
58840,0.00800217,8.00217,1000
58841,0.001061317,1.061317,1000
58842,0.024017374,24.017374,1000
58843,0.001046744,1.046744,1000
58844,0.001042957,1.042957,1000
58845,0.002912783,2.912783,1000
58846,0.001496489,1.496489,1000
58847,0.035903645,35.903645,1000
58848,0.001437744,1.437744,1000
58849,0.000948694,0.948694,1000
58850,0.00113069,1.13069,1000
58851,0.000823155,0.823155,1000
58852,0.001041789,1.041789,1000
58853,0.00085467,0.85467,1000
58854,0.016063928,16.063928,1000
58855,0.000762093,0.762093,1000
58856,0.007619018,7.619018,1000
58857,0.039970628,39.970628,1000
58858,0.018063261,18.063261,1000
58859,0.001042957,1.042957,1000
58860,0.001629378,1.629378,1000
58861,0.001062379,1.062379,1000
58862,0.040678325,40.678325,1000
58863,0.001435383,1.435383,1000
58864,0.002839947,2.839947,1000
58865,0.001210525,1.210525,1000
58866,0.000660145,0.660145,1000
58867,0.000484512,0.484512,1000
58868,0.000519373,0.519373,1000
58869,0.000987702,0.987702,1000
58870,0.001281588,1.281588,1000
58871,0.001009332,1.009332,1000
58872,0.006534376,6.534376,1000
58873,0.00078519,0.78519,1000
58874,0.001335576,1.335576,1000
58875,0.000617421,0.617421,1000
58876,0.008328344,8.328344,1000
58877,0.002990464,2.990464,1000
58878,0.001152123,1.152123,1000
58879,0.000887405,0.887405,1000
58880,0.001277705,1.277705,1000
58881,0.000795512,0.795512,1000
58882,0.000960872,0.960872,1000
58883,0.001605656,1.605656,1000
58884,0.005739077,5.739077,1000
58885,0.00055434,0.55434,1000
58886,0.003525545,3.525545,1000
58887,0.000939787,0.939787,1000
58888,0.000937534,0.937534,1000
58889,0.001307292,1.307292,1000
58890,0.000731258,0.731258,1000
58891,0.001006227,1.006227,1000
58892,0.003879941,3.879941,1000
58893,0.001186062,1.186062,1000
58894,0.002196629,2.196629,1000
58895,0.001144711,1.144711,1000
58896,0.001523042,1.523042,1000
58897,0.002935012,2.935012,1000
58898,0.000571008,0.571008,1000
58900,0.007961104,7.961104,1000
58901,0.00088537,0.88537,1000
58902,0.000800605,0.800605,1000
58903,0.00305679,3.05679,1000
58904,0.009047327,9.047327,1000
58905,0.001330889,1.330889,1000
58906,0.028481474,28.481474,1000
58907,0.008325863,8.325863,1000
58908,0.000930472,0.930472,1000
58909,0.000849029,0.849029,1000
58910,0.001062502,1.062502,1000
58911,0.000677192,0.677192,1000
58912,0.001205656,1.205656,1000
58913,0.00112596,1.12596,1000
58914,0.001684973,1.684973,1000
58915,0.000783777,0.783777,1000
58916,0.001520493,1.520493,1000
58917,0.001058295,1.058295,1000
58918,0.000881441,0.881441,1000
58919,0.001919561,1.919561,1000
58920,0.000815609,0.815609,1000
58921,0.000825966,0.825966,1000
58922,0.001155282,1.155282,1000
58923,0.001042957,1.042957,1000
58924,0.009127508,9.127508,1000
58925,0.016363289,16.363289,1000
58926,0.000564614,0.564614,1000
58927,0.002954112,2.954112,1000
58928,0.000808373,0.808373,1000
58929,0.001062541,1.062541,1000
58930,0.000485624,0.485624,1000
58931,0.004403527,4.403527,1000
58932,0.000625732,0.625732,1000
58933,0.000997673,0.997673,1000
58934,0.000823057,0.823057,1000
58935,0.001505839,1.505839,1000
58936,0.00093375,0.93375,1000
58937,0.000836401,0.836401,1000
58938,0.000964089,0.964089,1000
58939,0.003583059,3.583059,1000
58940,0.00112596,1.12596,1000
58941,0.012791434,12.791434,1000
58942,0.000938865,0.938865,1000
58943,0.000732149,0.732149,1000
58944,0.001042957,1.042957,1000
58945,0.001171504,1.171504,1000
58946,0.000677605,0.677605,1000
58947,0.000791272,0.791272,1000
58948,0.000878351,0.878351,1000
58949,0.00084197,0.84197,1000
58950,0.001411859,1.411859,1000
58951,0.058804125,58.804125,1000
58952,0.000809624,0.809624,1000
58953,0.000752912,0.752912,1000
58954,0.008060101,8.060101,1000
58955,0.000947483,0.947483,1000
58956,0.178598446,178.598446,1000
58957,0.000954263,0.954263,1000
58958,0.0012503,1.2503,1000
58959,0.005649177,5.649177,1000
58960,0.008608468,8.608468,1000
58961,0.000993186,0.993186,1000
58962,0.121120611,121.120611,1000
58963,0.000863627,0.863627,1000
58964,0.003848879,3.848879,1000
58965,0.002116401,2.116401,1000
58966,0.001206464,1.206464,1000
58967,0.018444305,18.444305,1000
58968,0.001287398,1.287398,1000
58969,0.004434986,4.434986,1000
58970,0.001041402,1.041402,1000
58971,0.02691423,26.91423,1000
58972,0.0029616,2.9616,1000
58973,0.000911941,0.911941,1000
58974,0.001167832,1.167832,1000
58975,0.00080181,0.80181,1000
58976,0.027634681,27.634681,1000
58977,0.002285898,2.285898,1000
58978,0.001288878,1.288878,1000
58979,0.001329583,1.329583,1000
58980,0.001339604,1.339604,1000
58981,0.001227119,1.227119,1000
58982,0.001061881,1.061881,1000
58983,0.000714584,0.714584,1000
58984,0.003757784,3.757784,1000
58985,0.000603981,0.603981,1000
58986,0.000887119,0.887119,1000
58987,0.000761692,0.761692,1000
58988,0.000792024,0.792024,1000
58989,0.001594327,1.594327,1000
58990,0.000901759,0.901759,1000
58991,0.000878349,0.878349,1000
58992,0.000993186,0.993186,1000
58993,0.00081312,0.81312,1000
58994,0.000772108,0.772108,1000
58995,0.001598287,1.598287,1000
58996,0.002809724,2.809724,1000
58997,0.000533917,0.533917,1000
58998,0.056334715,56.334715,1000
58999,0.148497315,148.497315,1000
59000,0.002916128,2.916128,1000
59001,0.000908865,0.908865,1000
59002,0.00962358,9.62358,1000
59003,0.001042957,1.042957,1000
59004,0.005433815,5.433815,1000
59005,0.000849333,0.849333,1000
59006,0.000354455,0.354455,1000
59007,0.000964613,0.964613,1000
59008,0.001038689,1.038689,1000
59009,0.000825966,0.825966,1000
59010,0.005126616,5.126616,1000
59011,0.000806198,0.806198,1000
59012,0.003631182,3.631182,1000
59013,0.002888439,2.888439,1000
59014,0.001134919,1.134919,1000
59015,0.003021594,3.021594,1000
59016,0.002864998,2.864998,1000
59017,0.000503364,0.503364,1000
59018,0.000372912,0.372912,1000
59019,0.000832238,0.832238,1000
59020,0.003103724,3.103724,1000
59021,0.002819673,2.819673,1000
59022,0.001040162,1.040162,1000
59023,0.000692506,0.692506,1000
59024,0.571134794,571.134794,1000
59025,0.000921876,0.921876,1000
59027,0.00081312,0.81312,1000
59028,0.003152992,3.152992,1000
59029,0.001247436,1.247436,1000
59030,0.001157211,1.157211,1000
59031,0.001124901,1.124901,1000
59032,0.000666889,0.666889,1000
59033,0.011845143,11.845143,1000
59034,0.00278137,2.78137,1000
59035,0.001392646,1.392646,1000
59036,0.001122041,1.122041,1000
59037,0.000593585,0.593585,1000
59038,0.00628868,6.28868,1000
59039,0.000599954,0.599954,1000
59040,0.001218698,1.218698,1000
59041,0.001134926,1.134926,1000
59042,0.001042957,1.042957,1000
59043,0.003260064,3.260064,1000
59044,0.00124926,1.24926,1000
59045,0.009502173,9.502173,1000
59046,0.00117967,1.17967,1000
59047,0.002576867,2.576867,1000
59048,0.064580577,64.580577,1000
59049,0.020736299,20.736299,1000
59050,0.002860617,2.860617,1000
59051,0.002778747,2.778747,1000
59052,0.001200689,1.200689,1000
59053,0.001052376,1.052376,1000
59054,0.001191038,1.191038,1000
59055,0.000864388,0.864388,1000
59056,0.00207003,2.07003,1000
59057,0.001042957,1.042957,1000
59058,0.000985881,0.985881,1000
59059,0.000950592,0.950592,1000
59060,0.00117846,1.17846,1000
59061,0.001176933,1.176933,1000
59062,0.001203233,1.203233,1000
59063,0.00134345,1.34345,1000
59064,0.000943367,0.943367,1000
59065,0.112599725,112.599725,1000
59066,0.00254994,2.54994,1000
59067,0.000993124,0.993124,1000
59068,0.001030026,1.030026,1000
59069,0.001153642,1.153642,1000
59070,0.006107838,6.107838,1000
59071,0.000669658,0.669658,1000
59072,0.06457915,64.57915,1000
59073,0.000709,0.709,1000
59074,0.000795757,0.795757,1000
59075,0.001071066,1.071066,1000
59076,0.000336379,0.336379,1000
59077,0.000562501,0.562501,1000
59078,0.001139001,1.139001,1000
59079,0.000665876,0.665876,1000
59080,0.000617715,0.617715,1000
59081,0.000508249,0.508249,1000
59082,0.014650115,14.650115,1000
59083,0.002343111,2.343111,1000
59084,0.000925167,0.925167,1000
59085,0.001525312,1.525312,1000
59086,0.000636624,0.636624,1000
59087,0.008117817,8.117817,1000
59088,0.000609002,0.609002,1000
59089,0.000702682,0.702682,1000
59090,0.001561685,1.561685,1000
59091,0.001228882,1.228882,1000
59092,0.001214989,1.214989,1000
59093,0.210948405,210.948405,1000
59094,0.00057194,0.57194,1000
59095,0.000681277,0.681277,1000
59096,0.001443144,1.443144,1000
59097,0.002945952,2.945952,1000
59098,0.001616978,1.616978,1000
59099,0.000960681,0.960681,1000
59100,0.000800291,0.800291,1000
59101,0.000611989,0.611989,1000
59102,0.000852464,0.852464,1000
59103,0.001317245,1.317245,1000
59104,0.00065149,0.65149,1000
59105,0.001823881,1.823881,1000
59106,0.011503816,11.503816,1000
59107,0.001071083,1.071083,1000
59108,0.001041262,1.041262,1000
59109,0.000878389,0.878389,1000
59110,0.00132985,1.32985,1000
59111,0.000951839,0.951839,1000
59112,0.009855646,9.855646,1000
59113,0.008726734,8.726734,1000
59114,0.001524419,1.524419,1000
59115,0.004064093,4.064093,1000
59116,0.000636549,0.636549,1000
59117,0.07888564,78.88564,1000
59118,0.000765298,0.765298,1000
59119,0.00106119,1.06119,1000
59120,0.00072539,0.72539,1000
59121,0.001049728,1.049728,1000
59122,0.000301392,0.301392,1000
59123,0.001330285,1.330285,1000
59124,0.000854559,0.854559,1000
59125,0.003578715,3.578715,1000
59126,0.262396563,262.396563,1000
59127,0.001062519,1.062519,1000
59128,0.000728575,0.728575,1000
59129,0.007968202,7.968202,1000
59130,0.001144711,1.144711,1000
59131,0.003462535,3.462535,1000
59132,0.001217767,1.217767,1000
59133,0.001042817,1.042817,1000
59134,0.000883961,0.883961,1000
59135,0.000371141,0.371141,1000
59136,0.000874464,0.874464,1000
59137,0.002095058,2.095058,1000
59138,0.000742555,0.742555,1000
59139,0.000564709,0.564709,1000
59140,0.057342151,57.342151,1000
59142,0.001203683,1.203683,1000
59143,0.001042817,1.042817,1000
59144,0.000687733,0.687733,1000
59145,0.00081312,0.81312,1000
59146,0.001442449,1.442449,1000
59147,0.00081312,0.81312,1000
59148,0.000894175,0.894175,1000
59149,0.001060185,1.060185,1000
59150,0.004405843,4.405843,1000
59151,0.000765463,0.765463,1000
59152,0.001044206,1.044206,1000
59153,0.008249951,8.249951,1000
59154,0.138495224,138.495224,1000
59155,0.001774528,1.774528,1000
59156,0.000880768,0.880768,1000
59157,0.00114491,1.14491,1000
59158,0.000835547,0.835547,1000
59159,0.00063974,0.63974,1000
59160,0.000813123,0.813123,1000
59161,0.01849309,18.49309,1000
59162,0.000791125,0.791125,1000
59163,0.000695357,0.695357,1000
59164,0.002335458,2.335458,1000
59165,0.00053717,0.53717,1000
59166,0.015984982,15.984982,1000
59167,0.000703992,0.703992,1000
59168,0.001144266,1.144266,1000
59169,0.001061067,1.061067,1000
59170,0.001010728,1.010728,1000
59171,0.001990718,1.990718,1000
59172,0.001071083,1.071083,1000
59173,0.001081154,1.081154,1000
59174,0.001906845,1.906845,1000
59175,0.00188118,1.88118,1000
59176,0.000783777,0.783777,1000
59177,0.075591201,75.591201,1000
59178,0.000692157,0.692157,1000
59179,0.003222494,3.222494,1000
59180,0.246816514,246.816514,1000
59181,0.000714496,0.714496,1000
59182,0.000896154,0.896154,1000
59183,0.001609087,1.609087,1000
59184,0.003313723,3.313723,1000
59185,0.001322434,1.322434,1000
59186,0.00068379,0.68379,1000
59187,0.000748455,0.748455,1000
59188,0.000748543,0.748543,1000
59189,0.000953178,0.953178,1000
59190,0.002799624,2.799624,1000
59191,0.285725795,285.725795,1000
59192,0.001046669,1.046669,1000
59193,0.000999893,0.999893,1000
59194,0.000489859,0.489859,1000
59195,0.00108164,1.08164,1000
59196,0.000744295,0.744295,1000
59197,0.0015091,1.5091,1000
59198,0.001330285,1.330285,1000
59199,0.017207401,17.207401,1000
59200,0.000945779,0.945779,1000
59201,0.001385374,1.385374,1000
59202,0.010479383,10.479383,1000
59203,0.005745926,5.745926,1000
59204,0.001315818,1.315818,1000
59205,0.001042957,1.042957,1000
59206,0.001006165,1.006165,1000
59207,0.001109718,1.109718,1000
59208,0.002118337,2.118337,1000
59209,0.001150817,1.150817,1000
59210,0.001365481,1.365481,1000
59211,0.001546408,1.546408,1000
59212,0.000685332,0.685332,1000
59213,0.000732717,0.732717,1000
59214,0.001064252,1.064252,1000
59215,0.003182934,3.182934,1000
59216,0.003898072,3.898072,1000
59217,0.009997373,9.997373,1000
59218,0.00073731,0.73731,1000
59219,0.001018718,1.018718,1000
59220,0.000331256,0.331256,1000
59221,0.006678029,6.678029,1000
59222,0.005601112,5.601112,1000
59223,0.001062519,1.062519,1000
59224,0.000681224,0.681224,1000
59225,0.000792746,0.792746,1000
59226,0.000949506,0.949506,1000
59227,0.008060165,8.060165,1000
59228,0.012141581,12.141581,1000
59229,0.000849331,0.849331,1000
59230,0.001183056,1.183056,1000
59231,0.464746861,464.746861,1000
59232,0.000555376,0.555376,1000
59233,0.002748643,2.748643,1000
59234,0.000706049,0.706049,1000
59235,0.000986359,0.986359,1000
59236,0.001284044,1.284044,1000
59237,0.00121429,1.21429,1000
59238,0.000984508,0.984508,1000
59239,0.00116795,1.16795,1000
59240,0.000778351,0.778351,1000
59241,0.000352917,0.352917,1000
59242,0.000857356,0.857356,1000
59243,0.001816435,1.816435,1000
59244,0.001743029,1.743029,1000
59245,0.002255,2.255,1000
59246,0.002113189,2.113189,1000
59247,0.000371329,0.371329,1000
59248,0.001601399,1.601399,1000
59249,0.001006165,1.006165,1000
59250,0.001042957,1.042957,1000
59251,0.001166775,1.166775,1000
59252,0.008096481,8.096481,1000
59253,0.001042979,1.042979,1000
59254,0.000758403,0.758403,1000
59255,0.00104294,1.04294,1000
59256,0.000410395,0.410395,1000
59257,0.00045069,0.45069,1000
59258,0.002636215,2.636215,1000
59259,0.000637,0.637,1000
59260,0.000917023,0.917023,1000
59261,0.001096676,1.096676,1000
59262,0.00381589,3.81589,1000
59263,0.000905896,0.905896,1000
59264,0.001487009,1.487009,1000
59265,0.006198809,6.198809,1000
59266,0.001376094,1.376094,1000
59267,0.00092393,0.92393,1000
59268,0.000477333,0.477333,1000
59269,0.001002238,1.002238,1000
59270,0.001042957,1.042957,1000
59271,0.001206764,1.206764,1000
59272,0.000783777,0.783777,1000
59273,0.001327025,1.327025,1000
59274,0.000966027,0.966027,1000
59275,0.000910962,0.910962,1000
59276,0.001071083,1.071083,1000
59277,0.001670526,1.670526,1000
59278,0.001335576,1.335576,1000
59279,0.000848675,0.848675,1000
59280,0.000878349,0.878349,1000
59281,0.000505122,0.505122,1000
59282,0.000825966,0.825966,1000
59283,0.000709561,0.709561,1000
59284,0.000775732,0.775732,1000
59285,0.001617599,1.617599,1000
59286,0.000676719,0.676719,1000
59287,0.000783777,0.783777,1000
59288,0.000304936,0.304936,1000
59289,0.001303464,1.303464,1000
59290,0.001545653,1.545653,1000
59291,0.000912449,0.912449,1000
59292,0.000741736,0.741736,1000
59293,0.001064336,1.064336,1000
59294,0.002143121,2.143121,1000
59295,0.00081312,0.81312,1000
59296,0.002055418,2.055418,1000
59297,0.000761399,0.761399,1000
59298,0.0032707,3.2707,1000
59299,0.000730544,0.730544,1000
59300,0.00143373,1.43373,1000
59301,0.001141219,1.141219,1000
59302,0.004988879,4.988879,1000
59303,0.020921721,20.921721,1000
59304,0.000862108,0.862108,1000
59305,0.001699234,1.699234,1000
59306,0.00983585,9.83585,1000
59307,0.000834175,0.834175,1000
59308,0.000729882,0.729882,1000
59309,0.002322798,2.322798,1000
59310,0.030374485,30.374485,1000
59311,0.000993186,0.993186,1000
59312,0.00058811,0.58811,1000
59313,0.000822072,0.822072,1000
59314,0.003276344,3.276344,1000
59315,0.009313275,9.313275,1000
59316,0.001605656,1.605656,1000
59317,0.000482061,0.482061,1000
59318,0.000858252,0.858252,1000
59319,0.000858202,0.858202,1000
59320,0.817133522,817.133522,1000
59321,0.000716449,0.716449,1000
59322,0.001205656,1.205656,1000
59323,0.001078797,1.078797,1000
59324,0.00103168,1.03168,1000
59325,0.006415413,6.415413,1000
59326,0.000856533,0.856533,1000
59327,0.000861396,0.861396,1000
59328,0.001032809,1.032809,1000
59329,0.001029247,1.029247,1000
59330,0.000975501,0.975501,1000
59331,0.001020245,1.020245,1000
59332,0.001684404,1.684404,1000
59333,0.001042957,1.042957,1000
59334,0.000611301,0.611301,1000
59335,0.022823939,22.823939,1000
59336,0.000724876,0.724876,1000
59337,0.000804599,0.804599,1000
59338,0.001000939,1.000939,1000
59339,0.037953145,37.953145,1000
59340,0.000972459,0.972459,1000
59341,0.00055032,0.55032,1000
59342,0.001264448,1.264448,1000
59343,0.001017188,1.017188,1000
59344,0.001063584,1.063584,1000
59345,0.000796327,0.796327,1000
59346,0.000993186,0.993186,1000
59347,0.001401234,1.401234,1000
59348,0.000702027,0.702027,1000
59349,0.001335576,1.335576,1000
59350,0.000993186,0.993186,1000
59351,0.000631828,0.631828,1000
59352,0.029668915,29.668915,1000
59353,0.000963771,0.963771,1000
59354,0.001062519,1.062519,1000
59355,0.001211835,1.211835,1000
59356,0.001616638,1.616638,1000
59357,0.00064382,0.64382,1000
59358,0.001308007,1.308007,1000
59359,0.000908983,0.908983,1000
59360,0.056622769,56.622769,1000
59361,0.008340677,8.340677,1000
59362,0.000837388,0.837388,1000
59363,0.004166641,4.166641,1000
59364,0.000793919,0.793919,1000
59365,0.001681571,1.681571,1000
59366,0.001283885,1.283885,1000
59367,0.06457915,64.57915,1000
59368,0.097363729,97.363729,1000
59369,0.000643383,0.643383,1000
59370,0.002888252,2.888252,1000
59371,0.001180455,1.180455,1000
59372,0.001151,1.151,1000
59373,0.034826217,34.826217,1000
59374,0.026909292,26.909292,1000
59375,0.000646554,0.646554,1000
59376,0.000334139,0.334139,1000
59377,0.001217767,1.217767,1000
59378,0.002419452,2.419452,1000
59379,0.016946896,16.946896,1000
59380,0.001153677,1.153677,1000
59381,0.000425805,0.425805,1000
59382,0.008133615,8.133615,1000
59383,0.000365991,0.365991,1000
59384,0.008083788,8.083788,1000
59385,0.000874614,0.874614,1000
59386,0.000516491,0.516491,1000
59387,0.002966392,2.966392,1000
59388,0.001241356,1.241356,1000
59389,0.000978681,0.978681,1000
59390,0.005226971,5.226971,1000
59391,0.001083081,1.083081,1000
59392,0.002887741,2.887741,1000
59393,0.00143529,1.43529,1000
59394,0.006918795,6.918795,1000
59395,0.000825966,0.825966,1000
59396,0.000622284,0.622284,1000
59397,0.001011936,1.011936,1000
59398,0.000782371,0.782371,1000
59399,0.001009371,1.009371,1000
59400,0.000689889,0.689889,1000
59401,0.000700426,0.700426,1000
59402,0.001368555,1.368555,1000
59403,0.008278607,8.278607,1000
59404,0.000642926,0.642926,1000
59405,0.001204885,1.204885,1000
59406,0.001670348,1.670348,1000
59407,0.000547682,0.547682,1000
59408,0.001147967,1.147967,1000
59409,0.008056597,8.056597,1000
59410,0.001016751,1.016751,1000
59411,0.000870773,0.870773,1000
59412,0.00174357,1.74357,1000
59413,0.000556816,0.556816,1000
59414,0.000828319,0.828319,1000
59415,0.003350704,3.350704,1000
59416,0.001331814,1.331814,1000
59417,0.026618997,26.618997,1000
59418,0.51848156,518.48156,1000
59419,0.001097456,1.097456,1000
59420,0.002374696,2.374696,1000
59421,0.001335479,1.335479,1000
59422,0.000862301,0.862301,1000
59423,0.000639725,0.639725,1000
59424,0.00068119,0.68119,1000
59425,0.003421396,3.421396,1000
59426,0.000847082,0.847082,1000
59427,0.001845476,1.845476,1000
59428,0.003303296,3.303296,1000
59429,0.000919653,0.919653,1000
59430,0.00089139,0.89139,1000
59431,0.002760655,2.760655,1000
59432,0.000789851,0.789851,1000
59433,0.000691087,0.691087,1000
59434,0.00088611,0.88611,1000
59435,0.000657072,0.657072,1000
59436,0.002006033,2.006033,1000
59437,0.000989413,0.989413,1000
59438,0.000623287,0.623287,1000
59439,0.000668269,0.668269,1000
59440,0.001006227,1.006227,1000
59441,0.001175931,1.175931,1000
59442,0.001538375,1.538375,1000
59443,0.001289245,1.289245,1000
59444,0.012529423,12.529423,1000
59445,0.001071066,1.071066,1000
59446,0.001071083,1.071083,1000
59447,0.001062569,1.062569,1000
59448,0.000502027,0.502027,1000
59449,0.00100819,1.00819,1000
59450,0.000774035,0.774035,1000
59451,0.000414202,0.414202,1000
59452,0.001071066,1.071066,1000
59453,0.001002016,1.002016,1000
59454,0.000681179,0.681179,1000
59455,0.000852757,0.852757,1000
59456,0.000897393,0.897393,1000
59457,0.001062569,1.062569,1000
59458,0.000971789,0.971789,1000
59459,0.001070445,1.070445,1000
59460,0.000868132,0.868132,1000
59461,0.000995124,0.995124,1000
59462,0.001062495,1.062495,1000
59463,0.001649158,1.649158,1000
59464,0.001060314,1.060314,1000
59465,0.000783777,0.783777,1000
59466,0.001547145,1.547145,1000
59467,0.000873005,0.873005,1000
59468,0.284374577,284.374577,1000
59469,0.002927907,2.927907,1000
59470,0.008009443,8.009443,1000
59471,0.001454072,1.454072,1000
59472,0.000825966,0.825966,1000
59473,0.018988881,18.988881,1000
59474,0.00137604,1.37604,1000
59475,0.000341403,0.341403,1000
59476,0.001206553,1.206553,1000
59477,0.001006227,1.006227,1000
59478,0.000786326,0.786326,1000
59479,0.000731481,0.731481,1000
59480,0.000982767,0.982767,1000
59481,0.000994247,0.994247,1000
59482,0.002819722,2.819722,1000
59483,0.002792461,2.792461,1000
59484,0.194588522,194.588522,1000
59485,0.001047998,1.047998,1000
59486,0.000652579,0.652579,1000
59487,0.001026632,1.026632,1000
59488,0.000607044,0.607044,1000
59489,0.000419088,0.419088,1000
59490,0.000791502,0.791502,1000
59491,0.00059394,0.59394,1000
59492,0.000506823,0.506823,1000
59493,0.000629451,0.629451,1000
59494,0.00696877,6.96877,1000
59495,0.005682927,5.682927,1000
59496,0.000608644,0.608644,1000
59497,0.001911711,1.911711,1000
59498,0.00103168,1.03168,1000
59499,0.001523042,1.523042,1000
59500,0.000477149,0.477149,1000
59501,0.001240426,1.240426,1000
59502,0.003119837,3.119837,1000
59503,0.003087581,3.087581,1000
59504,0.001167796,1.167796,1000
59505,0.00125593,1.25593,1000
59506,0.000786771,0.786771,1000
59507,0.000773125,0.773125,1000
59508,0.014161031,14.161031,1000
59509,0.06457589,64.57589,1000
59510,0.000922686,0.922686,1000
59511,0.000834231,0.834231,1000
59512,0.002252237,2.252237,1000
59513,0.00070728,0.70728,1000
59514,0.000871944,0.871944,1000
59515,0.015439742,15.439742,1000
59516,0.00123329,1.23329,1000
59517,0.001007896,1.007896,1000
59518,0.001118535,1.118535,1000
59519,0.001608896,1.608896,1000
59520,0.000560264,0.560264,1000
59521,0.002390637,2.390637,1000
59522,0.000657596,0.657596,1000
59523,0.000810808,0.810808,1000
59524,0.040101855,40.101855,1000
59525,0.009004426,9.004426,1000
59526,0.002996903,2.996903,1000
59527,0.000681315,0.681315,1000
59528,0.001011874,1.011874,1000
59529,0.001826577,1.826577,1000
59530,0.001505839,1.505839,1000
59531,0.00225717,2.25717,1000
59532,0.000667082,0.667082,1000
59533,0.001019478,1.019478,1000
59534,0.001071066,1.071066,1000
59535,0.001586448,1.586448,1000
59536,0.001043007,1.043007,1000
59537,0.000646791,0.646791,1000
59538,0.000860399,0.860399,1000
59539,0.001525181,1.525181,1000
59540,0.000863561,0.863561,1000
59541,0.000821956,0.821956,1000
59542,0.000602696,0.602696,1000
59543,0.000732634,0.732634,1000
59544,0.000972903,0.972903,1000
59545,0.00090673,0.90673,1000
59546,0.000995454,0.995454,1000
59547,0.000681459,0.681459,1000
59548,0.000361893,0.361893,1000
59549,0.000790311,0.790311,1000
59550,0.000693409,0.693409,1000
59551,0.001150921,1.150921,1000
59552,0.001071105,1.071105,1000
59553,0.001306969,1.306969,1000
59554,0.000711984,0.711984,1000
59555,0.001071083,1.071083,1000
59556,0.000761243,0.761243,1000
59557,0.001520388,1.520388,1000
59558,0.000921721,0.921721,1000
59559,0.000864647,0.864647,1000
59560,0.076558997,76.558997,1000
59561,0.000907448,0.907448,1000
59562,0.00094732,0.94732,1000
59563,0.000963771,0.963771,1000
59564,0.005371045,5.371045,1000
59565,0.000673781,0.673781,1000
59566,0.001572407,1.572407,1000
59567,0.002987235,2.987235,1000
59568,0.001062541,1.062541,1000
59569,0.001706678,1.706678,1000
59570,0.000829247,0.829247,1000
59571,0.001152439,1.152439,1000
59572,0.000833081,0.833081,1000
59573,0.001157166,1.157166,1000
59574,0.001355442,1.355442,1000
59575,0.001001009,1.001009,1000
59576,0.005616959,5.616959,1000
59577,0.010487688,10.487688,1000
59578,0.000323524,0.323524,1000
59579,0.015273976,15.273976,1000
59580,0.016592112,16.592112,1000
59581,0.003118567,3.118567,1000
59582,0.001246497,1.246497,1000
59583,0.06457915,64.57915,1000
59584,0.000853971,0.853971,1000
59585,0.003302589,3.302589,1000
59586,0.001079345,1.079345,1000
59587,0.020929915,20.929915,1000
59588,0.0013891,1.3891,1000
59589,0.001020917,1.020917,1000
59590,0.000776185,0.776185,1000
59591,0.000798159,0.798159,1000
59592,0.000783777,0.783777,1000
59593,0.001020003,1.020003,1000
59594,0.000844268,0.844268,1000
59595,0.00106985,1.06985,1000
59596,0.000422543,0.422543,1000
59597,0.000781228,0.781228,1000
59598,0.0015091,1.5091,1000
59599,0.000783777,0.783777,1000
59600,0.000621962,0.621962,1000
59601,0.000752159,0.752159,1000
59602,0.004309957,4.309957,1000
59604,0.000938645,0.938645,1000
59605,0.003589155,3.589155,1000
59606,0.000427135,0.427135,1000
59608,0.000786251,0.786251,1000
59609,0.000792152,0.792152,1000
59610,0.000760131,0.760131,1000
59611,0.001315818,1.315818,1000
59612,0.001749287,1.749287,1000
59613,0.001104063,1.104063,1000
59614,0.000637267,0.637267,1000
59615,0.001054321,1.054321,1000
59616,0.899404674,899.404674,1000
59617,0.001042817,1.042817,1000
59618,0.003190261,3.190261,1000
59619,0.001548185,1.548185,1000
59620,0.001217597,1.217597,1000
59621,0.000603249,0.603249,1000
59622,0.000841112,0.841112,1000
59623,0.001520388,1.520388,1000
59624,0.000680389,0.680389,1000
59625,0.000534471,0.534471,1000
59626,0.00117372,1.17372,1000
59627,0.000864602,0.864602,1000
59628,0.000850196,0.850196,1000
59629,0.00077819,0.77819,1000
59630,0.000903533,0.903533,1000
59631,0.017610958,17.610958,1000
59632,0.628219435,628.219435,1000
59633,0.008773341,8.773341,1000
59634,0.001184545,1.184545,1000
59635,0.001019917,1.019917,1000
59636,0.000564925,0.564925,1000
59637,0.070536033,70.536033,1000
59638,0.00341247,3.41247,1000
59639,0.001042979,1.042979,1000
59640,0.000844719,0.844719,1000
59641,0.001115609,1.115609,1000
59642,0.001001369,1.001369,1000
59643,0.001005007,1.005007,1000
59644,0.001930704,1.930704,1000
59646,0.003000612,3.000612,1000
59647,0.000960681,0.960681,1000
59648,0.001228917,1.228917,1000
59649,0.003077052,3.077052,1000
59650,0.002098009,2.098009,1000
59651,0.06457915,64.57915,1000
59652,0.000890808,0.890808,1000
59653,0.001315818,1.315818,1000
59654,0.001042979,1.042979,1000
59655,0.00132195,1.32195,1000
59656,0.001664066,1.664066,1000
59657,0.000849015,0.849015,1000
59658,0.000582978,0.582978,1000
59659,0.000659464,0.659464,1000
59660,0.000669517,0.669517,1000
59661,0.000745412,0.745412,1000
59662,0.000666552,0.666552,1000
59663,0.030307379,30.307379,1000
59664,0.001520309,1.520309,1000
59665,0.00103417,1.03417,1000
59666,0.001162478,1.162478,1000
59667,0.001292847,1.292847,1000
59668,0.001025975,1.025975,1000
59669,0.000761029,0.761029,1000
59670,0.000775947,0.775947,1000
59671,0.001102224,1.102224,1000
59672,0.000656846,0.656846,1000
59673,0.000784092,0.784092,1000
59674,0.000775947,0.775947,1000
59675,0.000350888,0.350888,1000
59677,0.000783777,0.783777,1000
59678,0.000609059,0.609059,1000
59679,0.001239738,1.239738,1000
59680,0.001515792,1.515792,1000
59681,0.001825149,1.825149,1000
59682,0.000666848,0.666848,1000
59683,0.001363194,1.363194,1000
59684,0.000483288,0.483288,1000
59685,0.000993186,0.993186,1000
59686,0.001044978,1.044978,1000
59687,0.018139418,18.139418,1000
59688,0.000724421,0.724421,1000
59689,0.003317929,3.317929,1000
59690,0.001525076,1.525076,1000
59691,0.001990644,1.990644,1000
59692,0.00101925,1.01925,1000
59693,0.001134919,1.134919,1000
59694,0.009166885,9.166885,1000
59695,0.000930312,0.930312,1000
59696,0.00086715,0.86715,1000
59697,0.001508377,1.508377,1000
59698,0.000569811,0.569811,1000
59699,0.00082439,0.82439,1000
59700,0.007825798,7.825798,1000
59701,0.00316201,3.16201,1000
59702,0.000519312,0.519312,1000
59703,0.000720355,0.720355,1000
59704,0.001335576,1.335576,1000
59705,0.011719487,11.719487,1000
59706,0.000380998,0.380998,1000
59707,0.00295974,2.95974,1000
59708,0.000465165,0.465165,1000
59709,0.001062519,1.062519,1000
59710,0.000662457,0.662457,1000
59711,0.001459136,1.459136,1000
59712,0.001041789,1.041789,1000
59713,0.000825042,0.825042,1000
59714,0.003303548,3.303548,1000
59715,0.000698735,0.698735,1000
59716,0.001028287,1.028287,1000
59717,0.000584444,0.584444,1000
59718,0.00134345,1.34345,1000
59719,0.001044721,1.044721,1000
59720,0.000825723,0.825723,1000
59721,0.001069182,1.069182,1000
59722,0.046541608,46.541608,1000
59723,0.001116018,1.116018,1000
59724,0.000659925,0.659925,1000
59725,0.064580577,64.580577,1000
59726,0.0008647,0.8647,1000
59727,0.000503139,0.503139,1000
59728,0.00080974,0.80974,1000
59729,0.000977131,0.977131,1000
59730,0.011937538,11.937538,1000
59731,0.001311407,1.311407,1000
59732,0.001134919,1.134919,1000
59733,0.000755581,0.755581,1000
59734,0.001142821,1.142821,1000
59735,0.0013244,1.3244,1000
59736,0.000690384,0.690384,1000
59737,0.001215207,1.215207,1000
59738,0.000562597,0.562597,1000
59739,0.001097456,1.097456,1000
59740,0.000797316,0.797316,1000
59741,0.001026327,1.026327,1000
59742,0.000703126,0.703126,1000
59743,0.000649825,0.649825,1000
59744,0.001385374,1.385374,1000
59745,0.003114363,3.114363,1000
59746,0.001678173,1.678173,1000
59747,0.000678098,0.678098,1000
59748,0.002632531,2.632531,1000
59749,0.001405207,1.405207,1000
59750,0.000783851,0.783851,1000
59751,0.000993186,0.993186,1000
59752,0.001002403,1.002403,1000
59753,0.000551629,0.551629,1000
59754,0.001420338,1.420338,1000
59755,0.00092221,0.92221,1000
59756,0.002730643,2.730643,1000
59757,0.001419549,1.419549,1000
59758,0.000657958,0.657958,1000
59759,0.000811042,0.811042,1000
59760,0.000873752,0.873752,1000
59761,0.003504516,3.504516,1000
59762,0.001808585,1.808585,1000
59763,0.000720512,0.720512,1000
59764,0.001134919,1.134919,1000
59765,0.000696973,0.696973,1000
59766,0.003322386,3.322386,1000
59767,0.000825966,0.825966,1000
59768,0.007998617,7.998617,1000
59769,0.000567713,0.567713,1000
59770,0.00105043,1.05043,1000
59771,0.000537065,0.537065,1000
59772,0.000976439,0.976439,1000
59773,0.000875886,0.875886,1000
59774,0.002815303,2.815303,1000
59775,0.000644509,0.644509,1000
59776,0.000533784,0.533784,1000
59777,0.002831757,2.831757,1000
59778,0.005856912,5.856912,1000
59779,0.001054609,1.054609,1000
59780,0.000850632,0.850632,1000
59781,0.001062502,1.062502,1000
59782,0.000993186,0.993186,1000
59783,0.001567886,1.567886,1000
59784,0.000993186,0.993186,1000
59785,0.000487516,0.487516,1000
59786,0.000630146,0.630146,1000
59787,0.001036162,1.036162,1000
59788,0.003926319,3.926319,1000
59789,0.001419514,1.419514,1000
59790,0.002141563,2.141563,1000
59791,0.000896268,0.896268,1000
59792,0.001362491,1.362491,1000
59793,0.000664201,0.664201,1000
59794,0.00074153,0.74153,1000
59795,0.001654277,1.654277,1000
59796,0.00100678,1.00678,1000
59797,0.00234963,2.34963,1000
59798,0.001821889,1.821889,1000
59799,0.000846911,0.846911,1000
59800,0.001385469,1.385469,1000
59801,0.000732119,0.732119,1000
59802,0.002118706,2.118706,1000
59803,0.000527435,0.527435,1000
59804,0.001071105,1.071105,1000
59805,0.001204353,1.204353,1000
59806,0.000867956,0.867956,1000
59807,0.000684403,0.684403,1000
59808,0.004082623,4.082623,1000
59809,0.000730636,0.730636,1000
59810,0.00173923,1.73923,1000
59811,0.000716415,0.716415,1000
59812,0.001501433,1.501433,1000
59813,0.002339121,2.339121,1000
59814,0.000934309,0.934309,1000
59815,0.000817679,0.817679,1000
59816,0.000813072,0.813072,1000
59817,0.00112596,1.12596,1000
59818,0.001524997,1.524997,1000
59819,0.00337033,3.37033,1000
59820,0.000971294,0.971294,1000
59821,0.005024984,5.024984,1000
59822,0.003126794,3.126794,1000
59823,0.000904057,0.904057,1000
59824,0.000567353,0.567353,1000
59825,0.000613492,0.613492,1000
59826,0.000488886,0.488886,1000
59827,0.001611942,1.611942,1000
59828,0.001228356,1.228356,1000
59829,0.007538571,7.538571,1000
59830,0.001011936,1.011936,1000
59831,0.001739694,1.739694,1000
59832,0.001684973,1.684973,1000
59833,0.001317245,1.317245,1000
59834,0.000720519,0.720519,1000
59835,0.000960876,0.960876,1000
59836,0.001456359,1.456359,1000
59837,0.000858252,0.858252,1000
59838,0.000584983,0.584983,1000
59839,0.001134782,1.134782,1000
59840,0.002548409,2.548409,1000
59841,0.005955935,5.955935,1000
59842,0.00075118,0.75118,1000
59843,0.003779672,3.779672,1000
59844,0.001013343,1.013343,1000
59845,0.009414251,9.414251,1000
59846,0.001121216,1.121216,1000
59847,0.000606799,0.606799,1000
59848,0.00104716,1.04716,1000
59849,0.001154542,1.154542,1000
59850,0.000611859,0.611859,1000
59851,0.001036658,1.036658,1000
59852,0.003711064,3.711064,1000
59853,0.000481997,0.481997,1000
59854,0.00340224,3.40224,1000
59855,0.001717017,1.717017,1000
59856,0.011498492,11.498492,1000
59857,0.001071083,1.071083,1000
59858,0.000868617,0.868617,1000
59859,0.002972323,2.972323,1000
59860,0.001097223,1.097223,1000
59861,0.00110018,1.10018,1000
59862,0.000812862,0.812862,1000
59863,0.001043045,1.043045,1000
59864,0.001014718,1.014718,1000
59865,0.008451173,8.451173,1000
59866,0.000331943,0.331943,1000
59867,0.001159625,1.159625,1000
59868,0.001353883,1.353883,1000
59869,0.001382615,1.382615,1000
59870,0.000601635,0.601635,1000
59871,0.000860274,0.860274,1000
59872,0.0010277,1.0277,1000
59873,0.001096676,1.096676,1000
59874,0.000804683,0.804683,1000
59875,0.001308124,1.308124,1000
59876,0.001062519,1.062519,1000
59877,0.001153642,1.153642,1000
59878,0.000604007,0.604007,1000
59879,0.000634905,0.634905,1000
59880,0.002758252,2.758252,1000
59881,0.002867934,2.867934,1000
59882,0.001808327,1.808327,1000
59883,0.000794165,0.794165,1000
59884,0.001186582,1.186582,1000
59885,0.001042957,1.042957,1000
59886,0.000669007,0.669007,1000
59887,0.001157719,1.157719,1000
59888,0.001055153,1.055153,1000
59889,0.001376094,1.376094,1000
59890,0.000919121,0.919121,1000
59891,0.005601456,5.601456,1000
59892,0.001187175,1.187175,1000
59893,0.001054475,1.054475,1000
59894,0.000784534,0.784534,1000
59895,0.001144266,1.144266,1000
59896,0.000625994,0.625994,1000
59897,0.325628994,325.628994,1000
59898,0.003160526,3.160526,1000
59899,0.000667554,0.667554,1000
59900,0.000793657,0.793657,1000
59901,0.000767419,0.767419,1000
59902,0.001127253,1.127253,1000
59903,0.001480227,1.480227,1000
59904,0.001297963,1.297963,1000
59905,0.000565094,0.565094,1000
59906,0.001554702,1.554702,1000
59907,0.001006227,1.006227,1000
59908,0.000963561,0.963561,1000
59909,0.000783777,0.783777,1000
59910,0.00138101,1.38101,1000
59911,0.001024084,1.024084,1000
59912,0.000954263,0.954263,1000
59913,0.013067415,13.067415,1000
59914,0.00087337,0.87337,1000
59915,0.001025621,1.025621,1000
59916,0.001003711,1.003711,1000
59917,0.001238469,1.238469,1000
59918,0.001555514,1.555514,1000
59919,0.00071306,0.71306,1000
59920,0.001453099,1.453099,1000
59921,0.002862728,2.862728,1000
59922,0.000444237,0.444237,1000
59923,0.00088113,0.88113,1000
59924,0.000764692,0.764692,1000
59925,0.001550084,1.550084,1000
59926,0.000591879,0.591879,1000
59927,0.000813328,0.813328,1000
59928,0.003369895,3.369895,1000
59929,0.000984754,0.984754,1000
59930,0.000679897,0.679897,1000
59931,0.000629614,0.629614,1000
59932,0.001310945,1.310945,1000
59933,0.000537772,0.537772,1000
59934,0.000872109,0.872109,1000
59935,0.000895934,0.895934,1000
59936,0.001162515,1.162515,1000
59937,0.00184636,1.84636,1000
59938,0.000993186,0.993186,1000
59939,0.010986674,10.986674,1000
59940,0.000854909,0.854909,1000
59941,0.001850315,1.850315,1000
59942,0.000929968,0.929968,1000
59944,0.000868589,0.868589,1000
59945,0.001016093,1.016093,1000
59946,0.001115789,1.115789,1000
59947,0.001042957,1.042957,1000
59948,0.000717821,0.717821,1000
59949,0.001140255,1.140255,1000
59950,0.001463122,1.463122,1000
59951,0.002421433,2.421433,1000
59952,0.00082461,0.82461,1000
59953,0.000699926,0.699926,1000
59954,0.001340132,1.340132,1000
59955,0.000447459,0.447459,1000
59956,0.000746218,0.746218,1000
59957,0.000362684,0.362684,1000
59958,0.002633742,2.633742,1000
59959,0.001071083,1.071083,1000
59960,0.001185546,1.185546,1000
59961,0.002998847,2.998847,1000
59962,0.000669693,0.669693,1000
59963,0.001236878,1.236878,1000
59964,0.000680017,0.680017,1000
59965,0.001255311,1.255311,1000
59966,0.000822226,0.822226,1000
59967,0.000920529,0.920529,1000
59968,0.001087401,1.087401,1000
59969,0.001739368,1.739368,1000
59970,0.000735519,0.735519,1000
59971,0.002731467,2.731467,1000
59972,0.000977117,0.977117,1000
59973,0.000858684,0.858684,1000
59974,0.001011161,1.011161,1000
59975,0.000835444,0.835444,1000
59976,0.000942775,0.942775,1000
59977,0.000839211,0.839211,1000
59978,0.004498594,4.498594,1000
59979,0.000373962,0.373962,1000
59980,0.00066839,0.66839,1000
59981,0.00168679,1.68679,1000
59982,0.000692279,0.692279,1000
59983,0.00063737,0.63737,1000
59984,0.595283003,595.283003,1000
59985,0.000262982,0.262982,1000
59986,0.001301459,1.301459,1000
59987,0.000643584,0.643584,1000
59988,0.001079401,1.079401,1000
59989,0.000761821,0.761821,1000
59990,0.001293158,1.293158,1000
59991,0.001173354,1.173354,1000
59992,0.000822448,0.822448,1000
59993,0.001362611,1.362611,1000
59994,0.01894695,18.94695,1000
59995,0.000994369,0.994369,1000
59996,0.016488771,16.488771,1000
59997,0.001042979,1.042979,1000
59998,0.000361746,0.361746,1000
59999,0.001044721,1.044721,1000
60000,0.00089661,0.89661,1000
60001,0.000870155,0.870155,1000
60002,0.000576015,0.576015,1000
60003,0.015817739,15.817739,1000
60004,0.00097808,0.97808,1000
60005,0.000891218,0.891218,1000
60006,0.012886477,12.886477,1000
60007,0.000530016,0.530016,1000
60008,0.000797913,0.797913,1000
60009,0.001044721,1.044721,1000
60010,0.000897907,0.897907,1000
60011,0.002672014,2.672014,1000
60012,0.000850915,0.850915,1000
60013,0.000988909,0.988909,1000
60014,0.003613709,3.613709,1000
60015,0.000765219,0.765219,1000
60016,0.001340132,1.340132,1000
60017,0.00094372,0.94372,1000
60018,0.00106082,1.06082,1000
60019,0.003804346,3.804346,1000
60020,0.001068531,1.068531,1000
60021,0.000740752,0.740752,1000
60022,0.001497372,1.497372,1000
60023,0.0006507,0.6507,1000
60024,0.001389532,1.389532,1000
60025,0.003017317,3.017317,1000
60026,0.003550567,3.550567,1000
60027,0.001696293,1.696293,1000
60028,0.000813123,0.813123,1000
60029,0.001042979,1.042979,1000
60030,0.003374625,3.374625,1000
60031,0.000683421,0.683421,1000
60032,0.001124835,1.124835,1000
60033,0.000644658,0.644658,1000
60034,0.145685625,145.685625,1000
60035,0.001042288,1.042288,1000
60036,0.000841054,0.841054,1000
60037,0.001351576,1.351576,1000
60038,0.000685434,0.685434,1000
60039,0.001520625,1.520625,1000
60040,0.000643554,0.643554,1000
60041,0.001510527,1.510527,1000
60042,0.007529433,7.529433,1000
60043,0.000685959,0.685959,1000
60044,0.00091316,0.91316,1000
60045,0.000872713,0.872713,1000
60046,0.001136131,1.136131,1000
60047,0.001011936,1.011936,1000
60048,0.00099938,0.99938,1000
60049,0.00219312,2.19312,1000
60050,0.001071105,1.071105,1000
60051,0.001503716,1.503716,1000
60052,0.001144208,1.144208,1000
60053,0.001061351,1.061351,1000
60054,0.002679073,2.679073,1000
60055,0.001312558,1.312558,1000
60056,0.001006227,1.006227,1000
60057,0.001742862,1.742862,1000
60058,0.000946267,0.946267,1000
60059,0.000880287,0.880287,1000
60060,0.000783777,0.783777,1000
60061,0.008109854,8.109854,1000
60062,0.001006227,1.006227,1000
60063,0.000552415,0.552415,1000
60064,0.00109825,1.09825,1000
60065,0.00211745,2.11745,1000
60066,0.001284312,1.284312,1000
60067,0.000868886,0.868886,1000
60068,0.000554633,0.554633,1000
60069,0.001794454,1.794454,1000
60070,0.000634295,0.634295,1000
60071,0.002982516,2.982516,1000
60072,0.001006227,1.006227,1000
60073,0.015985036,15.985036,1000
60074,0.000907045,0.907045,1000
60075,0.000596288,0.596288,1000
60076,0.000778389,0.778389,1000
60077,0.001668149,1.668149,1000
60078,0.000911297,0.911297,1000
60079,0.003808293,3.808293,1000
60080,0.000882371,0.882371,1000
60081,0.000920469,0.920469,1000
60082,0.000707557,0.707557,1000
60083,0.000717405,0.717405,1000
60084,0.001006165,1.006165,1000
60085,0.000762128,0.762128,1000
60086,0.001108908,1.108908,1000
60087,0.001042556,1.042556,1000
60088,0.000802518,0.802518,1000
60089,0.000582411,0.582411,1000
60090,0.000725176,0.725176,1000
60091,0.000764814,0.764814,1000
60092,0.001170097,1.170097,1000
60093,0.000780565,0.780565,1000
60094,0.000573244,0.573244,1000
60095,0.00115367,1.15367,1000
60096,0.000974147,0.974147,1000
60097,0.000896813,0.896813,1000
60098,0.000744483,0.744483,1000
60099,0.000808824,0.808824,1000
60100,0.000897992,0.897992,1000
60101,0.010797234,10.797234,1000
60102,0.000814547,0.814547,1000
60103,0.000910125,0.910125,1000
60104,0.00137604,1.37604,1000
60105,0.000798667,0.798667,1000
60106,0.001390951,1.390951,1000
60107,0.001124571,1.124571,1000
60108,0.001562572,1.562572,1000
60109,0.000845094,0.845094,1000
60110,0.008299282,8.299282,1000
60111,0.002292921,2.292921,1000
60112,0.000937243,0.937243,1000
60113,0.001408258,1.408258,1000
60114,0.001464412,1.464412,1000
60115,0.010263486,10.263486,1000
60116,0.001213697,1.213697,1000
60117,0.000928434,0.928434,1000
60118,0.001155282,1.155282,1000
60119,0.001666281,1.666281,1000
60120,0.02684645,26.84645,1000
60121,0.00082506,0.82506,1000
60122,0.001218698,1.218698,1000
60123,0.000819852,0.819852,1000
60124,0.016417512,16.417512,1000
60125,0.025253951,25.253951,1000
60126,0.000627265,0.627265,1000
60127,0.00074661,0.74661,1000
60128,0.000776601,0.776601,1000
60129,0.001096383,1.096383,1000
60130,0.001097348,1.097348,1000
60131,0.001215205,1.215205,1000
60132,0.001042957,1.042957,1000
60133,0.001364127,1.364127,1000
60134,0.006744891,6.744891,1000
60135,0.000627437,0.627437,1000
60136,0.000583368,0.583368,1000
60137,0.008384894,8.384894,1000
60138,0.000638036,0.638036,1000
60139,0.000866543,0.866543,1000
60140,0.003120203,3.120203,1000
60141,0.009170983,9.170983,1000
60142,0.000821595,0.821595,1000
60143,0.005770914,5.770914,1000
60144,0.001639311,1.639311,1000
60145,0.00122105,1.22105,1000
60146,0.001052182,1.052182,1000
60147,0.001328156,1.328156,1000
60148,0.009610811,9.610811,1000
60149,0.000926273,0.926273,1000
60150,0.000687756,0.687756,1000
60151,0.068001639,68.001639,1000
60152,0.018336604,18.336604,1000
60153,0.000797328,0.797328,1000
60154,0.001869961,1.869961,1000
60155,0.002031262,2.031262,1000
60156,0.001035807,1.035807,1000
60157,0.000306806,0.306806,1000
60158,0.031155131,31.155131,1000
60159,0.773164097,773.164097,1000
60160,0.002889931,2.889931,1000
60161,0.001050445,1.050445,1000
60162,0.001610963,1.610963,1000
60163,0.000531859,0.531859,1000
60164,0.002124255,2.124255,1000
60165,0.000808824,0.808824,1000
60166,0.00072919,0.72919,1000
60167,0.000943854,0.943854,1000
60168,0.001116018,1.116018,1000
60169,0.000748279,0.748279,1000
60170,0.000836451,0.836451,1000
60171,0.008569313,8.569313,1000
60172,0.000439421,0.439421,1000
60173,0.001828037,1.828037,1000
60174,0.000783777,0.783777,1000
60175,0.001558369,1.558369,1000
60176,0.001157665,1.157665,1000
60177,0.001201499,1.201499,1000
60178,0.000648877,0.648877,1000
60179,0.001662836,1.662836,1000
60180,0.000901213,0.901213,1000
60181,0.001613369,1.613369,1000
60182,0.001042957,1.042957,1000
60183,0.001011936,1.011936,1000
60184,0.027108844,27.108844,1000
60185,0.00073787,0.73787,1000
60186,0.000818936,0.818936,1000
60187,0.002412536,2.412536,1000
60188,0.001000046,1.000046,1000
60189,0.001477445,1.477445,1000
60190,0.001156132,1.156132,1000
60191,0.003326302,3.326302,1000
60192,0.057822447,57.822447,1000
60193,0.001597191,1.597191,1000
60194,0.000566884,0.566884,1000
60195,0.00110964,1.10964,1000
60196,0.00197353,1.97353,1000
60197,0.000868532,0.868532,1000
60198,0.000614483,0.614483,1000
60199,0.001456359,1.456359,1000
60200,0.005028041,5.028041,1000
60201,0.00842297,8.42297,1000
60202,0.004044208,4.044208,1000
60203,0.096771066,96.771066,1000
60204,0.000905388,0.905388,1000
60205,0.036796804,36.796804,1000
60206,0.000938329,0.938329,1000
60207,0.000976813,0.976813,1000
60208,0.000935148,0.935148,1000
60209,0.001623754,1.623754,1000
60210,0.002662174,2.662174,1000
60211,0.000567485,0.567485,1000
60212,0.001124796,1.124796,1000
60213,0.016235802,16.235802,1000
60214,0.000624584,0.624584,1000
60215,0.000443717,0.443717,1000
60216,0.001109641,1.109641,1000
60217,0.595283003,595.283003,1000
60218,0.000964089,0.964089,1000
60219,0.000924355,0.924355,1000
60220,0.000606118,0.606118,1000
60221,0.06457589,64.57589,1000
60222,0.000911378,0.911378,1000
60223,0.009865597,9.865597,1000
60224,0.000908865,0.908865,1000
60225,0.001042874,1.042874,1000
60226,0.000931688,0.931688,1000
60227,0.001161645,1.161645,1000
60228,0.000896154,0.896154,1000
60229,0.000712455,0.712455,1000
60230,0.006157266,6.157266,1000
60231,0.001006227,1.006227,1000
60232,0.000976813,0.976813,1000
60233,0.000916276,0.916276,1000
60234,0.000775576,0.775576,1000
60235,0.001062455,1.062455,1000
60236,0.003014743,3.014743,1000
60237,0.000639549,0.639549,1000
60238,0.001705203,1.705203,1000
60239,0.000717419,0.717419,1000
60240,0.001967301,1.967301,1000
60241,0.00085427,0.85427,1000
60242,0.001040899,1.040899,1000
60243,0.003086005,3.086005,1000
60244,0.000843266,0.843266,1000
60245,0.000318959,0.318959,1000
60246,0.000995922,0.995922,1000
60247,0.018351132,18.351132,1000
60248,0.000968015,0.968015,1000
60250,0.000587856,0.587856,1000
60251,0.00100094,1.00094,1000
60252,0.001387126,1.387126,1000
60253,0.000699893,0.699893,1000
60254,0.000783777,0.783777,1000
60255,0.00116193,1.16193,1000
60256,0.003335899,3.335899,1000
60257,0.000706466,0.706466,1000
60258,0.000974428,0.974428,1000
60259,0.001062569,1.062569,1000
60260,0.000892789,0.892789,1000
60261,0.000825966,0.825966,1000
60262,0.000840638,0.840638,1000
60263,0.002380616,2.380616,1000
60264,0.002289371,2.289371,1000
60265,0.001211604,1.211604,1000
60266,0.003809283,3.809283,1000
60267,0.00605573,6.05573,1000
60268,0.000312078,0.312078,1000
60269,0.001609087,1.609087,1000
60270,0.000634366,0.634366,1000
60271,0.00123522,1.23522,1000
60272,0.064580577,64.580577,1000
60273,0.000760692,0.760692,1000
60274,0.001505839,1.505839,1000
60275,0.001137485,1.137485,1000
60276,0.000712573,0.712573,1000
60277,0.001298159,1.298159,1000
60278,0.001071066,1.071066,1000
60279,0.000819349,0.819349,1000
60280,0.000540009,0.540009,1000
60281,0.001593884,1.593884,1000
60282,0.000965633,0.965633,1000
60283,0.000631282,0.631282,1000
60284,0.000748543,0.748543,1000
60285,0.000993186,0.993186,1000
60286,0.001494244,1.494244,1000
60287,0.000428828,0.428828,1000
60288,0.003223346,3.223346,1000
60289,0.000777676,0.777676,1000
60290,0.002504752,2.504752,1000
60291,0.001382615,1.382615,1000
60292,0.000993186,0.993186,1000
60293,0.003241189,3.241189,1000
60294,0.005827877,5.827877,1000
60295,0.001070943,1.070943,1000
60296,0.00064797,0.64797,1000
60297,0.001327025,1.327025,1000
60298,0.006078336,6.078336,1000
60299,0.000694676,0.694676,1000
60300,0.000892225,0.892225,1000
60301,0.000793587,0.793587,1000
60302,0.040605968,40.605968,1000
60303,0.001292776,1.292776,1000
60304,0.001735291,1.735291,1000
60305,0.003028697,3.028697,1000
60306,0.000993186,0.993186,1000
60307,0.001176196,1.176196,1000
60308,0.000627703,0.627703,1000
60309,0.000825735,0.825735,1000
60310,0.021736044,21.736044,1000
60311,0.000865857,0.865857,1000
60312,0.001878962,1.878962,1000
60313,0.001056448,1.056448,1000
60314,0.004071534,4.071534,1000
60315,0.000697908,0.697908,1000
60316,0.001115288,1.115288,1000
60317,0.000425851,0.425851,1000
60318,0.000880673,0.880673,1000
60319,0.000745795,0.745795,1000
60320,0.00081312,0.81312,1000
60321,0.001717219,1.717219,1000
60322,0.000948554,0.948554,1000
60323,0.00289096,2.89096,1000
60324,0.000663925,0.663925,1000
60325,0.001202005,1.202005,1000
60326,0.002899122,2.899122,1000
60327,0.001505839,1.505839,1000
60328,0.001343663,1.343663,1000
60329,0.000433658,0.433658,1000
60330,0.001798114,1.798114,1000
60331,0.001205656,1.205656,1000
60332,0.002700787,2.700787,1000
60333,0.000735295,0.735295,1000
60334,0.000536877,0.536877,1000
60335,0.002510044,2.510044,1000
60336,0.000958076,0.958076,1000
60337,0.000881739,0.881739,1000
60338,0.001242727,1.242727,1000
60339,0.000799492,0.799492,1000
60340,0.000636165,0.636165,1000
60341,0.000941821,0.941821,1000
60342,0.000720091,0.720091,1000
60343,0.00072675,0.72675,1000
60344,0.00081004,0.81004,1000
60345,0.020522574,20.522574,1000
60346,0.008866187,8.866187,1000
60347,0.004229514,4.229514,1000
60348,0.000930605,0.930605,1000
60349,0.019391453,19.391453,1000
60350,0.001681739,1.681739,1000
60351,0.000868524,0.868524,1000
60352,0.016746989,16.746989,1000
60353,0.000977131,0.977131,1000
60354,0.000631742,0.631742,1000
60355,0.001003156,1.003156,1000
60356,0.000993124,0.993124,1000
60357,0.001237359,1.237359,1000
60358,0.000782886,0.782886,1000
60359,0.001135631,1.135631,1000
60360,0.001095373,1.095373,1000
60361,0.000913842,0.913842,1000
60362,0.002176464,2.176464,1000
60363,0.000436577,0.436577,1000
60364,0.000741983,0.741983,1000
60365,0.000963771,0.963771,1000
60366,0.000878582,0.878582,1000
60367,0.00087008,0.87008,1000
60368,0.001124571,1.124571,1000
60369,0.000871222,0.871222,1000
60370,0.001339593,1.339593,1000
60371,0.000674351,0.674351,1000
60372,0.005394322,5.394322,1000
60373,0.000541295,0.541295,1000
60374,0.002586952,2.586952,1000
60375,0.000768603,0.768603,1000
60376,0.001217912,1.217912,1000
60377,0.000701775,0.701775,1000
60378,0.001151,1.151,1000
60379,0.01742748,17.42748,1000
60380,0.007047558,7.047558,1000
60381,0.000810487,0.810487,1000
60382,0.001044721,1.044721,1000
60383,0.001104592,1.104592,1000
60384,0.001039211,1.039211,1000
60385,0.000953672,0.953672,1000
60386,0.000421305,0.421305,1000
60387,0.006712712,6.712712,1000
60388,0.05639281,56.39281,1000
60389,0.002301565,2.301565,1000
60390,0.001042319,1.042319,1000
60391,0.001115853,1.115853,1000
60392,0.000733045,0.733045,1000
60393,0.000779678,0.779678,1000
60394,0.003134621,3.134621,1000
60395,0.000590165,0.590165,1000
60396,0.001274614,1.274614,1000
60397,0.00147714,1.47714,1000
60398,0.000988314,0.988314,1000
60399,0.001201215,1.201215,1000
60400,0.00123555,1.23555,1000
60401,0.001459024,1.459024,1000
60402,0.04885237,48.85237,1000
60403,0.001006311,1.006311,1000
60404,0.026761819,26.761819,1000
60405,0.003884828,3.884828,1000
60406,0.001199784,1.199784,1000
60407,0.000742939,0.742939,1000
60408,0.00137604,1.37604,1000
60409,0.148545416,148.545416,1000
60410,0.001453099,1.453099,1000
60411,0.001006227,1.006227,1000
60412,0.001201499,1.201499,1000
60413,0.000666798,0.666798,1000
60414,0.001539758,1.539758,1000
60415,0.000753961,0.753961,1000
60416,0.001157494,1.157494,1000
60417,0.002396861,2.396861,1000
60418,0.000714082,0.714082,1000
60419,0.000993186,0.993186,1000
60420,0.000704296,0.704296,1000
60421,0.000882173,0.882173,1000
60422,0.001205656,1.205656,1000
60423,0.000732294,0.732294,1000
60424,0.009066371,9.066371,1000
60425,0.010564185,10.564185,1000
60426,0.001268516,1.268516,1000
60427,0.000912121,0.912121,1000
60428,0.001385374,1.385374,1000
60429,0.001142509,1.142509,1000
60430,0.001124418,1.124418,1000
60431,0.001229366,1.229366,1000
60432,0.001321031,1.321031,1000
60433,0.000349555,0.349555,1000
60434,0.000791045,0.791045,1000
60435,0.001339085,1.339085,1000
60436,0.000613336,0.613336,1000
60437,0.002115686,2.115686,1000
60438,0.000614009,0.614009,1000
60439,0.004358177,4.358177,1000
60440,0.001813775,1.813775,1000
60441,0.009400855,9.400855,1000
60442,0.001014983,1.014983,1000
60443,0.001157949,1.157949,1000
60444,0.022690765,22.690765,1000
60445,0.000929554,0.929554,1000
60446,0.001011936,1.011936,1000
60447,0.00300203,3.00203,1000
60448,0.056392476,56.392476,1000
60449,0.000760213,0.760213,1000
60450,0.001078476,1.078476,1000
60451,0.000925259,0.925259,1000
60452,0.000825966,0.825966,1000
60453,0.001078229,1.078229,1000
60454,0.000583805,0.583805,1000
60455,0.000907099,0.907099,1000
60456,0.001173615,1.173615,1000
60457,0.00114796,1.14796,1000
60458,0.001317245,1.317245,1000
60459,0.000891235,0.891235,1000
60460,0.000636917,0.636917,1000
60461,0.000720535,0.720535,1000
60462,0.000820668,0.820668,1000
60463,0.000784471,0.784471,1000
60464,0.000928729,0.928729,1000
60465,0.000679073,0.679073,1000
60466,0.000720668,0.720668,1000
60467,0.000937243,0.937243,1000
60468,0.001284055,1.284055,1000
60469,0.001042307,1.042307,1000
60470,0.001158949,1.158949,1000
60471,0.000979319,0.979319,1000
60472,0.001081154,1.081154,1000
60473,0.000924355,0.924355,1000
60474,0.031489758,31.489758,1000
60475,0.000339831,0.339831,1000
60476,0.000800096,0.800096,1000
60477,0.003095008,3.095008,1000
60478,0.00073352,0.73352,1000
60479,0.001042957,1.042957,1000
60480,0.000577041,0.577041,1000
60481,0.001134926,1.134926,1000
60482,0.003474186,3.474186,1000
60483,0.000772269,0.772269,1000
60484,0.008996214,8.996214,1000
60485,0.001505839,1.505839,1000
60486,0.000825066,0.825066,1000
60487,0.00077319,0.77319,1000
60488,0.000813123,0.813123,1000
60489,0.001123125,1.123125,1000
60490,0.002139704,2.139704,1000
60491,0.000965719,0.965719,1000
60492,0.002798767,2.798767,1000
60493,0.001355442,1.355442,1000
60494,0.00232678,2.32678,1000
60495,0.000933889,0.933889,1000
60496,0.000574878,0.574878,1000
60497,0.002755516,2.755516,1000
60498,0.000610505,0.610505,1000
60499,0.000977136,0.977136,1000
60500,0.000867362,0.867362,1000
60501,0.000911144,0.911144,1000
60502,0.00296416,2.96416,1000
60503,0.001081154,1.081154,1000
60504,0.000979537,0.979537,1000
60505,0.00153273,1.53273,1000
60506,0.056256882,56.256882,1000
60507,0.001292719,1.292719,1000
60508,0.000717541,0.717541,1000
60509,0.001071105,1.071105,1000
60510,0.000715286,0.715286,1000
60511,0.00196297,1.96297,1000
60512,0.000676661,0.676661,1000
60513,0.001510527,1.510527,1000
60514,0.005421049,5.421049,1000
60515,0.001021814,1.021814,1000
60516,0.000577141,0.577141,1000
60517,0.00103168,1.03168,1000
60518,0.000739992,0.739992,1000
60519,0.000696641,0.696641,1000
60520,0.001239625,1.239625,1000
60521,0.000825966,0.825966,1000
60522,0.001006165,1.006165,1000
60523,0.000964089,0.964089,1000
60524,0.000706551,0.706551,1000
60525,0.001081154,1.081154,1000
60526,0.023476574,23.476574,1000
60527,0.001048197,1.048197,1000
60528,0.000731073,0.731073,1000
60529,0.001101922,1.101922,1000
60530,0.000558491,0.558491,1000
60531,0.001244336,1.244336,1000
60532,0.002804208,2.804208,1000
60533,0.000825966,0.825966,1000
60534,0.000825966,0.825966,1000
60535,0.001099294,1.099294,1000
60536,0.007974245,7.974245,1000
60537,0.001721705,1.721705,1000
60538,0.004684393,4.684393,1000
60539,0.003819731,3.819731,1000
60540,0.000961673,0.961673,1000
60541,0.001104057,1.104057,1000
60542,0.00125593,1.25593,1000
60543,0.001118277,1.118277,1000
60544,0.001004733,1.004733,1000
60545,0.00070631,0.70631,1000
60546,0.000595563,0.595563,1000
60547,0.001188027,1.188027,1000
60548,0.00076733,0.76733,1000
60549,0.001690046,1.690046,1000
60550,0.001062519,1.062519,1000
60551,0.001281077,1.281077,1000
60552,0.000825966,0.825966,1000
60553,0.00106103,1.06103,1000
60554,0.000765826,0.765826,1000
60555,0.07709478,77.09478,1000
60556,0.00099669,0.99669,1000
60557,0.001869717,1.869717,1000
60558,0.001555514,1.555514,1000
60559,0.000741108,0.741108,1000
60560,0.000993186,0.993186,1000
60561,0.002010299,2.010299,1000
60562,0.000999669,0.999669,1000
60563,0.001480195,1.480195,1000
60564,0.00078378,0.78378,1000
60565,0.006899104,6.899104,1000
60566,0.001013494,1.013494,1000
60567,0.000825966,0.825966,1000
60568,0.000694914,0.694914,1000
60569,0.000702537,0.702537,1000
60570,0.001949792,1.949792,1000
60571,0.040122571,40.122571,1000
60572,0.000783908,0.783908,1000
60573,0.003189412,3.189412,1000
60574,0.001042979,1.042979,1000
60575,0.000974862,0.974862,1000
60576,0.001177522,1.177522,1000
60577,0.000806976,0.806976,1000
60578,0.000768098,0.768098,1000
60579,0.001028767,1.028767,1000
60580,0.022693562,22.693562,1000
60581,0.001194978,1.194978,1000
60582,0.001022393,1.022393,1000
60583,0.011998879,11.998879,1000
60584,0.002769551,2.769551,1000
60585,0.000827836,0.827836,1000
60586,0.001623754,1.623754,1000
60587,0.008575851,8.575851,1000
60588,0.004736077,4.736077,1000
60589,0.010607729,10.607729,1000
60590,0.007392423,7.392423,1000
60591,0.000780756,0.780756,1000
60592,0.000787223,0.787223,1000
60593,0.000993186,0.993186,1000
60594,0.00115409,1.15409,1000
60595,0.020879833,20.879833,1000
60596,0.008400012,8.400012,1000
60597,0.000922241,0.922241,1000
60598,0.00190983,1.90983,1000
60599,0.000634797,0.634797,1000
60600,0.000427819,0.427819,1000
60601,0.000665514,0.665514,1000
60602,0.006099667,6.099667,1000
60603,0.000781959,0.781959,1000
60604,0.000493755,0.493755,1000
60605,0.075723723,75.723723,1000
60606,0.001151966,1.151966,1000
60607,0.000942543,0.942543,1000
60608,0.000866706,0.866706,1000
60609,0.004356801,4.356801,1000
60610,0.000563688,0.563688,1000
60611,0.000561599,0.561599,1000
60612,0.001042957,1.042957,1000
60613,0.00106608,1.06608,1000
60614,0.001420366,1.420366,1000
60615,0.000830784,0.830784,1000
60616,0.001173398,1.173398,1000
60617,0.000879103,0.879103,1000
60618,0.000753371,0.753371,1000
60619,0.000644389,0.644389,1000
60620,0.001242727,1.242727,1000
60621,0.001194376,1.194376,1000
60622,0.001746026,1.746026,1000
60623,0.003230663,3.230663,1000
60624,0.000864084,0.864084,1000
60625,0.003401384,3.401384,1000
60626,0.001201364,1.201364,1000
60627,0.007922722,7.922722,1000
60628,0.001340254,1.340254,1000
60629,0.000808979,0.808979,1000
60630,0.000946981,0.946981,1000
60631,0.0022118,2.2118,1000
60632,0.000768409,0.768409,1000
60633,0.000825966,0.825966,1000
60634,0.001311397,1.311397,1000
60635,0.001042957,1.042957,1000
60636,0.000617941,0.617941,1000
60637,0.000799908,0.799908,1000
60638,0.000343511,0.343511,1000
60639,0.002046079,2.046079,1000
60640,0.00142987,1.42987,1000
60641,0.001134512,1.134512,1000
60642,0.001548691,1.548691,1000
60643,0.000829265,0.829265,1000
60644,0.002056887,2.056887,1000
60645,0.00213939,2.13939,1000
60646,0.001071083,1.071083,1000
60647,0.000983243,0.983243,1000
60648,0.00104294,1.04294,1000
60649,0.001304255,1.304255,1000
60650,0.000826623,0.826623,1000
60651,0.06457589,64.57589,1000
60652,0.000983948,0.983948,1000
60653,0.000541551,0.541551,1000
60654,0.000967836,0.967836,1000
60655,0.000993186,0.993186,1000
60656,0.005446177,5.446177,1000
60657,0.001629334,1.629334,1000
60658,0.00097391,0.97391,1000
60659,0.006290199,6.290199,1000
60660,0.000957052,0.957052,1000
60661,0.001677734,1.677734,1000
60662,0.000653356,0.653356,1000
60663,0.000658363,0.658363,1000
60664,0.000783243,0.783243,1000
60665,0.001071105,1.071105,1000
60666,0.011937538,11.937538,1000
60667,0.00206144,2.06144,1000
60668,0.000668374,0.668374,1000
60669,0.000789142,0.789142,1000
60670,0.000946424,0.946424,1000
60671,0.000778646,0.778646,1000
60672,0.004899074,4.899074,1000
60673,0.000545661,0.545661,1000
60674,0.001481969,1.481969,1000
60675,0.000890755,0.890755,1000
60676,0.00026566,0.26566,1000
60677,0.001057117,1.057117,1000
60678,0.003249984,3.249984,1000
60679,0.00115367,1.15367,1000
60680,0.00287627,2.87627,1000
60681,0.000610543,0.610543,1000
60682,0.000984089,0.984089,1000
60683,0.000905374,0.905374,1000
60684,0.001130685,1.130685,1000
60685,0.016088651,16.088651,1000
60686,0.000805522,0.805522,1000
60687,0.002418112,2.418112,1000
60688,0.001431589,1.431589,1000
60689,0.001081154,1.081154,1000
60690,0.000827871,0.827871,1000
60691,0.290038072,290.038072,1000
60692,0.006530767,6.530767,1000
60693,0.001344521,1.344521,1000
60694,0.001364944,1.364944,1000
60695,0.000337252,0.337252,1000
60696,0.000831593,0.831593,1000
60697,0.000975691,0.975691,1000
60698,0.000922434,0.922434,1000
60699,0.003114577,3.114577,1000
60700,0.001510527,1.510527,1000
60701,0.000741719,0.741719,1000
60702,0.000922241,0.922241,1000
60703,0.001144266,1.144266,1000
60704,0.000888728,0.888728,1000
60705,0.001404607,1.404607,1000
60706,0.000939688,0.939688,1000
60707,0.015914051,15.914051,1000
60708,0.001495071,1.495071,1000
60709,0.001147778,1.147778,1000
60710,0.00032529,0.32529,1000
60711,0.006467278,6.467278,1000
60712,0.00137604,1.37604,1000
60713,0.000825969,0.825969,1000
60714,0.001400733,1.400733,1000
60715,0.001044721,1.044721,1000
60716,0.000526323,0.526323,1000
60717,0.001070943,1.070943,1000
60718,0.000666108,0.666108,1000
60719,0.000634417,0.634417,1000
60720,0.000477123,0.477123,1000
60721,0.031183645,31.183645,1000
60722,0.000845586,0.845586,1000
60723,0.000625668,0.625668,1000
60724,0.001238449,1.238449,1000
60725,0.00123555,1.23555,1000
60726,0.000861504,0.861504,1000
60727,0.001270745,1.270745,1000
60728,0.000791045,0.791045,1000
60729,0.000619907,0.619907,1000
60730,0.000735894,0.735894,1000
60731,0.00885357,8.85357,1000
60732,0.001021436,1.021436,1000
60733,0.001742752,1.742752,1000
60734,0.003323942,3.323942,1000
60735,0.001326243,1.326243,1000
60737,0.000640234,0.640234,1000
60738,0.002890359,2.890359,1000
60739,0.000993124,0.993124,1000
60740,0.06457589,64.57589,1000
60741,0.001220291,1.220291,1000
60742,0.001211198,1.211198,1000
60743,0.001399291,1.399291,1000
60744,0.004443839,4.443839,1000
60745,0.000644833,0.644833,1000
60746,0.000875114,0.875114,1000
60747,0.00103168,1.03168,1000
60748,0.001234141,1.234141,1000
60749,0.000734558,0.734558,1000
60750,0.006616965,6.616965,1000
60751,0.001139001,1.139001,1000
60752,0.036866701,36.866701,1000
60753,0.001387959,1.387959,1000
60754,0.000720066,0.720066,1000
60755,0.02834031,28.34031,1000
60756,0.000745156,0.745156,1000
60757,0.00103168,1.03168,1000
60758,0.001218804,1.218804,1000
60759,0.000468583,0.468583,1000
60760,0.000847827,0.847827,1000
60761,0.001009699,1.009699,1000
60762,0.00096677,0.96677,1000
60763,0.000979335,0.979335,1000
60764,0.001376094,1.376094,1000
60765,0.005673089,5.673089,1000
60766,0.000659622,0.659622,1000
60767,0.00080333,0.80333,1000
60768,0.000686514,0.686514,1000
60769,0.000451729,0.451729,1000
60770,0.002196385,2.196385,1000
60771,0.001176535,1.176535,1000
60772,0.00078378,0.78378,1000
60773,0.000766394,0.766394,1000
60774,0.001170786,1.170786,1000
60775,0.000765768,0.765768,1000
60776,0.001609087,1.609087,1000
60777,0.00103168,1.03168,1000
60778,0.001028696,1.028696,1000
60779,0.000993186,0.993186,1000
60780,0.000916276,0.916276,1000
60781,0.01039786,10.39786,1000
60782,0.001187942,1.187942,1000
60783,0.000909234,0.909234,1000
60784,0.002954188,2.954188,1000
60785,0.001004339,1.004339,1000
60786,0.001025709,1.025709,1000
60787,0.001593884,1.593884,1000
60788,0.026931171,26.931171,1000
60789,0.000645498,0.645498,1000
60790,0.001525076,1.525076,1000
60791,0.000940394,0.940394,1000
60792,0.000732487,0.732487,1000
60793,0.000447954,0.447954,1000
60794,0.000664005,0.664005,1000
60795,0.001893475,1.893475,1000
60796,0.001071066,1.071066,1000
60797,0.000890558,0.890558,1000
60798,0.000729384,0.729384,1000
60799,0.001000921,1.000921,1000
60800,0.00078378,0.78378,1000
60801,0.000845722,0.845722,1000
60802,0.017628173,17.628173,1000
60803,0.000713259,0.713259,1000
60804,0.000682316,0.682316,1000
60805,0.002912544,2.912544,1000
60806,0.000629058,0.629058,1000
60807,0.002973003,2.973003,1000
60808,0.000983511,0.983511,1000
60809,0.001042957,1.042957,1000
60810,0.000816491,0.816491,1000
60811,0.001246497,1.246497,1000
60812,0.000665526,0.665526,1000
60813,0.000809536,0.809536,1000
60814,0.001006272,1.006272,1000
60815,0.001119223,1.119223,1000
60816,0.001205656,1.205656,1000
60817,0.00842998,8.42998,1000
60818,0.018713596,18.713596,1000
60819,0.00080778,0.80778,1000
60820,0.000669956,0.669956,1000
60821,0.001374489,1.374489,1000
60822,0.000904923,0.904923,1000
60823,0.001058883,1.058883,1000
60824,0.000874929,0.874929,1000
60825,0.001778999,1.778999,1000
60826,0.003091538,3.091538,1000
60827,0.00115367,1.15367,1000
60828,0.000982522,0.982522,1000
60829,0.013677128,13.677128,1000
60830,0.000678385,0.678385,1000
60831,0.001058276,1.058276,1000
60832,0.013271476,13.271476,1000
60833,0.000783777,0.783777,1000
60834,0.007288424,7.288424,1000
60835,0.001081067,1.081067,1000
60836,0.001011874,1.011874,1000
60837,0.000795116,0.795116,1000
60838,0.004822653,4.822653,1000
60839,0.001011936,1.011936,1000
60840,0.000937243,0.937243,1000
60841,0.001608681,1.608681,1000
60842,0.001151,1.151,1000
60843,0.000889055,0.889055,1000
60844,0.00117409,1.17409,1000
60845,0.000896767,0.896767,1000
60846,0.000903105,0.903105,1000
60847,0.001572463,1.572463,1000
60848,0.000730431,0.730431,1000
60849,0.000833548,0.833548,1000
60850,0.040527977,40.527977,1000
60851,0.000744605,0.744605,1000
60852,0.00086601,0.86601,1000
60853,0.000921852,0.921852,1000
60854,0.001067158,1.067158,1000
60855,0.001641682,1.641682,1000
60856,0.001109718,1.109718,1000
60857,0.000721606,0.721606,1000
60858,0.00072799,0.72799,1000
60859,0.0011323,1.1323,1000
60860,0.001260323,1.260323,1000
60861,0.000889449,0.889449,1000
60862,0.000532308,0.532308,1000
60863,0.009241336,9.241336,1000
60864,0.000788925,0.788925,1000
60865,0.001027155,1.027155,1000
60866,0.00063976,0.63976,1000
60867,0.001425507,1.425507,1000
60868,0.002291675,2.291675,1000
60869,0.001770345,1.770345,1000
60870,0.000265489,0.265489,1000
60871,0.000771323,0.771323,1000
60872,0.001245336,1.245336,1000
60873,0.000679897,0.679897,1000
60874,0.000402814,0.402814,1000
60875,0.000861849,0.861849,1000
60876,0.000926982,0.926982,1000
60877,0.000696919,0.696919,1000
60878,0.006499923,6.499923,1000
60879,0.000806025,0.806025,1000
60880,0.001623754,1.623754,1000
60881,0.00123336,1.23336,1000
60882,0.001169491,1.169491,1000
60883,0.000393981,0.393981,1000
60884,0.001641874,1.641874,1000
60885,0.001969548,1.969548,1000
60886,0.000834167,0.834167,1000
60887,0.000711549,0.711549,1000
60888,0.000890749,0.890749,1000
60889,0.00088262,0.88262,1000
60890,0.000978076,0.978076,1000
60891,0.000913329,0.913329,1000
60892,0.002297787,2.297787,1000
60893,0.000972182,0.972182,1000
60894,0.003141365,3.141365,1000
60895,0.000783777,0.783777,1000
60896,0.003497686,3.497686,1000
60897,0.001143068,1.143068,1000
60898,0.001613775,1.613775,1000
60899,0.00077595,0.77595,1000
60900,0.001021984,1.021984,1000
60901,0.006174923,6.174923,1000
60902,0.001134352,1.134352,1000
60903,0.001007229,1.007229,1000
60904,0.001081154,1.081154,1000
60905,0.000827513,0.827513,1000
60906,0.00027069,0.27069,1000
60907,0.001524997,1.524997,1000
60908,0.000653235,0.653235,1000
60909,0.005565627,5.565627,1000
60910,0.000773922,0.773922,1000
60911,0.001205656,1.205656,1000
60912,0.00120641,1.20641,1000
60913,0.000594315,0.594315,1000
60914,0.000939147,0.939147,1000
60915,0.001750714,1.750714,1000
60916,0.001319304,1.319304,1000
60917,0.001264722,1.264722,1000
60918,0.001520493,1.520493,1000
60919,0.001171504,1.171504,1000
60920,0.001206332,1.206332,1000
60921,0.000959914,0.959914,1000
60922,0.001091942,1.091942,1000
60923,0.003079642,3.079642,1000
60924,0.001057444,1.057444,1000
60925,0.00086237,0.86237,1000
60926,0.000916276,0.916276,1000
60927,0.00056461,0.56461,1000
60928,0.001152825,1.152825,1000
60929,0.000640156,0.640156,1000
60930,0.06457589,64.57589,1000
60931,0.000818032,0.818032,1000
60932,0.000610208,0.610208,1000
60933,0.001000921,1.000921,1000
60934,0.006521767,6.521767,1000
60935,0.001043007,1.043007,1000
60936,0.001013407,1.013407,1000
60937,0.001330783,1.330783,1000
60938,0.001054999,1.054999,1000
60939,0.000310532,0.310532,1000
60940,0.001018268,1.018268,1000
60941,0.00095921,0.95921,1000
60942,0.000802322,0.802322,1000
60943,0.000578229,0.578229,1000
60944,0.000746233,0.746233,1000
60945,0.001977661,1.977661,1000
60946,0.000668385,0.668385,1000
60947,0.001322434,1.322434,1000
60948,0.00841851,8.41851,1000
60949,0.000948577,0.948577,1000
60950,0.000683967,0.683967,1000
60951,0.001002697,1.002697,1000
60952,0.00101093,1.01093,1000
60953,0.001815423,1.815423,1000
60954,0.000735201,0.735201,1000
60955,0.008520371,8.520371,1000
60956,0.00054992,0.54992,1000
60957,0.000851258,0.851258,1000
60958,0.00112596,1.12596,1000
60959,0.000819633,0.819633,1000
60960,0.000374484,0.374484,1000
60961,0.000739788,0.739788,1000
60962,0.00104294,1.04294,1000
60963,0.000921876,0.921876,1000
60964,0.001127942,1.127942,1000
60965,0.001041268,1.041268,1000
60966,0.000700615,0.700615,1000
60967,0.000993124,0.993124,1000
60969,0.000696774,0.696774,1000
60971,0.002981379,2.981379,1000
60972,0.000550793,0.550793,1000
60973,0.000963771,0.963771,1000
60974,0.00080734,0.80734,1000
60975,0.00137604,1.37604,1000
60976,0.009884789,9.884789,1000
60977,0.000937243,0.937243,1000
60978,0.000659661,0.659661,1000
60979,0.000848552,0.848552,1000
60980,0.000668385,0.668385,1000
60981,0.001117181,1.117181,1000
60982,0.01022391,10.22391,1000
60983,0.001147739,1.147739,1000
60984,0.001130426,1.130426,1000
60985,0.000584597,0.584597,1000
60986,0.002063123,2.063123,1000
60987,0.001641926,1.641926,1000
60988,0.000945483,0.945483,1000
60989,0.000882371,0.882371,1000
60990,0.000798259,0.798259,1000
60991,0.001018659,1.018659,1000
60993,0.001206332,1.206332,1000
60994,0.011103324,11.103324,1000
60995,0.00063017,0.63017,1000
60996,0.000825966,0.825966,1000
60997,0.001497885,1.497885,1000
60998,0.00103168,1.03168,1000
60999,0.000610429,0.610429,1000
61000,0.001042979,1.042979,1000
61001,0.001505839,1.505839,1000
61002,0.00381032,3.81032,1000
61003,0.001149588,1.149588,1000
61004,0.000757831,0.757831,1000
61005,0.002483916,2.483916,1000
61006,0.000753403,0.753403,1000
61007,0.009225953,9.225953,1000
61008,0.000712818,0.712818,1000
61009,0.000858252,0.858252,1000
61010,0.002554769,2.554769,1000
61011,0.00098073,0.98073,1000
61012,0.000857183,0.857183,1000
61013,0.001044721,1.044721,1000
61014,0.002294367,2.294367,1000
61015,0.001966805,1.966805,1000
61016,0.001042979,1.042979,1000
61017,0.001826577,1.826577,1000
61018,0.001134919,1.134919,1000
61019,0.000993186,0.993186,1000
61020,0.001143916,1.143916,1000
61021,0.001144656,1.144656,1000
61022,0.001153642,1.153642,1000
61023,0.001006227,1.006227,1000
61024,0.000741072,0.741072,1000
61025,0.000825966,0.825966,1000
61026,0.017746413,17.746413,1000
61027,0.002060772,2.060772,1000
61028,0.000657138,0.657138,1000
61029,0.000869153,0.869153,1000
61030,0.002913262,2.913262,1000
61031,0.001425888,1.425888,1000
61032,0.001088506,1.088506,1000
61033,0.007482023,7.482023,1000
61034,0.001773553,1.773553,1000
61035,0.000790807,0.790807,1000
61036,0.001770907,1.770907,1000
61038,0.00108274,1.08274,1000
61039,0.001999769,1.999769,1000
61040,0.000706466,0.706466,1000
61041,0.00061917,0.61917,1000
61042,0.001062569,1.062569,1000
61043,0.001144266,1.144266,1000
61044,0.002212675,2.212675,1000
61045,0.001310826,1.310826,1000
61046,0.005235045,5.235045,1000
61047,0.001413817,1.413817,1000
61048,0.000701867,0.701867,1000
61049,0.001621204,1.621204,1000
61050,0.010386554,10.386554,1000
61051,0.002002986,2.002986,1000
61052,0.000719015,0.719015,1000
61053,0.005081185,5.081185,1000
61054,0.000950642,0.950642,1000
61055,0.002212675,2.212675,1000
61056,0.000937371,0.937371,1000
61057,0.000743337,0.743337,1000
61058,0.001139483,1.139483,1000
61059,0.001187442,1.187442,1000
61060,0.001071083,1.071083,1000
61061,0.000708568,0.708568,1000
61062,0.000897841,0.897841,1000
61063,0.001402596,1.402596,1000
61064,0.000946783,0.946783,1000
61065,0.004925571,4.925571,1000
61066,0.000520011,0.520011,1000
61067,0.00097219,0.97219,1000
61068,0.000731969,0.731969,1000
61069,0.000800736,0.800736,1000
61070,0.001042957,1.042957,1000
61071,0.001071133,1.071133,1000
61072,0.00478141,4.78141,1000
61073,0.000817104,0.817104,1000
61074,0.000996093,0.996093,1000
61075,0.001505839,1.505839,1000
61076,0.005944156,5.944156,1000
61077,0.002540891,2.540891,1000
61078,0.001024048,1.024048,1000
61079,0.001762374,1.762374,1000
61080,0.001100416,1.100416,1000
61081,0.001732465,1.732465,1000
61082,0.000706182,0.706182,1000
61083,0.001722395,1.722395,1000
61084,0.001144266,1.144266,1000
61085,0.002452512,2.452512,1000
61086,0.035081655,35.081655,1000
61087,0.001028954,1.028954,1000
61088,0.000717534,0.717534,1000
61089,0.002087359,2.087359,1000
61090,0.000557863,0.557863,1000
61091,0.001381538,1.381538,1000
61092,0.000892538,0.892538,1000
61093,0.001709522,1.709522,1000
61094,0.001071083,1.071083,1000
61095,0.000407521,0.407521,1000
61096,0.000664171,0.664171,1000
61097,0.001423284,1.423284,1000
61098,0.001625157,1.625157,1000
61099,0.003398767,3.398767,1000
61100,0.001750714,1.750714,1000
61101,0.000845114,0.845114,1000
61102,0.000783777,0.783777,1000
61103,0.000797503,0.797503,1000
61104,0.001042817,1.042817,1000
61105,0.00086105,0.86105,1000
61106,0.000786659,0.786659,1000
61107,0.000769266,0.769266,1000
61108,0.000768225,0.768225,1000
61109,0.001148693,1.148693,1000
61110,0.000336955,0.336955,1000
61111,0.003212722,3.212722,1000
61112,0.000937243,0.937243,1000
61113,0.000798657,0.798657,1000
61114,0.000622674,0.622674,1000
61115,0.000738513,0.738513,1000
61116,0.026678085,26.678085,1000
61117,0.001344216,1.344216,1000
61118,0.001240716,1.240716,1000
61119,0.001482618,1.482618,1000
61120,0.001633611,1.633611,1000
61121,0.00068406,0.68406,1000
61122,0.001037627,1.037627,1000
61123,0.000807562,0.807562,1000
61124,0.000785534,0.785534,1000
61125,0.000716014,0.716014,1000
61126,0.028660146,28.660146,1000
61127,0.002057717,2.057717,1000
61128,0.001059346,1.059346,1000
61129,0.00058732,0.58732,1000
61130,0.000654677,0.654677,1000
61131,0.000887583,0.887583,1000
61132,0.000808691,0.808691,1000
61133,0.008519492,8.519492,1000
61134,0.002034972,2.034972,1000
61135,0.002229671,2.229671,1000
61136,0.000656191,0.656191,1000
61137,0.001746026,1.746026,1000
61138,0.000993186,0.993186,1000
61139,0.003304975,3.304975,1000
61140,0.00217491,2.17491,1000
61141,0.00196464,1.96464,1000
61142,0.001746026,1.746026,1000
61143,0.041391632,41.391632,1000
61144,0.001746026,1.746026,1000
61145,0.001826577,1.826577,1000
61146,0.001840103,1.840103,1000
61147,0.006488196,6.488196,1000
61148,0.003035229,3.035229,1000
61149,0.000768225,0.768225,1000
61150,0.000766158,0.766158,1000
61151,0.001562777,1.562777,1000
61152,0.000637219,0.637219,1000
61153,0.000782359,0.782359,1000
61154,0.000420569,0.420569,1000
61155,0.001157665,1.157665,1000
61156,0.002130063,2.130063,1000
61157,0.000948554,0.948554,1000
61158,0.000897099,0.897099,1000
61159,0.000964089,0.964089,1000
61160,0.001136909,1.136909,1000
61161,0.00063059,0.63059,1000
61162,0.001141219,1.141219,1000
61163,0.002355927,2.355927,1000
61164,0.005005737,5.005737,1000
61165,0.001339554,1.339554,1000
61166,0.001647575,1.647575,1000
61167,0.026598275,26.598275,1000
61168,0.001113644,1.113644,1000
61169,0.000593774,0.593774,1000
61170,0.001134919,1.134919,1000
61171,0.002514886,2.514886,1000
61172,0.000869565,0.869565,1000
61173,0.00227561,2.27561,1000
61174,0.000922223,0.922223,1000
61175,0.001644082,1.644082,1000
61176,0.001253125,1.253125,1000
61177,0.001037946,1.037946,1000
61178,0.00078452,0.78452,1000
61179,0.000815301,0.815301,1000
61180,0.000917793,0.917793,1000
61181,0.000650056,0.650056,1000
61182,0.001141219,1.141219,1000
61183,0.000993186,0.993186,1000
61184,0.000407185,0.407185,1000
61185,0.000684565,0.684565,1000
61186,0.000948739,0.948739,1000
61187,0.012450037,12.450037,1000
61188,0.017000874,17.000874,1000
61189,0.000500051,0.500051,1000
61190,0.000680042,0.680042,1000
61191,0.000912146,0.912146,1000
61192,0.00088975,0.88975,1000
61193,0.003009589,3.009589,1000
61194,0.000792398,0.792398,1000
61195,0.000861169,0.861169,1000
61196,0.000904147,0.904147,1000
61197,0.015676584,15.676584,1000
61198,0.000487259,0.487259,1000
61199,0.000993186,0.993186,1000
61200,0.001077139,1.077139,1000
61201,0.000893094,0.893094,1000
61202,0.000442865,0.442865,1000
61203,0.0012014,1.2014,1000
61204,0.000589875,0.589875,1000
61205,0.000791619,0.791619,1000
61206,0.001157211,1.157211,1000
61207,0.001543511,1.543511,1000
61208,0.003039992,3.039992,1000
61209,0.058294601,58.294601,1000
61210,0.000831387,0.831387,1000
61211,0.000663327,0.663327,1000
61212,0.001525076,1.525076,1000
61213,0.000628317,0.628317,1000
61214,0.000938149,0.938149,1000
61215,0.000809613,0.809613,1000
61216,0.003473836,3.473836,1000
61217,0.000879563,0.879563,1000
61218,0.001217767,1.217767,1000
61219,0.004158597,4.158597,1000
61220,0.001825149,1.825149,1000
61221,0.005766318,5.766318,1000
61222,0.009597227,9.597227,1000
61223,0.010813017,10.813017,1000
61224,0.000993186,0.993186,1000
61225,0.000555875,0.555875,1000
61226,0.001147339,1.147339,1000
61227,0.001188666,1.188666,1000
61228,0.001826577,1.826577,1000
61229,0.005638637,5.638637,1000
61230,0.00903809,9.03809,1000
61231,0.001201032,1.201032,1000
61232,0.008358987,8.358987,1000
61233,0.009279954,9.279954,1000
61234,0.026922444,26.922444,1000
61235,0.000316214,0.316214,1000
61236,0.000983948,0.983948,1000
61237,0.001437246,1.437246,1000
61238,0.002242975,2.242975,1000
61239,0.001091954,1.091954,1000
61240,0.004496169,4.496169,1000
61241,0.000969713,0.969713,1000
61242,0.004386969,4.386969,1000
61243,0.00083632,0.83632,1000
61244,0.00103168,1.03168,1000
61245,0.000661569,0.661569,1000
61246,0.000498937,0.498937,1000
61247,0.001147967,1.147967,1000
61248,0.000603824,0.603824,1000
61249,0.001741141,1.741141,1000
61250,0.000875886,0.875886,1000
61251,0.001347959,1.347959,1000
61252,0.000528171,0.528171,1000
61253,0.00079645,0.79645,1000
61254,0.001087794,1.087794,1000
61255,0.000560268,0.560268,1000
61256,0.000779393,0.779393,1000
61257,0.000757831,0.757831,1000
61258,0.001045582,1.045582,1000
61259,0.001247447,1.247447,1000
61260,0.000872256,0.872256,1000
61261,0.000781093,0.781093,1000
61262,0.00108848,1.08848,1000
61263,0.013876373,13.876373,1000
61264,0.001334149,1.334149,1000
61265,0.000629454,0.629454,1000
61266,0.000993186,0.993186,1000
61267,0.00103168,1.03168,1000
61268,0.001409129,1.409129,1000
61269,0.041792278,41.792278,1000
61270,0.000782712,0.782712,1000
61271,0.001092878,1.092878,1000
61272,0.000887913,0.887913,1000
61273,0.000722496,0.722496,1000
61274,0.001492978,1.492978,1000
61275,0.00179801,1.79801,1000
61276,0.001236372,1.236372,1000
61277,0.001166837,1.166837,1000
61278,0.001568767,1.568767,1000
61279,0.000982522,0.982522,1000
61280,0.000627259,0.627259,1000
61281,0.009123299,9.123299,1000
61282,0.011050867,11.050867,1000
61283,0.001006796,1.006796,1000
61284,0.00137604,1.37604,1000
61285,0.000764084,0.764084,1000
61286,0.06457589,64.57589,1000
61287,0.00074355,0.74355,1000
61288,0.001019929,1.019929,1000
61289,0.001061974,1.061974,1000
61290,0.001175884,1.175884,1000
61291,0.001019232,1.019232,1000
61292,0.001071083,1.071083,1000
61293,0.024340019,24.340019,1000
61294,0.001042957,1.042957,1000
61295,0.001239994,1.239994,1000
61296,0.002051711,2.051711,1000
61297,0.001511563,1.511563,1000
61298,0.00057168,0.57168,1000
61299,0.006215525,6.215525,1000
61300,0.001116648,1.116648,1000
61301,0.001097375,1.097375,1000
61302,0.595283003,595.283003,1000
61303,0.000680265,0.680265,1000
61304,0.0008085,0.8085,1000
61305,0.001637817,1.637817,1000
61306,0.000639272,0.639272,1000
61307,0.001816978,1.816978,1000
61308,0.000732678,0.732678,1000
61309,0.001071083,1.071083,1000
61310,0.001081154,1.081154,1000
61311,0.000993186,0.993186,1000
61312,0.001011936,1.011936,1000
61313,0.0006119,0.6119,1000
61314,0.001548993,1.548993,1000
61315,0.002029122,2.029122,1000
61316,0.001609087,1.609087,1000
61317,0.001182985,1.182985,1000
61318,0.000692701,0.692701,1000
61319,0.000982271,0.982271,1000
61320,0.00137604,1.37604,1000
61321,0.000735945,0.735945,1000
61322,0.001071066,1.071066,1000
61323,0.000991458,0.991458,1000
61324,0.002944057,2.944057,1000
61325,0.040037443,40.037443,1000
61326,0.000922755,0.922755,1000
61327,0.000719255,0.719255,1000
61328,0.003159587,3.159587,1000
61329,0.021050766,21.050766,1000
61330,0.00144323,1.44323,1000
61331,0.003686407,3.686407,1000
61332,0.002393504,2.393504,1000
61333,0.001330889,1.330889,1000
61334,0.001363194,1.363194,1000
61335,0.009138018,9.138018,1000
61336,0.001386309,1.386309,1000
61337,0.00279698,2.79698,1000
61338,0.001323869,1.323869,1000
61339,0.004011177,4.011177,1000
61340,0.001152443,1.152443,1000
61341,0.000848506,0.848506,1000
61342,0.000405495,0.405495,1000
61343,0.001215205,1.215205,1000
61344,0.001821889,1.821889,1000
61345,0.001506826,1.506826,1000
61346,0.000999786,0.999786,1000
61347,0.001143068,1.143068,1000
61348,0.001158731,1.158731,1000
61349,0.001071105,1.071105,1000
61350,0.016164316,16.164316,1000
61351,0.001409221,1.409221,1000
61352,0.000609482,0.609482,1000
61353,0.001914407,1.914407,1000
61354,0.000993186,0.993186,1000
61355,0.007902997,7.902997,1000
61356,0.002181331,2.181331,1000
61357,0.001387563,1.387563,1000
61358,0.011509161,11.509161,1000
61359,0.14622137,146.22137,1000
61360,0.040891912,40.891912,1000
61361,0.011558327,11.558327,1000
61362,0.006142484,6.142484,1000
61363,0.001226864,1.226864,1000
61364,0.001091499,1.091499,1000
61365,0.008529665,8.529665,1000
61366,0.00192843,1.92843,1000
61367,0.000920022,0.920022,1000
61368,0.001112098,1.112098,1000
61369,0.00151996,1.51996,1000
61370,0.001120372,1.120372,1000
61371,0.00091377,0.91377,1000
61372,0.001177602,1.177602,1000
61373,0.001324941,1.324941,1000
61374,0.002026572,2.026572,1000
61375,0.003093886,3.093886,1000
61376,0.000912211,0.912211,1000
61377,0.001141219,1.141219,1000
61378,0.001041866,1.041866,1000
61379,0.000952913,0.952913,1000
61380,0.00081312,0.81312,1000
61381,0.001300788,1.300788,1000
61382,0.000808824,0.808824,1000
61383,0.001047998,1.047998,1000
61384,0.001018773,1.018773,1000
61385,0.001695317,1.695317,1000
61386,0.000722549,0.722549,1000
61387,0.06457589,64.57589,1000
61388,0.001068474,1.068474,1000
61389,0.001260033,1.260033,1000
61390,0.212725643,212.725643,1000
61391,0.000366491,0.366491,1000
61392,0.026787987,26.787987,1000
61393,0.022854077,22.854077,1000
61394,0.000779963,0.779963,1000
61395,0.000744605,0.744605,1000
61396,0.001274797,1.274797,1000
61397,0.00067291,0.67291,1000
61398,0.000598661,0.598661,1000
61399,0.021802066,21.802066,1000
61400,0.000825893,0.825893,1000
61401,0.000960731,0.960731,1000
61402,0.029780321,29.780321,1000
61403,0.000437697,0.437697,1000
61404,0.001505905,1.505905,1000
61405,0.000796327,0.796327,1000
61406,0.002723492,2.723492,1000
61407,0.001182242,1.182242,1000
61408,0.0007306,0.7306,1000
61409,0.001141952,1.141952,1000
61410,0.001071083,1.071083,1000
61411,0.001071083,1.071083,1000
61412,0.001038551,1.038551,1000
61413,0.003065262,3.065262,1000
61414,0.002207987,2.207987,1000
61415,0.000645335,0.645335,1000
61416,0.000743184,0.743184,1000
61417,0.003246526,3.246526,1000
61418,0.001306672,1.306672,1000
61419,0.001330889,1.330889,1000
61420,0.000848643,0.848643,1000
61421,0.000647272,0.647272,1000
61422,0.000993186,0.993186,1000
61423,0.001338432,1.338432,1000
61424,0.001382519,1.382519,1000
61425,0.0018505,1.8505,1000
61426,0.000632134,0.632134,1000
61427,0.000641794,0.641794,1000
61428,0.000596353,0.596353,1000
61429,0.000343047,0.343047,1000
61430,0.000282174,0.282174,1000
61431,0.000818475,0.818475,1000
61432,0.000818478,0.818478,1000
61433,0.000783777,0.783777,1000
61434,0.00081312,0.81312,1000
61435,0.000903105,0.903105,1000
61436,0.001317245,1.317245,1000
61437,0.000710118,0.710118,1000
61438,0.001284634,1.284634,1000
61439,0.000633907,0.633907,1000
61440,0.192854148,192.854148,1000
61441,0.00126989,1.26989,1000
61442,0.001011936,1.011936,1000
61443,0.001042957,1.042957,1000
61444,0.025803248,25.803248,1000
61445,0.000934372,0.934372,1000
61446,0.001520388,1.520388,1000
61447,0.000483587,0.483587,1000
61448,0.000993186,0.993186,1000
61449,0.008606158,8.606158,1000
61450,0.001042979,1.042979,1000
61451,0.000663536,0.663536,1000
61452,0.000575452,0.575452,1000
61453,0.000891221,0.891221,1000
61454,0.000750986,0.750986,1000
61455,0.049886509,49.886509,1000
61456,0.003313432,3.313432,1000
61457,0.001088627,1.088627,1000
61458,0.000800535,0.800535,1000
61459,0.001062502,1.062502,1000
61460,0.00120825,1.20825,1000
61461,0.00374965,3.74965,1000
61462,0.000748543,0.748543,1000
61463,0.001424066,1.424066,1000
61464,0.001042957,1.042957,1000
61465,0.002055927,2.055927,1000
61466,0.000965833,0.965833,1000
61467,0.001298618,1.298618,1000
61468,0.001073416,1.073416,1000
61469,0.000834636,0.834636,1000
61470,0.000783777,0.783777,1000
61471,0.06457589,64.57589,1000
61472,0.00756449,7.56449,1000
61473,0.000512053,0.512053,1000
61474,0.000999017,0.999017,1000
61475,0.00043849,0.43849,1000
61476,0.000993186,0.993186,1000
61477,0.001542492,1.542492,1000
61478,0.000909308,0.909308,1000
61479,0.000772579,0.772579,1000
61480,0.000953064,0.953064,1000
61481,0.002313085,2.313085,1000
61482,0.001053094,1.053094,1000
61483,0.0021484,2.1484,1000
61484,0.00098512,0.98512,1000
61485,0.00191712,1.91712,1000
61486,0.00098384,0.98384,1000
61487,0.000795935,0.795935,1000
61488,0.000791822,0.791822,1000
61489,0.000965074,0.965074,1000
61490,0.003197158,3.197158,1000
61491,0.004591741,4.591741,1000
61492,0.001025684,1.025684,1000
61493,0.000783777,0.783777,1000
61494,0.001852678,1.852678,1000
61495,0.001279291,1.279291,1000
61496,0.001181174,1.181174,1000
61497,0.122371387,122.371387,1000
61498,0.001797112,1.797112,1000
61499,0.001523648,1.523648,1000
61500,0.011444027,11.444027,1000
61501,0.000537498,0.537498,1000
61502,0.001226756,1.226756,1000
61503,0.009169627,9.169627,1000
61504,0.000993186,0.993186,1000
61505,0.000601975,0.601975,1000
61506,0.001015207,1.015207,1000
61507,0.001085867,1.085867,1000
61508,0.001898439,1.898439,1000
61509,0.001011936,1.011936,1000
61510,0.000783822,0.783822,1000
61511,0.002012739,2.012739,1000
61512,0.001746026,1.746026,1000
61513,0.00065841,0.65841,1000
61514,0.028955846,28.955846,1000
61515,0.001502891,1.502891,1000
61516,0.040038046,40.038046,1000
61517,0.001284626,1.284626,1000
61518,0.003102897,3.102897,1000
61519,0.001524997,1.524997,1000
61520,0.000544385,0.544385,1000
61521,0.000908835,0.908835,1000
61522,0.000569256,0.569256,1000
61523,0.000861259,0.861259,1000
61524,0.001261003,1.261003,1000
61525,0.000463044,0.463044,1000
61526,0.001524419,1.524419,1000
61527,0.004261644,4.261644,1000
61528,0.000676943,0.676943,1000
61529,0.001011936,1.011936,1000
61530,0.000937243,0.937243,1000
61531,0.000527727,0.527727,1000
61532,0.005567213,5.567213,1000
61533,0.000777764,0.777764,1000
61534,0.004670166,4.670166,1000
61535,0.000682355,0.682355,1000
61536,0.001312558,1.312558,1000
61537,0.01038422,10.38422,1000
61538,0.016588952,16.588952,1000
61539,0.000770022,0.770022,1000
61540,0.000785588,0.785588,1000
61541,0.075452635,75.452635,1000
61542,0.000731014,0.731014,1000
61543,0.001605399,1.605399,1000
61544,0.001014512,1.014512,1000
61545,0.022062452,22.062452,1000
61546,0.026932576,26.932576,1000
61547,0.022682206,22.682206,1000
61548,0.000993063,0.993063,1000
61549,0.001435527,1.435527,1000
61550,0.001134919,1.134919,1000
61551,0.000800022,0.800022,1000
61552,0.001100144,1.100144,1000
61553,0.002207987,2.207987,1000
61554,0.003366417,3.366417,1000
61555,0.00137604,1.37604,1000
61556,0.000849008,0.849008,1000
61557,0.001916492,1.916492,1000
61558,0.000698089,0.698089,1000
61559,0.000907611,0.907611,1000
61560,0.005676076,5.676076,1000
61561,0.000667151,0.667151,1000
61562,0.000776012,0.776012,1000
61563,0.000881303,0.881303,1000
61564,0.000783777,0.783777,1000
61565,0.000882804,0.882804,1000
61566,0.00104294,1.04294,1000
61567,0.000596232,0.596232,1000
61568,0.039218142,39.218142,1000
61569,0.001375999,1.375999,1000
61570,0.000770729,0.770729,1000
61571,0.001178806,1.178806,1000
61572,0.001309581,1.309581,1000
61573,0.00125679,1.25679,1000
61574,0.001720671,1.720671,1000
61575,0.001042957,1.042957,1000
61576,0.000557442,0.557442,1000
61577,0.001071083,1.071083,1000
61578,0.001002963,1.002963,1000
61579,0.007887335,7.887335,1000
61580,0.001143684,1.143684,1000
61581,0.01743621,17.43621,1000
61582,0.00070217,0.70217,1000
61583,0.001369587,1.369587,1000
61584,0.003035498,3.035498,1000
61585,0.000732409,0.732409,1000
61586,0.00273737,2.73737,1000
61587,0.000682369,0.682369,1000
61588,0.001006227,1.006227,1000
61589,0.001456428,1.456428,1000
61590,0.003034836,3.034836,1000
61591,0.001245492,1.245492,1000
61592,0.000750413,0.750413,1000
61593,0.000720373,0.720373,1000
61594,0.007149009,7.149009,1000
61595,0.000935361,0.935361,1000
61596,0.001143068,1.143068,1000
61597,0.001152783,1.152783,1000
61598,0.001038957,1.038957,1000
61599,0.001102168,1.102168,1000
61600,0.006209688,6.209688,1000
61601,0.001205656,1.205656,1000
61602,0.000858252,0.858252,1000
61603,0.001220474,1.220474,1000
61604,0.000922612,0.922612,1000
61605,0.000619663,0.619663,1000
61606,0.058112865,58.112865,1000
61607,0.002704047,2.704047,1000
61608,0.000641334,0.641334,1000
61609,0.000664111,0.664111,1000
61610,0.001336872,1.336872,1000
61611,0.001505839,1.505839,1000
61612,0.001176933,1.176933,1000
61613,0.001122286,1.122286,1000
61614,0.00790157,7.90157,1000
61615,0.000581477,0.581477,1000
61616,0.000876548,0.876548,1000
61617,0.075634573,75.634573,1000
61618,0.000801016,0.801016,1000
61619,0.001006165,1.006165,1000
61620,0.001072813,1.072813,1000
61621,0.04054992,40.54992,1000
61622,0.001547323,1.547323,1000
61623,0.000946261,0.946261,1000
61624,0.001177507,1.177507,1000
61625,0.000960681,0.960681,1000
61626,0.001005147,1.005147,1000
61627,0.001019141,1.019141,1000
61628,0.000892869,0.892869,1000
61629,0.001035076,1.035076,1000
61630,0.001417566,1.417566,1000
61631,0.000793807,0.793807,1000
61632,0.000751414,0.751414,1000
61633,0.002502489,2.502489,1000
61634,0.00040805,0.40805,1000
61635,0.001218461,1.218461,1000
61636,0.000864781,0.864781,1000
61637,0.001233602,1.233602,1000
61638,0.063126696,63.126696,1000
61639,0.00098232,0.98232,1000
61640,0.002336381,2.336381,1000
61641,0.001420961,1.420961,1000
61642,0.003167755,3.167755,1000
61643,0.001239723,1.239723,1000
61644,0.001175848,1.175848,1000
61645,0.001656428,1.656428,1000
61646,0.000592747,0.592747,1000
61647,0.000935513,0.935513,1000
61648,0.000982522,0.982522,1000
61649,0.003354788,3.354788,1000
61650,0.002700787,2.700787,1000
61651,0.002763324,2.763324,1000
61652,0.001042979,1.042979,1000
61653,0.004111403,4.111403,1000
61654,0.001128268,1.128268,1000
61655,0.001104935,1.104935,1000
61656,0.015907137,15.907137,1000
61657,0.000948235,0.948235,1000
61658,0.015990998,15.990998,1000
61659,0.001396722,1.396722,1000
61660,0.008041084,8.041084,1000
61661,0.001277437,1.277437,1000
61662,0.003011674,3.011674,1000
61663,0.001849471,1.849471,1000
61664,0.246309505,246.309505,1000
61665,0.000594285,0.594285,1000
61666,0.000709119,0.709119,1000
61667,0.000955524,0.955524,1000
61668,0.003452793,3.452793,1000
61669,0.000783388,0.783388,1000
61670,0.00064711,0.64711,1000
61671,0.001312558,1.312558,1000
61672,0.000798076,0.798076,1000
61673,0.000609906,0.609906,1000
61674,0.00115367,1.15367,1000
61675,0.001656285,1.656285,1000
61676,0.001090264,1.090264,1000
61677,0.000572803,0.572803,1000
61678,0.000596343,0.596343,1000
61679,0.001062502,1.062502,1000
61680,0.000770317,0.770317,1000
61681,0.000537468,0.537468,1000
61682,0.00331539,3.31539,1000
61683,0.001385415,1.385415,1000
61684,0.001294857,1.294857,1000
61685,0.000750595,0.750595,1000
61686,0.018792465,18.792465,1000
61687,0.002930663,2.930663,1000
61688,0.000597157,0.597157,1000
61689,0.0030137,3.0137,1000
61690,0.00100733,1.00733,1000
61691,0.000997247,0.997247,1000
61692,0.001382333,1.382333,1000
61693,0.001151,1.151,1000
61694,0.016131486,16.131486,1000
61695,0.122542863,122.542863,1000
61696,0.001049585,1.049585,1000
61697,0.002162646,2.162646,1000
61698,0.00081312,0.81312,1000
61699,0.000727623,0.727623,1000
61700,0.00112259,1.12259,1000
61701,0.00059065,0.59065,1000
61702,0.001082246,1.082246,1000
61703,0.000780708,0.780708,1000
61704,0.000709804,0.709804,1000
61705,0.000690473,0.690473,1000
61706,0.000990707,0.990707,1000
61707,0.009138018,9.138018,1000
61708,0.000825966,0.825966,1000
61709,0.010944691,10.944691,1000
61710,0.001151,1.151,1000
61711,0.001697217,1.697217,1000
61712,0.000645388,0.645388,1000
61713,0.00104294,1.04294,1000
61714,0.001062519,1.062519,1000
61715,0.018250264,18.250264,1000
61716,0.000845094,0.845094,1000
61717,0.001621981,1.621981,1000
61718,0.002341856,2.341856,1000
61719,0.00116594,1.16594,1000
61720,0.009149844,9.149844,1000
61721,0.003186737,3.186737,1000
61722,0.000948554,0.948554,1000
61723,0.001746026,1.746026,1000
61724,0.001537976,1.537976,1000
61725,0.001512117,1.512117,1000
61726,0.039998464,39.998464,1000
61727,0.000580263,0.580263,1000
61728,0.001339188,1.339188,1000
61729,0.003036184,3.036184,1000
61730,0.00085765,0.85765,1000
61731,0.001280983,1.280983,1000
61732,0.00091422,0.91422,1000
61733,0.001375999,1.375999,1000
61734,0.003865685,3.865685,1000
61735,0.001304864,1.304864,1000
61736,0.000993577,0.993577,1000
61737,0.000867645,0.867645,1000
61738,0.006375191,6.375191,1000
61739,0.000861396,0.861396,1000
61740,0.016046181,16.046181,1000
61741,0.001262054,1.262054,1000
61742,0.001011936,1.011936,1000
61743,0.000951494,0.951494,1000
61744,0.000973266,0.973266,1000
61745,0.000713661,0.713661,1000
61746,0.001231268,1.231268,1000
61747,0.00067965,0.67965,1000
61748,0.001134926,1.134926,1000
61749,0.00036546,0.36546,1000
61750,0.001162608,1.162608,1000
61751,0.00296637,2.96637,1000
61752,0.001750714,1.750714,1000
61753,0.000884368,0.884368,1000
61754,0.001239874,1.239874,1000
61755,0.009150544,9.150544,1000
61756,0.003346336,3.346336,1000
61758,0.008224688,8.224688,1000
61759,0.001000921,1.000921,1000
61760,0.000682021,0.682021,1000
61761,0.001044721,1.044721,1000
61762,0.001524997,1.524997,1000
61763,0.000611856,0.611856,1000
61764,0.001613775,1.613775,1000
61765,0.000739822,0.739822,1000
61766,0.001036588,1.036588,1000
61767,0.001008273,1.008273,1000
61768,0.000762963,0.762963,1000
61769,0.000713871,0.713871,1000
61770,0.001104592,1.104592,1000
61771,0.001097456,1.097456,1000
61772,0.001062502,1.062502,1000
61773,0.000993186,0.993186,1000
61774,0.001062379,1.062379,1000
61775,0.001487501,1.487501,1000
61776,0.00107013,1.07013,1000
61777,0.001263301,1.263301,1000
61778,0.000692749,0.692749,1000
61779,0.005331194,5.331194,1000
61780,0.000914853,0.914853,1000
61781,0.001285801,1.285801,1000
61782,0.002962862,2.962862,1000
61783,0.000697437,0.697437,1000
61784,0.000993186,0.993186,1000
61785,0.00075059,0.75059,1000
61786,0.000635975,0.635975,1000
61787,0.001113155,1.113155,1000
61788,0.044027149,44.027149,1000
61789,0.008119876,8.119876,1000
61790,0.00114796,1.14796,1000
61791,0.000270934,0.270934,1000
61792,0.000798551,0.798551,1000
61793,0.001453099,1.453099,1000
61794,0.00071651,0.71651,1000
61795,0.000945779,0.945779,1000
61796,0.00129342,1.29342,1000
61797,0.000780823,0.780823,1000
61798,0.002462766,2.462766,1000
61799,0.000709906,0.709906,1000
61800,0.00081312,0.81312,1000
61801,0.000905193,0.905193,1000
61802,0.001113155,1.113155,1000
61803,0.000908803,0.908803,1000
61804,0.002004813,2.004813,1000
61805,0.000683714,0.683714,1000
61806,0.001013117,1.013117,1000
61807,0.00083462,0.83462,1000
61808,0.001210798,1.210798,1000
61809,0.000886913,0.886913,1000
61810,0.001478474,1.478474,1000
61811,0.004502115,4.502115,1000
61812,0.000750913,0.750913,1000
61813,0.000660857,0.660857,1000
61814,0.008632619,8.632619,1000
61815,0.000671816,0.671816,1000
61816,0.002944756,2.944756,1000
61817,0.001523648,1.523648,1000
61818,0.000961863,0.961863,1000
61819,0.003806051,3.806051,1000
61820,0.001457986,1.457986,1000
61821,0.001111316,1.111316,1000
61822,0.000828047,0.828047,1000
61823,0.000892095,0.892095,1000
61824,0.001014438,1.014438,1000
61825,0.001097456,1.097456,1000
61826,0.284323523,284.323523,1000
61827,0.000804155,0.804155,1000
61828,0.001687941,1.687941,1000
61829,0.001024494,1.024494,1000
61830,0.000894013,0.894013,1000
61831,0.001520309,1.520309,1000
61832,0.00044323,0.44323,1000
61833,0.000613189,0.613189,1000
61834,0.000892347,0.892347,1000
61835,0.001134909,1.134909,1000
61836,0.008122778,8.122778,1000
61837,0.00104294,1.04294,1000
61838,0.001022667,1.022667,1000
61839,0.000368845,0.368845,1000
61840,0.001134919,1.134919,1000
61841,0.000874516,0.874516,1000
61842,0.000750549,0.750549,1000
61843,0.001611942,1.611942,1000
61844,0.000880187,0.880187,1000
61845,0.000903595,0.903595,1000
61846,0.000926977,0.926977,1000
61847,0.001821889,1.821889,1000
61848,0.001613775,1.613775,1000
61849,0.000738108,0.738108,1000
61850,0.001088629,1.088629,1000
61852,0.016184848,16.184848,1000
61853,0.002628308,2.628308,1000
61854,0.046031795,46.031795,1000
61855,0.001281077,1.281077,1000
61856,0.00115367,1.15367,1000
61857,0.001330835,1.330835,1000
61858,0.012889551,12.889551,1000
61859,0.001076311,1.076311,1000
61860,0.000830857,0.830857,1000
61861,0.000981132,0.981132,1000
61862,0.000789849,0.789849,1000
61863,0.000763451,0.763451,1000
61864,0.000937371,0.937371,1000
61865,0.00085691,0.85691,1000
61866,0.001613775,1.613775,1000
61867,0.000856944,0.856944,1000
61868,0.000778985,0.778985,1000
61869,0.001141219,1.141219,1000
61870,0.000871008,0.871008,1000
61871,0.001571697,1.571697,1000
61872,0.005267485,5.267485,1000
61873,0.000666947,0.666947,1000
61874,0.001611942,1.611942,1000
61875,0.000546197,0.546197,1000
61876,0.00102179,1.02179,1000
61877,0.001521475,1.521475,1000
61878,0.012186757,12.186757,1000
61879,0.001196823,1.196823,1000
61880,0.026575012,26.575012,1000
61881,0.000882229,0.882229,1000
61882,0.001071083,1.071083,1000
61883,0.003097935,3.097935,1000
61884,0.0031502,3.1502,1000
61885,0.020982792,20.982792,1000
61886,0.001542492,1.542492,1000
61887,0.000850542,0.850542,1000
61888,0.032244142,32.244142,1000
61889,0.070451755,70.451755,1000
61890,0.001042979,1.042979,1000
61891,0.000770946,0.770946,1000
61892,0.000328518,0.328518,1000
61893,0.00046275,0.46275,1000
61894,0.001042979,1.042979,1000
61895,0.00103168,1.03168,1000
61896,0.001220508,1.220508,1000
61897,0.004848179,4.848179,1000
61898,0.010327541,10.327541,1000
61899,0.003874666,3.874666,1000
61900,0.002907094,2.907094,1000
61901,0.0029861,2.9861,1000
61902,0.000634878,0.634878,1000
61903,0.003453469,3.453469,1000
61904,0.001006227,1.006227,1000
61905,0.0006109,0.6109,1000
61906,0.000783679,0.783679,1000
61907,0.001051546,1.051546,1000
61908,0.007999224,7.999224,1000
61909,0.000815433,0.815433,1000
61910,0.001052705,1.052705,1000
61911,0.00081312,0.81312,1000
61912,0.00077585,0.77585,1000
61913,0.00180115,1.80115,1000
61914,0.002947103,2.947103,1000
61915,0.000942663,0.942663,1000
61916,0.000374821,0.374821,1000
61917,0.006434612,6.434612,1000
61918,0.000593186,0.593186,1000
61919,0.001218698,1.218698,1000
61920,0.000439112,0.439112,1000
61921,0.000783777,0.783777,1000
61922,0.00081312,0.81312,1000
61923,0.000777451,0.777451,1000
61924,0.000741016,0.741016,1000
61925,0.000953545,0.953545,1000
61926,0.001338749,1.338749,1000
61927,0.00078378,0.78378,1000
61928,0.004006489,4.006489,1000
61929,0.008622188,8.622188,1000
61930,0.00165421,1.65421,1000
61931,0.000791034,0.791034,1000
61932,0.001203526,1.203526,1000
61933,0.000643595,0.643595,1000
61934,0.008150461,8.150461,1000
61935,0.002705474,2.705474,1000
61936,0.001029739,1.029739,1000
61937,0.00126747,1.26747,1000
61938,0.001698969,1.698969,1000
61939,0.001081154,1.081154,1000
61940,0.002010689,2.010689,1000
61941,0.002664754,2.664754,1000
61942,0.003327373,3.327373,1000
61943,0.001062541,1.062541,1000
61944,0.001076081,1.076081,1000
61945,0.000599586,0.599586,1000
61946,0.002780441,2.780441,1000
61947,0.096908908,96.908908,1000
61948,0.001062519,1.062519,1000
61949,0.000516896,0.516896,1000
61950,0.001569736,1.569736,1000
61951,0.000323814,0.323814,1000
61952,0.016108991,16.108991,1000
61953,0.001149588,1.149588,1000
61954,0.000845094,0.845094,1000
61955,0.001175549,1.175549,1000
61956,0.001047665,1.047665,1000
61957,0.000993124,0.993124,1000
61958,0.000866889,0.866889,1000
61959,0.000825417,0.825417,1000
61960,0.001284857,1.284857,1000
61961,0.000977131,0.977131,1000
61962,0.000731007,0.731007,1000
61963,0.001965409,1.965409,1000
61964,0.00074157,0.74157,1000
61965,0.000882371,0.882371,1000
61966,0.000869442,0.869442,1000
61967,0.001475546,1.475546,1000
61968,0.000514976,0.514976,1000
61969,0.000482803,0.482803,1000
61970,0.000865041,0.865041,1000
61971,0.001042979,1.042979,1000
61972,0.001015484,1.015484,1000
61973,0.003378169,3.378169,1000
61974,0.000586213,0.586213,1000
61975,0.000538054,0.538054,1000
61976,0.001636587,1.636587,1000
61977,0.000855915,0.855915,1000
61978,0.015163863,15.163863,1000
61979,0.000928729,0.928729,1000
61980,0.000688422,0.688422,1000
61981,0.000676851,0.676851,1000
61982,0.001151134,1.151134,1000
61983,0.000647237,0.647237,1000
61984,0.002956055,2.956055,1000
61985,0.000778733,0.778733,1000
61986,0.000963771,0.963771,1000
61987,0.002511774,2.511774,1000
61988,0.001098596,1.098596,1000
61989,0.00071697,0.71697,1000
61990,0.000773643,0.773643,1000
61991,0.002992561,2.992561,1000
61992,0.000631957,0.631957,1000
61993,0.001134213,1.134213,1000
61994,0.000952397,0.952397,1000
61995,0.001176579,1.176579,1000
61996,0.000443496,0.443496,1000
61997,0.001098609,1.098609,1000
61998,0.001230894,1.230894,1000
61999,0.000920107,0.920107,1000
62000,0.001042957,1.042957,1000
62001,0.001068147,1.068147,1000
62002,0.003123255,3.123255,1000
62003,0.000424069,0.424069,1000
62004,0.001510527,1.510527,1000
62005,0.008475226,8.475226,1000
62006,0.001388224,1.388224,1000
62007,0.001121392,1.121392,1000
62008,0.001826577,1.826577,1000
62009,0.000860109,0.860109,1000
62010,0.000701241,0.701241,1000
62011,0.040983438,40.983438,1000
62012,0.000558864,0.558864,1000
62013,0.000788643,0.788643,1000
62014,0.018602396,18.602396,1000
62015,0.000984281,0.984281,1000
62016,0.001520222,1.520222,1000
62017,0.001167321,1.167321,1000
62018,0.000848118,0.848118,1000
62019,0.001126416,1.126416,1000
62020,0.001351299,1.351299,1000
62021,0.003300287,3.300287,1000
62022,0.00057604,0.57604,1000
62023,0.00101072,1.01072,1000
62024,0.000510387,0.510387,1000
62025,0.002007937,2.007937,1000
62026,0.000665467,0.665467,1000
62027,0.026568717,26.568717,1000
62028,0.004657527,4.657527,1000
62029,0.000709615,0.709615,1000
62030,0.001024048,1.024048,1000
62031,0.001175725,1.175725,1000
62032,0.001267797,1.267797,1000
62033,0.001062502,1.062502,1000
62034,0.027015212,27.015212,1000
62035,0.001006165,1.006165,1000
62036,0.001084789,1.084789,1000
62037,0.001092371,1.092371,1000
62038,0.000825966,0.825966,1000
62039,0.210809928,210.809928,1000
62040,0.001702934,1.702934,1000
62041,0.000674144,0.674144,1000
62042,0.000656196,0.656196,1000
62043,0.001883365,1.883365,1000
62044,0.001517213,1.517213,1000
62045,0.000887599,0.887599,1000
62046,0.001192894,1.192894,1000
62047,0.008426131,8.426131,1000
62048,0.015968242,15.968242,1000
62049,0.000961803,0.961803,1000
62050,0.002918556,2.918556,1000
62051,0.000813123,0.813123,1000
62052,0.003120551,3.120551,1000
62053,0.001040455,1.040455,1000
62054,0.000404185,0.404185,1000
62055,0.001987385,1.987385,1000
62056,0.001520388,1.520388,1000
62057,0.000645836,0.645836,1000
62058,0.002735259,2.735259,1000
62059,0.000838164,0.838164,1000
62060,0.000963771,0.963771,1000
62061,0.001326305,1.326305,1000
62062,0.001218479,1.218479,1000
62063,0.0003654,0.3654,1000
62064,0.001071066,1.071066,1000
62065,0.008432148,8.432148,1000
62066,0.003961683,3.961683,1000
62067,0.028369351,28.369351,1000
62068,0.001609087,1.609087,1000
62069,0.003958378,3.958378,1000
62070,0.008169396,8.169396,1000
62071,0.003142671,3.142671,1000
62072,0.039963306,39.963306,1000
62073,0.002633985,2.633985,1000
62074,0.000683636,0.683636,1000
62075,0.001623754,1.623754,1000
62076,0.006223467,6.223467,1000
62077,0.001295774,1.295774,1000
62078,0.001778676,1.778676,1000
62079,0.001218698,1.218698,1000
62080,0.001039763,1.039763,1000
62081,0.000649232,0.649232,1000
62082,0.000624075,0.624075,1000
62083,0.003058704,3.058704,1000
62084,0.027030693,27.030693,1000
62085,0.001792453,1.792453,1000
62086,0.001044721,1.044721,1000
62087,0.00247214,2.47214,1000
62088,0.007169103,7.169103,1000
62089,0.001632993,1.632993,1000
62090,0.001115959,1.115959,1000
62091,0.00082938,0.82938,1000
62092,0.00104294,1.04294,1000
62093,0.000432476,0.432476,1000
62094,0.000564614,0.564614,1000
62095,0.000798128,0.798128,1000
62096,0.000801321,0.801321,1000
62097,0.00056853,0.56853,1000
62098,0.017170911,17.170911,1000
62099,0.000886378,0.886378,1000
62100,0.00077382,0.77382,1000
62101,0.000715927,0.715927,1000
62102,0.016788212,16.788212,1000
62103,0.000705622,0.705622,1000
62104,0.001588436,1.588436,1000
62105,0.009141278,9.141278,1000
62106,0.00297502,2.97502,1000
62107,0.000896049,0.896049,1000
62108,0.000710365,0.710365,1000
62109,0.000872109,0.872109,1000
62110,0.000723594,0.723594,1000
62111,0.000955037,0.955037,1000
62112,0.210955614,210.955614,1000
62113,0.001081154,1.081154,1000
62114,0.000613792,0.613792,1000
62115,0.009106167,9.106167,1000
62116,0.008087496,8.087496,1000
62117,0.002879097,2.879097,1000
62118,0.00110473,1.10473,1000
62119,0.24618937,246.18937,1000
62120,0.000377252,0.377252,1000
62121,0.097879594,97.879594,1000
62122,0.096899117,96.899117,1000
62123,0.000971256,0.971256,1000
62124,0.001485713,1.485713,1000
62125,0.000878813,0.878813,1000
62126,0.040655369,40.655369,1000
62127,0.000896204,0.896204,1000
62128,0.000655059,0.655059,1000
62129,0.001080555,1.080555,1000
62130,0.001245593,1.245593,1000
62131,0.002946718,2.946718,1000
62132,0.001259563,1.259563,1000
62133,0.000741736,0.741736,1000
62134,0.001336186,1.336186,1000
62135,0.00068181,0.68181,1000
62136,0.000878349,0.878349,1000
62137,0.000473165,0.473165,1000
62138,0.000729945,0.729945,1000
62139,0.001231653,1.231653,1000
62140,0.001092119,1.092119,1000
62141,0.001075344,1.075344,1000
62142,0.368774781,368.774781,1000
62143,0.368848471,368.848471,1000
62144,0.325218324,325.218324,1000
62145,0.02682692,26.82692,1000
62146,0.36889691,368.89691,1000
62147,0.284317988,284.317988,1000
62148,0.008251754,8.251754,1000
62149,0.096800794,96.800794,1000
62150,0.001256398,1.256398,1000
62151,0.001858748,1.858748,1000
62152,0.000881303,0.881303,1000
62153,0.005432733,5.432733,1000
62154,0.001059106,1.059106,1000
62155,0.000721388,0.721388,1000
62156,0.001525076,1.525076,1000
62157,0.00080523,0.80523,1000
62158,0.000663838,0.663838,1000
62159,0.000565586,0.565586,1000
62160,0.595286263,595.286263,1000
62161,0.00105043,1.05043,1000
62162,0.000989125,0.989125,1000
62163,0.001426518,1.426518,1000
62164,0.00114796,1.14796,1000
62165,0.002971366,2.971366,1000
62166,0.000732643,0.732643,1000
62167,0.001147967,1.147967,1000
62168,0.001018207,1.018207,1000
62169,0.001158568,1.158568,1000
62170,0.001086239,1.086239,1000
62171,0.001149144,1.149144,1000
62172,0.012216609,12.216609,1000
62173,0.001026376,1.026376,1000
62174,0.24655604,246.55604,1000
62175,0.000815874,0.815874,1000
62176,0.00122105,1.22105,1000
62177,0.026847544,26.847544,1000
62178,1.211133165,1211.133165,1000
62179,1.048566291,1048.566291,1000
62180,1.580521328,1580.521328,1000
62181,1.080320885,1080.320885,1000
62182,0.000761222,0.761222,1000
62183,0.003546383,3.546383,1000
62184,0.000779669,0.779669,1000
62185,0.012222612,12.222612,1000
62186,0.008626151,8.626151,1000
62187,0.000645528,0.645528,1000
62188,0.000885221,0.885221,1000
62189,0.000897286,0.897286,1000
62190,0.000594911,0.594911,1000
62191,0.001297354,1.297354,1000
62192,0.000781652,0.781652,1000
62193,0.000608287,0.608287,1000
62194,0.000939646,0.939646,1000
62195,0.00081312,0.81312,1000
62196,0.000922584,0.922584,1000
62197,0.000787985,0.787985,1000
62198,0.000853371,0.853371,1000
62199,0.001165063,1.165063,1000
62200,0.000783777,0.783777,1000
62201,0.000500078,0.500078,1000
62202,0.026901509,26.901509,1000
62203,0.001083058,1.083058,1000
62204,0.00072733,0.72733,1000
62205,0.000791795,0.791795,1000
62206,0.007008381,7.008381,1000
62207,0.001097456,1.097456,1000
62208,0.001062495,1.062495,1000
62209,0.001062541,1.062541,1000
62210,0.000881557,0.881557,1000
62211,0.001236791,1.236791,1000
62212,0.000563308,0.563308,1000
62213,0.000881939,0.881939,1000
62214,0.000771323,0.771323,1000
62215,0.002118437,2.118437,1000
62216,0.00104294,1.04294,1000
62217,0.001071133,1.071133,1000
62218,0.001055517,1.055517,1000
62219,0.001011936,1.011936,1000
62220,0.007166658,7.166658,1000
62221,0.000879829,0.879829,1000
62222,0.000825441,0.825441,1000
62223,0.002454375,2.454375,1000
62224,0.001062519,1.062519,1000
62225,0.002561218,2.561218,1000
62226,0.003469039,3.469039,1000
62227,0.075423176,75.423176,1000
62228,0.121532687,121.532687,1000
62229,0.008451965,8.451965,1000
62230,0.000633228,0.633228,1000
62231,0.001008828,1.008828,1000
62232,0.000971106,0.971106,1000
62233,0.000778735,0.778735,1000
62234,0.000888259,0.888259,1000
62235,0.000780573,0.780573,1000
62236,0.00162479,1.62479,1000
62237,0.001749435,1.749435,1000
62238,0.026766396,26.766396,1000
62239,0.027019527,27.019527,1000
62240,0.003087831,3.087831,1000
62241,0.000772561,0.772561,1000
62242,0.097030264,97.030264,1000
62243,0.121566354,121.566354,1000
62244,0.000930448,0.930448,1000
62245,0.008208768,8.208768,1000
62246,0.008163361,8.163361,1000
62247,0.027509935,27.509935,1000
62248,0.000594808,0.594808,1000
62249,0.000752634,0.752634,1000
62250,0.017589238,17.589238,1000
62251,0.003183391,3.183391,1000
62252,0.001062569,1.062569,1000
62253,0.000673314,0.673314,1000
62254,0.009393843,9.393843,1000
62255,0.004520625,4.520625,1000
62256,0.000859728,0.859728,1000
62257,0.00132985,1.32985,1000
62258,0.0013749,1.3749,1000
62259,0.008451098,8.451098,1000
62260,0.001574727,1.574727,1000
62261,0.002343848,2.343848,1000
62262,0.001510527,1.510527,1000
62263,0.000487323,0.487323,1000
62264,0.001327025,1.327025,1000
62265,0.000512669,0.512669,1000
62266,0.001109718,1.109718,1000
62267,0.001080654,1.080654,1000
62268,0.00112596,1.12596,1000
62269,0.001441291,1.441291,1000
62270,0.006582731,6.582731,1000
62271,0.001141219,1.141219,1000
62272,0.000790211,0.790211,1000
62273,0.000844269,0.844269,1000
62274,0.010165801,10.165801,1000
62275,0.002425541,2.425541,1000
62276,0.00494775,4.94775,1000
62277,0.004491683,4.491683,1000
62278,0.002215553,2.215553,1000
62279,0.000478545,0.478545,1000
62280,0.016839971,16.839971,1000
62281,0.000772579,0.772579,1000
62282,0.007932163,7.932163,1000
62283,0.009073037,9.073037,1000
62284,0.003707946,3.707946,1000
62285,0.00334013,3.34013,1000
62286,0.003016506,3.016506,1000
62287,0.001402009,1.402009,1000
62288,0.001913041,1.913041,1000
62289,0.000289913,0.289913,1000
62290,0.000957121,0.957121,1000
62291,0.000611665,0.611665,1000
62292,0.000497539,0.497539,1000
62293,0.000988925,0.988925,1000
62294,0.001179871,1.179871,1000
62295,0.003137073,3.137073,1000
62296,0.000953545,0.953545,1000
62297,0.000687518,0.687518,1000
62298,0.000807507,0.807507,1000
62299,0.00081312,0.81312,1000
62300,0.010459327,10.459327,1000
62301,0.010814426,10.814426,1000
62302,0.000856033,0.856033,1000
62303,0.000678913,0.678913,1000
62304,0.00111888,1.11888,1000
62305,0.000481637,0.481637,1000
62306,0.000664681,0.664681,1000
62307,0.000936316,0.936316,1000
62308,0.006361401,6.361401,1000
62309,0.001073705,1.073705,1000
62310,0.003586526,3.586526,1000
62311,0.000417095,0.417095,1000
62312,0.040466109,40.466109,1000
62313,0.001131756,1.131756,1000
62314,0.00878909,8.78909,1000
62315,0.003401409,3.401409,1000
62316,0.02246316,22.46316,1000
62317,0.000542299,0.542299,1000
62318,0.000960681,0.960681,1000
62319,0.003812375,3.812375,1000
62320,0.000910063,0.910063,1000
62321,0.001062775,1.062775,1000
62322,0.003466169,3.466169,1000
62323,0.178520963,178.520963,1000
62324,0.001020245,1.020245,1000
62325,0.001074462,1.074462,1000
62326,0.000938342,0.938342,1000
62327,0.000993186,0.993186,1000
62328,0.001453666,1.453666,1000
62329,0.001141219,1.141219,1000
62330,0.000881939,0.881939,1000
62331,0.002207987,2.207987,1000
62332,0.000937353,0.937353,1000
62333,0.002143207,2.143207,1000
62334,0.000910444,0.910444,1000
62335,0.000713237,0.713237,1000
62336,0.001480218,1.480218,1000
62337,0.001004655,1.004655,1000
62338,0.000618605,0.618605,1000
62339,0.019293023,19.293023,1000
62340,0.000922263,0.922263,1000
62341,0.02692633,26.92633,1000
62342,0.001817474,1.817474,1000
62343,0.000925975,0.925975,1000
62344,0.001070445,1.070445,1000
62345,0.001258711,1.258711,1000
62346,0.000721716,0.721716,1000
62347,0.001746026,1.746026,1000
62348,0.000686908,0.686908,1000
62349,0.001339507,1.339507,1000
62350,0.00122746,1.22746,1000
62351,0.000629248,0.629248,1000
62352,0.000576923,0.576923,1000
62353,0.001749287,1.749287,1000
62354,0.000515094,0.515094,1000
62355,0.001109718,1.109718,1000
62356,0.000823859,0.823859,1000
62357,0.008892086,8.892086,1000
62358,0.002768462,2.768462,1000
62359,0.000524073,0.524073,1000
62360,0.000948554,0.948554,1000
62361,0.001352825,1.352825,1000
62362,0.000825966,0.825966,1000
62363,0.000979086,0.979086,1000
62364,0.009170561,9.170561,1000
62365,0.001386725,1.386725,1000
62366,0.00046437,0.46437,1000
62367,0.000874381,0.874381,1000
62368,0.001321031,1.321031,1000
62369,0.000481376,0.481376,1000
62370,0.000716943,0.716943,1000
62371,0.001033861,1.033861,1000
62372,0.000640609,0.640609,1000
62373,0.000756603,0.756603,1000
62374,0.001510527,1.510527,1000
62375,0.001248404,1.248404,1000
62376,0.001071027,1.071027,1000
62377,0.000605941,0.605941,1000
62378,0.01886019,18.86019,1000
62379,0.000822982,0.822982,1000
62380,0.000775947,0.775947,1000
62381,0.000937243,0.937243,1000
62382,0.000825969,0.825969,1000
62383,0.00081312,0.81312,1000
62384,0.001325395,1.325395,1000
62385,0.001292623,1.292623,1000
62386,0.001456359,1.456359,1000
62387,0.000813123,0.813123,1000
62388,0.00096142,0.96142,1000
62389,0.000761674,0.761674,1000
62390,0.001262803,1.262803,1000
62391,0.000578462,0.578462,1000
62392,0.001281748,1.281748,1000
62393,0.000781225,0.781225,1000
62394,0.001413158,1.413158,1000
62395,0.000783777,0.783777,1000
62396,0.000729071,0.729071,1000
62397,0.001442162,1.442162,1000
62398,0.00031809,0.31809,1000
62399,0.000815569,0.815569,1000
62400,0.001752734,1.752734,1000
62401,0.001502047,1.502047,1000
62402,0.00078378,0.78378,1000
62403,0.000528473,0.528473,1000
62404,0.000791923,0.791923,1000
62405,0.001413034,1.413034,1000
62406,0.003706376,3.706376,1000
62407,0.001106148,1.106148,1000
62408,0.000278828,0.278828,1000
62409,0.00057769,0.57769,1000
62410,0.00096075,0.96075,1000
62411,0.001071066,1.071066,1000
62412,0.001006227,1.006227,1000
62413,0.00078378,0.78378,1000
62414,0.001369121,1.369121,1000
62415,0.00081312,0.81312,1000
62416,0.002110108,2.110108,1000
62417,0.000581341,0.581341,1000
62418,0.000552534,0.552534,1000
62419,0.001602419,1.602419,1000
62420,0.001461276,1.461276,1000
62421,0.000526389,0.526389,1000
62422,0.000813123,0.813123,1000
62423,0.000494441,0.494441,1000
62424,0.000783777,0.783777,1000
62425,0.000746852,0.746852,1000
62426,0.000783777,0.783777,1000
62427,0.000927233,0.927233,1000
62428,0.000783777,0.783777,1000
62429,0.000802045,0.802045,1000
62430,0.00081312,0.81312,1000
62431,0.003039256,3.039256,1000
62432,0.000783777,0.783777,1000
62433,0.00081312,0.81312,1000
62434,0.000862105,0.862105,1000
62435,0.00081312,0.81312,1000
62436,0.000500294,0.500294,1000
62437,0.000420659,0.420659,1000
62438,0.000784814,0.784814,1000
62439,0.000777819,0.777819,1000
62440,0.004279347,4.279347,1000
62441,0.000825966,0.825966,1000
62442,0.00081312,0.81312,1000
62443,0.001453099,1.453099,1000
62444,0.000592418,0.592418,1000
62445,0.000932127,0.932127,1000
62446,0.001457786,1.457786,1000
62447,0.002873139,2.873139,1000
62448,0.000994833,0.994833,1000
62449,0.001451238,1.451238,1000
62450,0.00371191,3.71191,1000
62451,0.0009015,0.9015,1000
62452,0.000806392,0.806392,1000
62453,0.001256666,1.256666,1000
62454,0.000965346,0.965346,1000
62455,0.000787374,0.787374,1000
62456,0.00066576,0.66576,1000
62457,0.000994104,0.994104,1000
62458,0.00089139,0.89139,1000
62459,0.017899598,17.899598,1000
62460,0.001435452,1.435452,1000
62461,0.001750714,1.750714,1000
62462,0.001584928,1.584928,1000
62463,0.002211248,2.211248,1000
62464,0.001746026,1.746026,1000
62465,0.001351153,1.351153,1000
62466,0.000795471,0.795471,1000
62467,0.000851673,0.851673,1000
62468,0.000697475,0.697475,1000
62469,0.000619371,0.619371,1000
62470,0.001203396,1.203396,1000
62471,0.000993186,0.993186,1000
62472,0.000291795,0.291795,1000
62473,0.00073319,0.73319,1000
62474,0.000730359,0.730359,1000
62475,0.001009371,1.009371,1000
62476,0.001093371,1.093371,1000
62477,0.000783777,0.783777,1000
62478,0.000843305,0.843305,1000
62479,0.001238431,1.238431,1000
62480,0.000948554,0.948554,1000
62481,0.000976736,0.976736,1000
62482,0.000858123,0.858123,1000
62483,0.001220061,1.220061,1000
62484,0.000789613,0.789613,1000
62485,0.002981847,2.981847,1000
62486,0.00105043,1.05043,1000
62487,0.000694897,0.694897,1000
62488,0.003337011,3.337011,1000
62489,0.000788179,0.788179,1000
62490,0.001628219,1.628219,1000
62491,0.00081312,0.81312,1000
62492,0.000826167,0.826167,1000
62493,0.001960104,1.960104,1000
62494,0.001018268,1.018268,1000
62495,0.000792528,0.792528,1000
62496,0.000825969,0.825969,1000
62497,0.00292039,2.92039,1000
62498,0.000510912,0.510912,1000
62499,0.001018268,1.018268,1000
62500,0.001014438,1.014438,1000
62501,0.001460225,1.460225,1000
62502,0.014187855,14.187855,1000
62503,0.001747959,1.747959,1000
62504,0.00612377,6.12377,1000
62505,0.001062502,1.062502,1000
62506,0.001882516,1.882516,1000
62507,0.000792339,0.792339,1000
62508,0.001190355,1.190355,1000
62509,0.023199658,23.199658,1000
62510,0.000780037,0.780037,1000
62511,0.000620025,0.620025,1000
62512,0.004141722,4.141722,1000
62513,0.000757187,0.757187,1000
62514,0.001014292,1.014292,1000
62515,0.001089518,1.089518,1000
62516,0.012956577,12.956577,1000
62517,0.000980723,0.980723,1000
62518,0.00090708,0.90708,1000
62519,0.001194978,1.194978,1000
62520,0.000396236,0.396236,1000
62521,0.000610496,0.610496,1000
62522,0.009891649,9.891649,1000
62523,0.001313066,1.313066,1000
62524,0.00069829,0.69829,1000
62525,0.001322564,1.322564,1000
62526,0.00063045,0.63045,1000
62527,0.001666034,1.666034,1000
62528,0.001335576,1.335576,1000
62529,0.061193911,61.193911,1000
62530,0.001000912,1.000912,1000
62531,0.000884945,0.884945,1000
62532,0.002857609,2.857609,1000
62533,0.000548708,0.548708,1000
62534,0.000760298,0.760298,1000
62535,0.000950488,0.950488,1000
62536,0.002901245,2.901245,1000
62537,0.000625221,0.625221,1000
62538,0.001814232,1.814232,1000
62539,0.000638886,0.638886,1000
62540,0.000515391,0.515391,1000
62541,0.000776619,0.776619,1000
62542,0.006028667,6.028667,1000
62543,0.001979925,1.979925,1000
62544,0.000778823,0.778823,1000
62545,0.000969796,0.969796,1000
62546,0.001020173,1.020173,1000
62547,0.000983772,0.983772,1000
62548,0.000648916,0.648916,1000
62549,0.000718513,0.718513,1000
62550,0.009680802,9.680802,1000
62551,0.00137604,1.37604,1000
62552,0.00073236,0.73236,1000
62553,0.000596035,0.596035,1000
62554,0.001489051,1.489051,1000
62555,0.000729901,0.729901,1000
62556,0.000615137,0.615137,1000
62557,0.00372024,3.72024,1000
62558,0.000993186,0.993186,1000
62559,0.011841377,11.841377,1000
62560,0.001062844,1.062844,1000
62561,0.00070145,0.70145,1000
62562,0.001108475,1.108475,1000
62563,0.001239734,1.239734,1000
62564,0.000742997,0.742997,1000
62565,0.004150764,4.150764,1000
62566,0.001825149,1.825149,1000
62567,0.001396748,1.396748,1000
62568,0.000361898,0.361898,1000
62569,0.000539465,0.539465,1000
62570,0.00155939,1.55939,1000
62571,0.001185415,1.185415,1000
62572,0.000464939,0.464939,1000
62573,0.001178096,1.178096,1000
62574,0.001179595,1.179595,1000
62575,0.000944267,0.944267,1000
62576,0.000340651,0.340651,1000
62577,0.014929401,14.929401,1000
62578,0.000718399,0.718399,1000
62579,0.007146694,7.146694,1000
62580,0.000788082,0.788082,1000
62581,0.001000921,1.000921,1000
62582,0.000803488,0.803488,1000
62583,0.001071105,1.071105,1000
62584,0.00078378,0.78378,1000
62585,0.000883,0.883,1000
62586,0.001698614,1.698614,1000
62587,0.001154811,1.154811,1000
62588,0.001320372,1.320372,1000
62589,0.001821889,1.821889,1000
62590,0.000842473,0.842473,1000
62591,0.000826423,0.826423,1000
62592,0.000492513,0.492513,1000
62593,0.00071771,0.71771,1000
62594,0.001898657,1.898657,1000
62595,0.001062569,1.062569,1000
62596,0.000996404,0.996404,1000
62597,0.022176602,22.176602,1000
62598,0.000643374,0.643374,1000
62599,0.000437785,0.437785,1000
62600,0.001006227,1.006227,1000
62601,0.001155642,1.155642,1000
62602,0.002937069,2.937069,1000
62603,0.000916986,0.916986,1000
62604,0.000728747,0.728747,1000
62605,0.000980065,0.980065,1000
62606,0.001151,1.151,1000
62607,0.002704047,2.704047,1000
62608,0.000608055,0.608055,1000
62609,0.000690394,0.690394,1000
62610,0.001452938,1.452938,1000
62611,0.000586894,0.586894,1000
62612,0.000619552,0.619552,1000
62613,0.000931683,0.931683,1000
62614,0.002407478,2.407478,1000
62615,0.000948554,0.948554,1000
62616,0.001547479,1.547479,1000
62617,0.000990922,0.990922,1000
62618,0.000864606,0.864606,1000
62619,0.001011936,1.011936,1000
62620,0.000867203,0.867203,1000
62621,0.000946783,0.946783,1000
62622,0.001825149,1.825149,1000
62623,0.013955354,13.955354,1000
62624,0.001031114,1.031114,1000
62625,0.000988925,0.988925,1000
62626,0.001612597,1.612597,1000
62627,0.000814338,0.814338,1000
62628,0.00106709,1.06709,1000
62629,0.00057696,0.57696,1000
62630,0.000830857,0.830857,1000
62631,0.001057371,1.057371,1000
62632,0.001415033,1.415033,1000
62633,0.001044721,1.044721,1000
62634,0.000982864,0.982864,1000
62635,0.002013727,2.013727,1000
62636,0.001071133,1.071133,1000
62637,0.001152443,1.152443,1000
62638,0.017383394,17.383394,1000
62639,0.002079101,2.079101,1000
62640,0.000561657,0.561657,1000
62641,0.000601463,0.601463,1000
62642,0.000935472,0.935472,1000
62643,0.002969508,2.969508,1000
62644,0.000745914,0.745914,1000
62645,0.000992277,0.992277,1000
62646,0.002212675,2.212675,1000
62647,0.001154656,1.154656,1000
62648,0.000925819,0.925819,1000
62649,0.001453666,1.453666,1000
62650,0.000871832,0.871832,1000
62651,0.000853193,0.853193,1000
62652,0.000990932,0.990932,1000
62653,0.000887973,0.887973,1000
62654,0.000993124,0.993124,1000
62655,0.000511606,0.511606,1000
62656,0.000890655,0.890655,1000
62657,0.001042957,1.042957,1000
62658,0.001185546,1.185546,1000
62659,0.000918245,0.918245,1000
62660,0.00035045,0.35045,1000
62661,0.008171785,8.171785,1000
62662,0.000484014,0.484014,1000
62663,0.008159869,8.159869,1000
62664,0.001015484,1.015484,1000
62665,0.000389819,0.389819,1000
62666,0.001103286,1.103286,1000
62667,0.000397493,0.397493,1000
62668,0.000999358,0.999358,1000
62669,0.002785204,2.785204,1000
62670,0.008094455,8.094455,1000
62671,0.002996195,2.996195,1000
62672,0.000573032,0.573032,1000
62673,0.00103168,1.03168,1000
62674,0.002879477,2.879477,1000
62675,0.001020861,1.020861,1000
62676,0.01608836,16.08836,1000
62677,0.00060486,0.60486,1000
62678,0.000981892,0.981892,1000
62679,0.040008784,40.008784,1000
62680,0.001006227,1.006227,1000
62681,0.001133092,1.133092,1000
62682,0.00065335,0.65335,1000
62683,0.001015484,1.015484,1000
62684,0.000714779,0.714779,1000
62685,0.00121688,1.21688,1000
62686,0.001006227,1.006227,1000
62687,0.000759908,0.759908,1000
62688,0.000816085,0.816085,1000
62689,0.004536746,4.536746,1000
62690,0.000713422,0.713422,1000
62691,0.000762299,0.762299,1000
62692,0.000801904,0.801904,1000
62693,0.000426793,0.426793,1000
62694,0.00804453,8.04453,1000
62695,0.001022718,1.022718,1000
62696,0.002419551,2.419551,1000
62697,0.000493776,0.493776,1000
62698,0.002781316,2.781316,1000
62699,0.007950856,7.950856,1000
62700,0.001321031,1.321031,1000
62701,0.003016953,3.016953,1000
62702,0.00063746,0.63746,1000
62703,0.000907745,0.907745,1000
62704,0.000948554,0.948554,1000
62705,0.000878351,0.878351,1000
62706,0.000801922,0.801922,1000
62707,0.000933734,0.933734,1000
62708,0.001131879,1.131879,1000
62709,0.000438958,0.438958,1000
62710,0.001285085,1.285085,1000
62711,0.000665183,0.665183,1000
62712,0.00115881,1.15881,1000
62713,0.016416225,16.416225,1000
62714,0.007724093,7.724093,1000
62715,0.001648317,1.648317,1000
62716,0.004467466,4.467466,1000
62717,0.016659482,16.659482,1000
62718,0.001342654,1.342654,1000
62719,0.000924926,0.924926,1000
62720,0.001015165,1.015165,1000
62721,0.004678051,4.678051,1000
62722,0.002956187,2.956187,1000
62723,0.003074927,3.074927,1000
62724,0.013331982,13.331982,1000
62725,0.000795368,0.795368,1000
62726,0.000993186,0.993186,1000
62727,0.001020178,1.020178,1000
62728,0.00816902,8.16902,1000
62729,0.00070942,0.70942,1000
62730,0.008108476,8.108476,1000
62731,0.00078404,0.78404,1000
62732,0.000970667,0.970667,1000
62733,0.002647991,2.647991,1000
62734,0.000599907,0.599907,1000
62735,0.000427549,0.427549,1000
62736,0.000853631,0.853631,1000
62737,0.001438108,1.438108,1000
62738,0.000887674,0.887674,1000
62739,0.024551303,24.551303,1000
62740,0.000694085,0.694085,1000
62741,0.001139995,1.139995,1000
62742,0.000582554,0.582554,1000
62743,0.000772579,0.772579,1000
62744,0.005790779,5.790779,1000
62745,0.000769844,0.769844,1000
62746,0.000877531,0.877531,1000
62747,0.000707429,0.707429,1000
62748,0.001394257,1.394257,1000
62749,0.002748951,2.748951,1000
62750,0.004683593,4.683593,1000
62751,0.000754701,0.754701,1000
62752,0.00810964,8.10964,1000
62753,0.06020291,60.20291,1000
62754,0.007176933,7.176933,1000
62755,0.00137604,1.37604,1000
62756,0.000624905,0.624905,1000
62757,0.001867142,1.867142,1000
62758,0.008027209,8.027209,1000
62759,0.001153677,1.153677,1000
62760,0.001062519,1.062519,1000
62761,0.000963897,0.963897,1000
62762,0.001018268,1.018268,1000
62763,0.001124571,1.124571,1000
62764,0.000935513,0.935513,1000
62765,0.001552277,1.552277,1000
62766,0.000402727,0.402727,1000
62767,0.000887857,0.887857,1000
62768,0.00155517,1.55517,1000
62769,0.001174739,1.174739,1000
62770,0.000761888,0.761888,1000
62771,0.00068548,0.68548,1000
62772,0.000685238,0.685238,1000
62773,0.000783777,0.783777,1000
62774,0.001242902,1.242902,1000
62775,0.000818027,0.818027,1000
62776,0.000783777,0.783777,1000
62777,0.000721451,0.721451,1000
62778,0.001674703,1.674703,1000
62779,0.007978566,7.978566,1000
62780,0.000846648,0.846648,1000
62781,0.002397057,2.397057,1000
62782,0.00153273,1.53273,1000
62783,0.001190355,1.190355,1000
62784,0.001273342,1.273342,1000
62785,0.001062519,1.062519,1000
62786,0.000962684,0.962684,1000
62787,0.000686506,0.686506,1000
62788,0.000830577,0.830577,1000
62789,0.000606876,0.606876,1000
62790,0.000523898,0.523898,1000
62791,0.002593644,2.593644,1000
62792,0.00114796,1.14796,1000
62793,0.003052694,3.052694,1000
62794,0.001033937,1.033937,1000
62795,0.000592061,0.592061,1000
62796,0.001523648,1.523648,1000
62797,0.000827305,0.827305,1000
62798,0.001062569,1.062569,1000
62799,0.00124786,1.24786,1000
62800,0.008107309,8.107309,1000
62801,0.001358534,1.358534,1000
62802,0.000832711,0.832711,1000
62803,0.012339622,12.339622,1000
62804,0.008797659,8.797659,1000
62805,0.001096676,1.096676,1000
62806,0.000919,0.919,1000
62807,0.008057591,8.057591,1000
62808,0.000963077,0.963077,1000
62809,0.000823423,0.823423,1000
62810,0.001071133,1.071133,1000
62811,0.001018268,1.018268,1000
62812,0.007901149,7.901149,1000
62813,0.009923967,9.923967,1000
62814,0.003093381,3.093381,1000
62815,0.002733168,2.733168,1000
62816,0.00100334,1.00334,1000
62817,0.000762056,0.762056,1000
62818,0.001043227,1.043227,1000
62819,0.000656318,0.656318,1000
62820,0.000500295,0.500295,1000
62821,0.001412095,1.412095,1000
62822,0.005009857,5.009857,1000
62823,0.0005556,0.5556,1000
62824,0.001254746,1.254746,1000
62825,0.001520388,1.520388,1000
62826,0.001251053,1.251053,1000
62827,0.001694707,1.694707,1000
62828,0.000773759,0.773759,1000
62829,0.000948903,0.948903,1000
62830,0.001147967,1.147967,1000
62831,0.000985207,0.985207,1000
62832,0.000689878,0.689878,1000
62833,0.000463562,0.463562,1000
62834,0.000714779,0.714779,1000
62835,0.001507106,1.507106,1000
62836,0.001232437,1.232437,1000
62837,0.000825966,0.825966,1000
62838,0.000460817,0.460817,1000
62839,0.004293794,4.293794,1000
62840,0.000749081,0.749081,1000
62841,0.00120267,1.20267,1000
62842,0.000728391,0.728391,1000
62843,0.004595179,4.595179,1000
62844,0.000734321,0.734321,1000
62845,0.001110703,1.110703,1000
62846,0.173188127,173.188127,1000
62847,0.000775947,0.775947,1000
62848,0.000724316,0.724316,1000
62849,0.026615743,26.615743,1000
62850,0.000822342,0.822342,1000
62851,0.00959198,9.59198,1000
62852,0.000707984,0.707984,1000
62853,0.001011253,1.011253,1000
62854,0.000993186,0.993186,1000
62855,0.000897666,0.897666,1000
62856,0.001860901,1.860901,1000
62857,0.000965094,0.965094,1000
62858,0.000783777,0.783777,1000
62859,0.000849888,0.849888,1000
62860,0.000764193,0.764193,1000
62861,0.000886349,0.886349,1000
62862,0.001071066,1.071066,1000
62863,0.001514928,1.514928,1000
62864,0.000365526,0.365526,1000
62865,0.001011936,1.011936,1000
62866,0.001584953,1.584953,1000
62867,0.000833198,0.833198,1000
62868,0.001062541,1.062541,1000
62869,0.001163151,1.163151,1000
62870,0.000828901,0.828901,1000
62871,0.000931308,0.931308,1000
62872,0.001953411,1.953411,1000
62873,0.00082768,0.82768,1000
62874,0.000666258,0.666258,1000
62875,0.00094155,0.94155,1000
62876,0.00081312,0.81312,1000
62877,0.001018413,1.018413,1000
62878,0.001062519,1.062519,1000
62879,0.001106026,1.106026,1000
62880,0.006810679,6.810679,1000
62881,0.000351238,0.351238,1000
62882,0.001061816,1.061816,1000
62883,0.00154775,1.54775,1000
62884,0.002499928,2.499928,1000
62885,0.001144963,1.144963,1000
62886,0.00138256,1.38256,1000
62887,0.001055984,1.055984,1000
62888,0.00103168,1.03168,1000
62889,0.010705884,10.705884,1000
62890,0.001132346,1.132346,1000
62891,0.00049666,0.49666,1000
62892,0.000817085,0.817085,1000
62893,0.002749789,2.749789,1000
62894,0.002382455,2.382455,1000
62895,0.000390671,0.390671,1000
62896,0.004120969,4.120969,1000
62897,0.000882649,0.882649,1000
62898,0.001856605,1.856605,1000
62899,0.000825969,0.825969,1000
62900,0.001088629,1.088629,1000
62901,0.001209105,1.209105,1000
62902,0.001072867,1.072867,1000
62903,0.000825966,0.825966,1000
62904,0.001105977,1.105977,1000
62905,0.000978669,0.978669,1000
62906,0.000783777,0.783777,1000
62907,0.001234602,1.234602,1000
62908,0.000639627,0.639627,1000
62909,0.001238495,1.238495,1000
62910,0.001016871,1.016871,1000
62911,0.000800064,0.800064,1000
62912,0.001289914,1.289914,1000
62913,0.000579636,0.579636,1000
62914,0.000656762,0.656762,1000
62915,0.001046706,1.046706,1000
62916,0.000905728,0.905728,1000
62917,0.001200984,1.200984,1000
62918,0.001825149,1.825149,1000
62919,0.001552939,1.552939,1000
62920,0.00073043,0.73043,1000
62921,0.001558369,1.558369,1000
62922,0.001001139,1.001139,1000
62923,0.000809022,0.809022,1000
62924,0.000794659,0.794659,1000
62925,0.001323367,1.323367,1000
62926,0.003974329,3.974329,1000
62927,0.001040586,1.040586,1000
62928,0.003061698,3.061698,1000
62929,0.000995922,0.995922,1000
62930,0.002777251,2.777251,1000
62931,0.002083101,2.083101,1000
62932,0.005675554,5.675554,1000
62933,0.000705603,0.705603,1000
62934,0.001013505,1.013505,1000
62935,0.001143068,1.143068,1000
62936,0.005243026,5.243026,1000
62937,0.000787444,0.787444,1000
62938,0.000783777,0.783777,1000
62939,0.000885577,0.885577,1000
62940,0.000351731,0.351731,1000
62941,0.00077695,0.77695,1000
62942,0.00097095,0.97095,1000
62943,0.001272605,1.272605,1000
62944,0.002290131,2.290131,1000
62945,0.002026499,2.026499,1000
62946,0.008239293,8.239293,1000
62947,0.001178229,1.178229,1000
62948,0.000863008,0.863008,1000
62949,0.000724256,0.724256,1000
62950,0.003032635,3.032635,1000
62951,0.000470364,0.470364,1000
62952,0.00168396,1.68396,1000
62953,0.015240387,15.240387,1000
62954,0.001597191,1.597191,1000
62955,0.000412255,0.412255,1000
62956,0.000716228,0.716228,1000
62957,0.001217809,1.217809,1000
62958,0.000725804,0.725804,1000
62959,0.000837416,0.837416,1000
62960,0.002843399,2.843399,1000
62961,0.000953545,0.953545,1000
62962,0.001011936,1.011936,1000
62963,0.002696695,2.696695,1000
62964,0.001006227,1.006227,1000
62965,0.00119348,1.19348,1000
62966,0.000401904,0.401904,1000
62967,0.000775838,0.775838,1000
62968,0.00115367,1.15367,1000
62969,0.0003362,0.3362,1000
62970,0.000936391,0.936391,1000
62971,0.001144711,1.144711,1000
62972,0.003364511,3.364511,1000
62973,0.000668793,0.668793,1000
62974,0.001075333,1.075333,1000
62975,0.000845085,0.845085,1000
62976,0.00214506,2.14506,1000
62977,0.00118873,1.18873,1000
62978,0.001249753,1.249753,1000
62979,0.001013753,1.013753,1000
62980,0.00023768,0.23768,1000
62981,0.00138256,1.38256,1000
62982,0.000977131,0.977131,1000
62983,0.007999575,7.999575,1000
62984,0.001096676,1.096676,1000
62985,0.008705553,8.705553,1000
62986,0.001260212,1.260212,1000
62987,0.014514014,14.514014,1000
62988,0.001203308,1.203308,1000
62989,0.003273661,3.273661,1000
62990,0.000258858,0.258858,1000
62991,0.000818475,0.818475,1000
62992,0.00040872,0.40872,1000
62993,0.000953485,0.953485,1000
62994,0.000612175,0.612175,1000
62995,0.000460263,0.460263,1000
62996,0.000780521,0.780521,1000
62997,0.001055503,1.055503,1000
62998,0.000778707,0.778707,1000
62999,0.000617347,0.617347,1000
63000,0.000368246,0.368246,1000
63001,0.000993186,0.993186,1000
63002,0.001548589,1.548589,1000
63003,0.001170358,1.170358,1000
63004,0.001153677,1.153677,1000
63005,0.000885285,0.885285,1000
63006,0.000347814,0.347814,1000
63007,0.000977346,0.977346,1000
63008,0.001288663,1.288663,1000
63009,0.001446869,1.446869,1000
63010,0.000780725,0.780725,1000
63011,0.000781062,0.781062,1000
63012,0.001382683,1.382683,1000
63013,0.000878008,0.878008,1000
63014,0.001062519,1.062519,1000
63015,0.001154836,1.154836,1000
63016,0.001228897,1.228897,1000
63017,0.000929858,0.929858,1000
63018,0.001819034,1.819034,1000
63019,0.000913511,0.913511,1000
63020,0.000649743,0.649743,1000
63021,0.000866828,0.866828,1000
63022,0.001167729,1.167729,1000
63023,0.00801502,8.01502,1000
63024,0.000232564,0.232564,1000
63025,0.001214285,1.214285,1000
63026,0.000596653,0.596653,1000
63027,0.016152321,16.152321,1000
63028,0.000928141,0.928141,1000
63029,0.000705908,0.705908,1000
63030,0.000935026,0.935026,1000
63031,0.003773565,3.773565,1000
63032,0.000873492,0.873492,1000
63033,0.000784351,0.784351,1000
63034,0.000882945,0.882945,1000
63035,0.000816569,0.816569,1000
63036,0.000973913,0.973913,1000
63037,0.000730334,0.730334,1000
63038,0.00101825,1.01825,1000
63039,0.00118376,1.18376,1000
63040,0.000937243,0.937243,1000
63041,0.003694361,3.694361,1000
63042,0.001058621,1.058621,1000
63043,0.000949148,0.949148,1000
63044,0.009204184,9.204184,1000
63045,0.000596007,0.596007,1000
63046,0.001043045,1.043045,1000
63047,0.000271148,0.271148,1000
63048,0.001145252,1.145252,1000
63049,0.001286442,1.286442,1000
63050,0.056309467,56.309467,1000
63051,0.148456245,148.456245,1000
63052,0.096917408,96.917408,1000
63053,0.027064363,27.064363,1000
63054,0.097145524,97.145524,1000
63055,0.12135618,121.35618,1000
63056,0.09725152,97.25152,1000
63057,0.211028153,211.028153,1000
63058,0.121217455,121.217455,1000
63059,0.24629366,246.29366,1000
63060,0.097050007,97.050007,1000
63061,0.09703606,97.03606,1000
63062,0.040072376,40.072376,1000
63063,0.28451124,284.51124,1000
63064,0.211095509,211.095509,1000
63065,0.04019379,40.19379,1000
63066,0.075095071,75.095071,1000
63067,0.148594468,148.594468,1000
63068,0.056322386,56.322386,1000
63069,0.097833864,97.833864,1000
63070,0.179247917,179.247917,1000
63071,0.056554375,56.554375,1000
63072,0.121330279,121.330279,1000
63073,0.14864568,148.64568,1000
63074,0.178423259,178.423259,1000
63075,0.14850758,148.50758,1000
63076,0.056565527,56.565527,1000
63077,0.17834632,178.34632,1000
63078,0.075100587,75.100587,1000
63079,0.097001591,97.001591,1000
63080,0.000659829,0.659829,1000
63081,0.000719797,0.719797,1000
63082,0.000929511,0.929511,1000
63083,0.000720558,0.720558,1000
63084,0.000896806,0.896806,1000
63085,0.003703799,3.703799,1000
63086,0.008005009,8.005009,1000
63087,0.001136076,1.136076,1000
63088,0.001162704,1.162704,1000
63089,0.001082565,1.082565,1000
63090,0.002817049,2.817049,1000
63091,0.000919082,0.919082,1000
63092,0.001609087,1.609087,1000
63093,0.001385415,1.385415,1000
63094,0.001087586,1.087586,1000
63095,0.008746744,8.746744,1000
63096,0.000711001,0.711001,1000
63097,0.000628367,0.628367,1000
63098,0.00117751,1.17751,1000
63099,0.001136351,1.136351,1000
63100,0.002148818,2.148818,1000
63101,0.000669568,0.669568,1000
63102,0.000677745,0.677745,1000
63103,0.001079536,1.079536,1000
63104,0.00129342,1.29342,1000
63105,0.001324365,1.324365,1000
63106,0.00408075,4.08075,1000
63107,0.000624167,0.624167,1000
63108,0.000503921,0.503921,1000
63109,0.001491057,1.491057,1000
63110,0.00087037,0.87037,1000
63111,0.006967272,6.967272,1000
63112,0.000525523,0.525523,1000
63113,0.000862108,0.862108,1000
63114,0.002280073,2.280073,1000
63115,0.000845491,0.845491,1000
63116,0.000878358,0.878358,1000
63117,0.000522298,0.522298,1000
63118,0.000591216,0.591216,1000
63119,0.001097456,1.097456,1000
63120,0.001701991,1.701991,1000
63121,0.001244754,1.244754,1000
63122,0.000665361,0.665361,1000
63123,0.001243259,1.243259,1000
63124,0.000859882,0.859882,1000
63125,0.000626337,0.626337,1000
63126,0.001749287,1.749287,1000
63127,0.001062519,1.062519,1000
63128,0.001490211,1.490211,1000
63129,0.001328059,1.328059,1000
63130,0.00084433,0.84433,1000
63131,0.000659965,0.659965,1000
63132,0.002779141,2.779141,1000
63133,0.000827219,0.827219,1000
63134,0.000920943,0.920943,1000
63135,0.000886719,0.886719,1000
63136,0.001126795,1.126795,1000
63137,0.001215205,1.215205,1000
63138,0.000881019,0.881019,1000
63139,0.00033206,0.33206,1000
63140,0.001070733,1.070733,1000
63141,0.001281407,1.281407,1000
63142,0.000787408,0.787408,1000
63143,0.001062541,1.062541,1000
63144,0.002681161,2.681161,1000
63145,0.003948097,3.948097,1000
63146,0.000423259,0.423259,1000
63147,0.001491588,1.491588,1000
63148,0.001681848,1.681848,1000
63149,0.000988925,0.988925,1000
63150,0.001644986,1.644986,1000
63151,0.004579551,4.579551,1000
63152,0.000989306,0.989306,1000
63153,0.0013895,1.3895,1000
63154,0.001088576,1.088576,1000
63155,0.008378965,8.378965,1000
63156,0.004162649,4.162649,1000
63157,0.000376575,0.376575,1000
63158,0.000754246,0.754246,1000
63159,0.002955257,2.955257,1000
63160,0.000560559,0.560559,1000
63161,0.000790664,0.790664,1000
63162,0.000855235,0.855235,1000
63163,0.000992443,0.992443,1000
63164,0.00179721,1.79721,1000
63165,0.003166688,3.166688,1000
63166,0.000874561,0.874561,1000
63167,0.000578177,0.578177,1000
63168,0.000567286,0.567286,1000
63169,0.001382615,1.382615,1000
63170,0.000976813,0.976813,1000
63171,0.00069333,0.69333,1000
63172,0.000608588,0.608588,1000
63173,0.001426804,1.426804,1000
63174,0.001607469,1.607469,1000
63175,0.003101413,3.101413,1000
63176,0.001097456,1.097456,1000
63177,0.000896373,0.896373,1000
63178,0.000799769,0.799769,1000
63179,0.002708209,2.708209,1000
63180,0.000840581,0.840581,1000
63181,0.001737906,1.737906,1000
63182,0.001335153,1.335153,1000
63183,0.000739178,0.739178,1000
63184,0.000992512,0.992512,1000
63185,0.001150292,1.150292,1000
63186,0.000447103,0.447103,1000
63187,0.002674836,2.674836,1000
63188,0.000751476,0.751476,1000
63189,0.003821051,3.821051,1000
63190,0.001206519,1.206519,1000
63191,0.005404401,5.404401,1000
63192,0.001147967,1.147967,1000
63193,0.000295918,0.295918,1000
63194,0.000621653,0.621653,1000
63195,0.000798611,0.798611,1000
63196,0.001062519,1.062519,1000
63197,0.000840044,0.840044,1000
63198,0.001345922,1.345922,1000
63199,0.002788243,2.788243,1000
63200,0.00028687,0.28687,1000
63201,0.001252391,1.252391,1000
63202,0.001159546,1.159546,1000
63203,0.000841105,0.841105,1000
63204,0.000844585,0.844585,1000
63205,0.008179759,8.179759,1000
63206,0.008025276,8.025276,1000
63207,0.026862841,26.862841,1000
63208,0.000625236,0.625236,1000
63209,0.016146768,16.146768,1000
63210,0.096818219,96.818219,1000
63211,0.008094602,8.094602,1000
63212,0.003585504,3.585504,1000
63213,0.016362727,16.362727,1000
63214,0.040293653,40.293653,1000
63215,0.016185471,16.185471,1000
63216,0.003043119,3.043119,1000
63217,0.026553988,26.553988,1000
63218,0.002929385,2.929385,1000
63219,0.016195928,16.195928,1000
63220,0.040076797,40.076797,1000
63221,0.040087916,40.087916,1000
63222,0.00805387,8.05387,1000
63223,0.016137719,16.137719,1000
63224,0.007940064,7.940064,1000
63225,0.040144083,40.144083,1000
63226,0.016489702,16.489702,1000
63227,0.075300692,75.300692,1000
63228,0.000744498,0.744498,1000
63229,0.001566002,1.566002,1000
63230,0.008064013,8.064013,1000
63231,0.00802759,8.02759,1000
63232,0.004330852,4.330852,1000
63233,0.056237271,56.237271,1000
63234,0.06457915,64.57915,1000
63235,0.000593863,0.593863,1000
63236,0.00090882,0.90882,1000
63237,0.001190308,1.190308,1000
63238,0.000831562,0.831562,1000
63239,0.03648639,36.48639,1000
63240,0.000641311,0.641311,1000
63241,0.000735355,0.735355,1000
63242,0.000825966,0.825966,1000
63243,0.000667461,0.667461,1000
63244,0.00105043,1.05043,1000
63245,0.008129549,8.129549,1000
63246,0.00081312,0.81312,1000
63247,0.001907976,1.907976,1000
63248,0.000872036,0.872036,1000
63249,0.001891108,1.891108,1000
63250,0.000485622,0.485622,1000
63252,0.000814768,0.814768,1000
63253,0.000497733,0.497733,1000
63254,0.00093015,0.93015,1000
63255,0.001151,1.151,1000
63256,0.000728433,0.728433,1000
63257,0.003056818,3.056818,1000
63258,0.000915991,0.915991,1000
63259,0.001006908,1.006908,1000
63260,0.000504459,0.504459,1000
63261,0.003258064,3.258064,1000
63262,0.010468626,10.468626,1000
63263,0.006276454,6.276454,1000
63264,0.000904624,0.904624,1000
63265,0.000725587,0.725587,1000
63266,0.000976813,0.976813,1000
63267,0.000763894,0.763894,1000
63268,0.000907481,0.907481,1000
63269,0.004591817,4.591817,1000
63270,0.000838241,0.838241,1000
63271,0.0005153,0.5153,1000
63272,0.001071133,1.071133,1000
63273,0.000987737,0.987737,1000
63274,0.000455185,0.455185,1000
63275,0.001188797,1.188797,1000
63276,0.001042957,1.042957,1000
63277,0.000730523,0.730523,1000
63278,0.001054464,1.054464,1000
63279,0.000825966,0.825966,1000
63280,0.001076691,1.076691,1000
63281,0.000934682,0.934682,1000
63282,0.001104592,1.104592,1000
63283,0.002874515,2.874515,1000
63284,0.000619996,0.619996,1000
63285,0.000741354,0.741354,1000
63286,0.002291032,2.291032,1000
63287,0.002861365,2.861365,1000
63288,0.001155945,1.155945,1000
63289,0.001732031,1.732031,1000
63290,0.00098745,0.98745,1000
63291,0.000777415,0.777415,1000
63292,0.001152522,1.152522,1000
63293,0.007131197,7.131197,1000
63294,0.000589931,0.589931,1000
63295,0.008165818,8.165818,1000
63296,0.000790244,0.790244,1000
63297,0.002145657,2.145657,1000
63298,0.001110229,1.110229,1000
63299,0.000844984,0.844984,1000
63300,0.009142705,9.142705,1000
63301,0.001820091,1.820091,1000
63302,0.000782911,0.782911,1000
63303,0.000780584,0.780584,1000
63304,0.001168152,1.168152,1000
63305,0.000870238,0.870238,1000
63306,0.001061351,1.061351,1000
63307,0.001116205,1.116205,1000
63308,0.001006323,1.006323,1000
63309,0.000358642,0.358642,1000
63310,0.000776674,0.776674,1000
63311,0.00106236,1.06236,1000
63312,0.00086755,0.86755,1000
63313,0.007942723,7.942723,1000
63314,0.00305913,3.05913,1000
63315,0.001010772,1.010772,1000
63316,0.000812048,0.812048,1000
63317,0.002942367,2.942367,1000
63318,0.002963872,2.963872,1000
63319,0.000712673,0.712673,1000
63320,0.001453099,1.453099,1000
63321,0.002866662,2.866662,1000
63322,0.000840908,0.840908,1000
63323,0.002120545,2.120545,1000
63324,0.000994725,0.994725,1000
63325,0.001226841,1.226841,1000
63326,0.001006227,1.006227,1000
63327,0.000508619,0.508619,1000
63328,0.003164625,3.164625,1000
63329,0.000692653,0.692653,1000
63330,0.000601403,0.601403,1000
63331,0.00125593,1.25593,1000
63332,0.001109115,1.109115,1000
63333,0.000827254,0.827254,1000
63334,0.00103155,1.03155,1000
63335,0.002849279,2.849279,1000
63336,0.000973784,0.973784,1000
63337,0.001061504,1.061504,1000
63338,0.000772641,0.772641,1000
63339,0.000502037,0.502037,1000
63340,0.00114796,1.14796,1000
63341,0.001377888,1.377888,1000
63342,0.001257904,1.257904,1000
63343,0.00083967,0.83967,1000
63344,0.000711673,0.711673,1000
63345,0.000751544,0.751544,1000
63346,0.000554507,0.554507,1000
63347,0.016064055,16.064055,1000
63348,0.001023764,1.023764,1000
63349,0.001152443,1.152443,1000
63350,0.000820712,0.820712,1000
63351,0.00103168,1.03168,1000
63352,0.001613369,1.613369,1000
63353,0.000575865,0.575865,1000
63354,0.000375222,0.375222,1000
63355,0.0011331,1.1331,1000
63356,0.029517637,29.517637,1000
63357,0.001152443,1.152443,1000
63358,0.001042979,1.042979,1000
63359,0.000861315,0.861315,1000
63360,0.000915138,0.915138,1000
63361,0.000764692,0.764692,1000
63362,0.000689919,0.689919,1000
63363,0.0015091,1.5091,1000
63364,0.001604228,1.604228,1000
63365,0.000855271,0.855271,1000
63366,0.001153838,1.153838,1000
63367,0.000926543,0.926543,1000
63368,0.000775622,0.775622,1000
63369,0.002921353,2.921353,1000
63370,0.000553502,0.553502,1000
63371,0.000599003,0.599003,1000
63372,0.001236126,1.236126,1000
63373,0.000812392,0.812392,1000
63374,0.000780425,0.780425,1000
63375,0.000500139,0.500139,1000
63376,0.000714183,0.714183,1000
63377,0.00816727,8.16727,1000
63378,0.011555939,11.555939,1000
63379,0.001911866,1.911866,1000
63380,0.001042957,1.042957,1000
63381,0.00061975,0.61975,1000
63382,0.001151,1.151,1000
63383,0.000896699,0.896699,1000
63384,0.000504763,0.504763,1000
63385,0.000409545,0.409545,1000
63386,0.000434645,0.434645,1000
63387,0.000551104,0.551104,1000
63388,0.000600873,0.600873,1000
63389,0.001015256,1.015256,1000
63390,0.00054105,0.54105,1000
63391,0.0009947,0.9947,1000
63392,0.000513059,0.513059,1000
63393,0.001037608,1.037608,1000
63394,0.000465693,0.465693,1000
63395,0.00598858,5.98858,1000
63396,0.000980613,0.980613,1000
63397,0.003053388,3.053388,1000
63398,0.001016392,1.016392,1000
63399,0.012069207,12.069207,1000
63400,0.001785831,1.785831,1000
63401,0.012958287,12.958287,1000
63402,0.000868526,0.868526,1000
63403,0.000900109,0.900109,1000
63404,0.001312743,1.312743,1000
63405,0.00498387,4.98387,1000
63406,0.001448297,1.448297,1000
63407,0.001196334,1.196334,1000
63408,0.001062502,1.062502,1000
63409,0.00099491,0.99491,1000
63410,0.002853642,2.853642,1000
63411,0.001592071,1.592071,1000
63412,0.000670002,0.670002,1000
63413,0.001892284,1.892284,1000
63414,0.000878264,0.878264,1000
63415,0.000963035,0.963035,1000
63416,0.000993186,0.993186,1000
63417,0.000945063,0.945063,1000
63418,0.000592047,0.592047,1000
63419,0.000500294,0.500294,1000
63420,0.00063854,0.63854,1000
63421,0.001070445,1.070445,1000
63422,0.00111859,1.11859,1000
63423,0.001097456,1.097456,1000
63424,0.012164403,12.164403,1000
63425,0.001933114,1.933114,1000
63426,0.000927464,0.927464,1000
63427,0.00070647,0.70647,1000
63428,0.001457948,1.457948,1000
63429,0.000279278,0.279278,1000
63430,0.006401732,6.401732,1000
63431,0.004847115,4.847115,1000
63432,0.005295674,5.295674,1000
63433,0.000885202,0.885202,1000
63434,0.001010701,1.010701,1000
63435,0.000680068,0.680068,1000
63436,0.000756209,0.756209,1000
63437,0.00092839,0.92839,1000
63438,0.001042957,1.042957,1000
63439,0.001155282,1.155282,1000
63440,0.000753323,0.753323,1000
63441,0.001380038,1.380038,1000
63442,0.00104294,1.04294,1000
63443,0.000913025,0.913025,1000
63444,0.000597826,0.597826,1000
63445,0.000882441,0.882441,1000
63446,0.00091679,0.91679,1000
63447,0.002718339,2.718339,1000
63448,0.0073097,7.3097,1000
63449,0.001775922,1.775922,1000
63450,0.000943305,0.943305,1000
63451,0.001331809,1.331809,1000
63452,0.001446011,1.446011,1000
63453,0.001144266,1.144266,1000
63454,0.000783777,0.783777,1000
63455,0.003149917,3.149917,1000
63456,0.001319304,1.319304,1000
63457,0.000908547,0.908547,1000
63458,0.000935513,0.935513,1000
63459,0.000976813,0.976813,1000
63460,0.000929103,0.929103,1000
63461,0.001317245,1.317245,1000
63462,0.000659926,0.659926,1000
63463,0.00137604,1.37604,1000
63464,0.001413817,1.413817,1000
63465,0.001329558,1.329558,1000
63466,0.001607469,1.607469,1000
63467,0.001343248,1.343248,1000
63468,0.000772579,0.772579,1000
63469,0.002822445,2.822445,1000
63470,0.000818826,0.818826,1000
63471,0.06457589,64.57589,1000
63472,0.00030037,0.30037,1000
63473,0.005555067,5.555067,1000
63474,0.000773157,0.773157,1000
63475,0.000858684,0.858684,1000
63476,0.001004731,1.004731,1000
63477,0.001510527,1.510527,1000
63478,0.000906722,0.906722,1000
63479,0.000670081,0.670081,1000
63480,0.00081312,0.81312,1000
63481,0.002994652,2.994652,1000
63482,0.003370396,3.370396,1000
63483,0.00263843,2.63843,1000
63484,0.001155203,1.155203,1000
63485,0.000856512,0.856512,1000
63486,0.000781014,0.781014,1000
63487,0.000402277,0.402277,1000
63488,0.000937184,0.937184,1000
63489,0.000973459,0.973459,1000
63490,0.000252232,0.252232,1000
63491,0.000602223,0.602223,1000
63492,0.003128217,3.128217,1000
63493,0.001042957,1.042957,1000
63494,0.002833689,2.833689,1000
63495,0.008414252,8.414252,1000
63496,0.001109861,1.109861,1000
63497,0.000937371,0.937371,1000
63498,0.011504524,11.504524,1000
63499,0.006773717,6.773717,1000
63500,0.000548106,0.548106,1000
63501,0.001730243,1.730243,1000
63502,0.000814768,0.814768,1000
63503,0.000861396,0.861396,1000
63504,0.002793284,2.793284,1000
63505,0.000814197,0.814197,1000
63506,0.001224752,1.224752,1000
63507,0.000982522,0.982522,1000
63508,0.005305841,5.305841,1000
63509,0.015071118,15.071118,1000
63510,0.000777592,0.777592,1000
63511,0.000929802,0.929802,1000
63512,0.000859342,0.859342,1000
63513,0.000691037,0.691037,1000
63514,0.000530947,0.530947,1000
63515,0.018097158,18.097158,1000
63516,0.00792955,7.92955,1000
63517,0.00054665,0.54665,1000
63518,0.026834226,26.834226,1000
63519,0.00408043,4.08043,1000
63520,0.003059272,3.059272,1000
63521,0.000763277,0.763277,1000
63522,0.001089219,1.089219,1000
63523,0.001383865,1.383865,1000
63524,0.000737214,0.737214,1000
63525,0.001062502,1.062502,1000
63526,0.000993186,0.993186,1000
63527,0.001071105,1.071105,1000
63528,0.001636874,1.636874,1000
63529,0.008383335,8.383335,1000
63530,0.000896154,0.896154,1000
63531,0.000902499,0.902499,1000
63532,0.000879486,0.879486,1000
63533,0.000783777,0.783777,1000
63534,0.003249146,3.249146,1000
63535,0.001006227,1.006227,1000
63536,0.00056461,0.56461,1000
63537,0.001643158,1.643158,1000
63538,0.000343954,0.343954,1000
63539,0.006209028,6.209028,1000
63540,0.002318984,2.318984,1000
63541,0.062268865,62.268865,1000
63542,0.000520003,0.520003,1000
63543,0.000666067,0.666067,1000
63544,0.000499386,0.499386,1000
63545,0.001457786,1.457786,1000
63546,0.000544903,0.544903,1000
63547,0.002749166,2.749166,1000
63548,0.001207411,1.207411,1000
63549,0.001049553,1.049553,1000
63550,0.000993124,0.993124,1000
63551,0.000866925,0.866925,1000
63552,0.001068966,1.068966,1000
63553,0.000738979,0.738979,1000
63554,0.001155853,1.155853,1000
63555,0.000934965,0.934965,1000
63556,0.000801375,0.801375,1000
63557,0.000769626,0.769626,1000
63558,0.000865068,0.865068,1000
63559,0.001062379,1.062379,1000
63560,0.000825969,0.825969,1000
63561,0.24639029,246.39029,1000
63562,0.001222301,1.222301,1000
63563,0.00107777,1.07777,1000
63564,0.000899242,0.899242,1000
63565,0.022284399,22.284399,1000
63566,0.001399444,1.399444,1000
63567,0.001358534,1.358534,1000
63568,0.001047998,1.047998,1000
63569,0.011099652,11.099652,1000
63570,0.001108042,1.108042,1000
63571,0.000979652,0.979652,1000
63572,0.001717017,1.717017,1000
63573,0.007962442,7.962442,1000
63574,0.000424231,0.424231,1000
63575,0.000861194,0.861194,1000
63576,0.001209389,1.209389,1000
63577,0.003100536,3.100536,1000
63578,0.001370327,1.370327,1000
63579,0.000470449,0.470449,1000
63580,0.000714747,0.714747,1000
63581,0.000657399,0.657399,1000
63582,0.001240637,1.240637,1000
63583,0.003048637,3.048637,1000
63584,0.000483074,0.483074,1000
63585,0.000652627,0.652627,1000
63586,0.006080959,6.080959,1000
63587,0.003088681,3.088681,1000
63588,0.001011936,1.011936,1000
63589,0.000993186,0.993186,1000
63590,0.000713517,0.713517,1000
63591,0.000500847,0.500847,1000
63592,0.000921922,0.921922,1000
63593,0.001106099,1.106099,1000
63594,0.000896154,0.896154,1000
63595,0.001020162,1.020162,1000
63596,0.000838598,0.838598,1000
63597,0.000752798,0.752798,1000
63598,0.000866053,0.866053,1000
63599,0.000908981,0.908981,1000
63600,0.000628316,0.628316,1000
63601,0.000522404,0.522404,1000
63602,0.002818659,2.818659,1000
63603,0.00030614,0.30614,1000
63604,0.016245177,16.245177,1000
63605,0.001375999,1.375999,1000
63606,0.015951754,15.951754,1000
63607,0.000687207,0.687207,1000
63608,0.003006175,3.006175,1000
63609,0.000367473,0.367473,1000
63610,0.000709833,0.709833,1000
63611,0.000646753,0.646753,1000
63612,0.003027408,3.027408,1000
63613,0.002740581,2.740581,1000
63614,0.008453255,8.453255,1000
63615,0.000640287,0.640287,1000
63616,0.00035191,0.35191,1000
63617,0.00081312,0.81312,1000
63618,0.008349714,8.349714,1000
63619,0.001181447,1.181447,1000
63620,0.007972443,7.972443,1000
63621,0.008326654,8.326654,1000
63622,0.013697137,13.697137,1000
63623,0.00090757,0.90757,1000
63624,0.002999611,2.999611,1000
63625,0.000391219,0.391219,1000
63626,0.000834432,0.834432,1000
63627,0.000575023,0.575023,1000
63628,0.000966975,0.966975,1000
63629,0.000621081,0.621081,1000
63630,0.001252508,1.252508,1000
63631,0.001174728,1.174728,1000
63632,0.000651797,0.651797,1000
63633,0.001252508,1.252508,1000
63634,0.000522171,0.522171,1000
63635,0.000664248,0.664248,1000
63636,0.000778968,0.778968,1000
63637,0.007409058,7.409058,1000
63638,0.004822732,4.822732,1000
63639,0.001062379,1.062379,1000
63640,0.007919671,7.919671,1000
63641,0.001697568,1.697568,1000
63642,0.000313619,0.313619,1000
63643,0.000357517,0.357517,1000
63644,0.000691049,0.691049,1000
63645,0.000956677,0.956677,1000
63646,0.000338658,0.338658,1000
63647,0.000622249,0.622249,1000
63648,0.001624253,1.624253,1000
63649,0.001223454,1.223454,1000
63650,0.000808665,0.808665,1000
63651,0.001256448,1.256448,1000
63652,0.000863396,0.863396,1000
63653,0.001011874,1.011874,1000
63654,0.06457589,64.57589,1000
63655,0.000825622,0.825622,1000
63656,0.001335576,1.335576,1000
63657,0.000363389,0.363389,1000
63658,0.001153627,1.153627,1000
63659,0.001149474,1.149474,1000
63660,0.001496605,1.496605,1000
63661,0.000860202,0.860202,1000
63662,0.000772149,0.772149,1000
63663,0.001011874,1.011874,1000
63664,0.001042957,1.042957,1000
63665,0.00274726,2.74726,1000
63666,0.00296191,2.96191,1000
63667,0.000844719,0.844719,1000
63668,0.001075078,1.075078,1000
63669,0.06457589,64.57589,1000
63670,0.000972124,0.972124,1000
63671,0.001193933,1.193933,1000
63672,0.002838433,2.838433,1000
63673,0.0103163,10.3163,1000
63674,0.001415637,1.415637,1000
63675,0.00081312,0.81312,1000
63676,0.000538011,0.538011,1000
63677,1.017234567,1017.234567,1000
63678,0.000783777,0.783777,1000
63679,0.000511133,0.511133,1000
63680,0.000897775,0.897775,1000
63681,0.00087806,0.87806,1000
63682,0.000749341,0.749341,1000
63683,0.00078862,0.78862,1000
63684,0.002784251,2.784251,1000
63685,0.002207987,2.207987,1000
63686,0.000631825,0.631825,1000
63687,0.144337364,144.337364,1000
63688,0.005476839,5.476839,1000
63689,0.034460781,34.460781,1000
63690,0.001749287,1.749287,1000
63691,0.000891218,0.891218,1000
63692,0.000809407,0.809407,1000
63693,0.000763812,0.763812,1000
63694,0.009154001,9.154001,1000
63695,0.00079326,0.79326,1000
63696,0.000871479,0.871479,1000
63697,0.000923108,0.923108,1000
63698,0.001921521,1.921521,1000
63699,0.001523648,1.523648,1000
63700,0.001910497,1.910497,1000
63701,0.00848693,8.48693,1000
63702,0.045594593,45.594593,1000
63703,0.001948761,1.948761,1000
63704,0.000490088,0.490088,1000
63705,0.002961762,2.961762,1000
63706,0.00673946,6.73946,1000
63707,0.004646947,4.646947,1000
63708,0.000783777,0.783777,1000
63709,0.001047661,1.047661,1000
63710,0.001749287,1.749287,1000
63711,0.000577625,0.577625,1000
63712,0.018765516,18.765516,1000
63713,0.000621638,0.621638,1000
63714,0.003621173,3.621173,1000
63715,0.002724324,2.724324,1000
63716,0.06457915,64.57915,1000
63717,0.002809411,2.809411,1000
63718,0.000389926,0.389926,1000
63719,0.001629694,1.629694,1000
63720,0.000834534,0.834534,1000
63721,0.003058888,3.058888,1000
63722,0.000695801,0.695801,1000
63723,0.001746026,1.746026,1000
63724,0.000763619,0.763619,1000
63725,0.001978664,1.978664,1000
63726,0.003919538,3.919538,1000
63727,0.000812109,0.812109,1000
63728,0.000796282,0.796282,1000
63729,0.005197156,5.197156,1000
63730,0.008107578,8.107578,1000
63731,0.001218698,1.218698,1000
63732,0.013339718,13.339718,1000
63733,0.000714482,0.714482,1000
63734,0.001026317,1.026317,1000
63735,0.001491057,1.491057,1000
63736,0.003241584,3.241584,1000
63737,0.000828886,0.828886,1000
63738,0.001059412,1.059412,1000
63739,0.001042817,1.042817,1000
63740,0.000873252,0.873252,1000
63741,0.001385415,1.385415,1000
63742,0.000879182,0.879182,1000
63743,0.001150787,1.150787,1000
63744,0.000868532,0.868532,1000
63745,0.000344841,0.344841,1000
63746,0.014627604,14.627604,1000
63747,0.00091218,0.91218,1000
63748,0.000728577,0.728577,1000
63749,0.000825966,0.825966,1000
63750,0.000810256,0.810256,1000
63751,0.000723556,0.723556,1000
63752,0.027267305,27.267305,1000
63753,0.001578624,1.578624,1000
63754,0.003350064,3.350064,1000
63755,0.000573872,0.573872,1000
63756,0.001027254,1.027254,1000
63757,0.00080465,0.80465,1000
63758,0.000494961,0.494961,1000
63759,0.003384408,3.384408,1000
63760,0.002704047,2.704047,1000
63761,0.000814042,0.814042,1000
63762,0.001053937,1.053937,1000
63763,0.009980191,9.980191,1000
63764,0.002090756,2.090756,1000
63765,0.000694244,0.694244,1000
63766,0.000501142,0.501142,1000
63767,0.001411701,1.411701,1000
63768,0.001277315,1.277315,1000
63769,0.001187942,1.187942,1000
63770,0.000419956,0.419956,1000
63771,0.000268899,0.268899,1000
63772,0.000379007,0.379007,1000
63773,0.000887263,0.887263,1000
63774,0.001346789,1.346789,1000
63775,0.000665543,0.665543,1000
63776,0.001006227,1.006227,1000
63777,0.001045071,1.045071,1000
63778,0.001523648,1.523648,1000
63779,0.001403501,1.403501,1000
63780,0.000901711,0.901711,1000
63781,0.002972758,2.972758,1000
63782,0.002604828,2.604828,1000
63783,0.006237262,6.237262,1000
63784,0.000852999,0.852999,1000
63785,0.00114829,1.14829,1000
63786,0.013092148,13.092148,1000
63787,0.009305902,9.305902,1000
63788,0.000780725,0.780725,1000
63789,0.00101154,1.01154,1000
63790,0.001006227,1.006227,1000
63791,0.000864948,0.864948,1000
63792,0.000820668,0.820668,1000
63793,0.000988925,0.988925,1000
63794,0.000813123,0.813123,1000
63795,0.000429383,0.429383,1000
63796,0.001229128,1.229128,1000
63797,0.000921737,0.921737,1000
63798,0.00085179,0.85179,1000
63799,0.000963453,0.963453,1000
63800,0.002731061,2.731061,1000
63801,0.001341219,1.341219,1000
63802,0.001031666,1.031666,1000
63803,0.000419763,0.419763,1000
63804,0.000510585,0.510585,1000
63805,0.000713517,0.713517,1000
63806,0.000860435,0.860435,1000
63807,0.000679061,0.679061,1000
63808,0.002073046,2.073046,1000
63809,0.002362729,2.362729,1000
63810,0.000695428,0.695428,1000
63811,0.000584442,0.584442,1000
63812,0.005350404,5.350404,1000
63813,0.000869776,0.869776,1000
63814,0.008104771,8.104771,1000
63815,0.003146045,3.146045,1000
63816,0.000545819,0.545819,1000
63817,0.000558197,0.558197,1000
63818,0.000238571,0.238571,1000
63819,0.000788314,0.788314,1000
63820,0.000640287,0.640287,1000
63821,0.002817801,2.817801,1000
63822,0.000919411,0.919411,1000
63823,0.004385621,4.385621,1000
63824,0.001567482,1.567482,1000
63825,0.000941903,0.941903,1000
63826,0.000729925,0.729925,1000
63827,0.000256249,0.256249,1000
63828,0.000765374,0.765374,1000
63829,0.000862055,0.862055,1000
63830,0.003010326,3.010326,1000
63831,0.026702925,26.702925,1000
63832,0.000506764,0.506764,1000
63833,0.00450222,4.50222,1000
63834,0.001525076,1.525076,1000
63835,0.000397263,0.397263,1000
63836,0.000560134,0.560134,1000
63837,0.001017808,1.017808,1000
63838,0.005186987,5.186987,1000
63839,0.001119085,1.119085,1000
63840,0.000856615,0.856615,1000
63841,0.000727918,0.727918,1000
63842,0.000862105,0.862105,1000
63843,0.000762298,0.762298,1000
63844,0.000883166,0.883166,1000
63845,0.000924669,0.924669,1000
63846,0.00368996,3.68996,1000
63847,0.00218407,2.18407,1000
63848,0.000860457,0.860457,1000
63849,0.000728635,0.728635,1000
63850,0.006025181,6.025181,1000
63851,0.0423029,42.3029,1000
63852,0.001042957,1.042957,1000
63853,0.001041789,1.041789,1000
63854,0.000785317,0.785317,1000
63855,0.010517969,10.517969,1000
63856,0.000707682,0.707682,1000
63857,0.002822977,2.822977,1000
63858,0.039750226,39.750226,1000
63859,0.008089984,8.089984,1000
63860,0.000775099,0.775099,1000
63861,0.001085668,1.085668,1000
63862,0.003414341,3.414341,1000
63863,0.000942935,0.942935,1000
63864,0.000383771,0.383771,1000
63865,0.009189766,9.189766,1000
63866,0.000935499,0.935499,1000
63867,0.001094902,1.094902,1000
63868,0.001203272,1.203272,1000
63869,0.003839879,3.839879,1000
63870,0.000626712,0.626712,1000
63871,0.001223728,1.223728,1000
63872,0.001456359,1.456359,1000
63873,0.001888701,1.888701,1000
63874,0.000993186,0.993186,1000
63875,0.000983435,0.983435,1000
63876,0.014961586,14.961586,1000
63877,0.06457589,64.57589,1000
63878,0.001742862,1.742862,1000
63879,0.000786898,0.786898,1000
63880,0.000718861,0.718861,1000
63881,0.005365564,5.365564,1000
63882,0.002757718,2.757718,1000
63883,0.001146892,1.146892,1000
63884,0.002623286,2.623286,1000
63885,0.000761588,0.761588,1000
63886,0.000948554,0.948554,1000
63887,0.000849189,0.849189,1000
63888,0.000432083,0.432083,1000
63889,0.005521033,5.521033,1000
63890,0.031559072,31.559072,1000
63891,0.002705908,2.705908,1000
63892,0.001597145,1.597145,1000
63893,0.001109186,1.109186,1000
63894,0.001023039,1.023039,1000
63895,0.000408048,0.408048,1000
63896,0.001143068,1.143068,1000
63897,0.00069649,0.69649,1000
63898,0.000783777,0.783777,1000
63899,0.000965122,0.965122,1000
63900,0.000627473,0.627473,1000
63901,0.000753174,0.753174,1000
63902,0.000988925,0.988925,1000
63903,0.001108336,1.108336,1000
63904,0.000252348,0.252348,1000
63905,0.004528594,4.528594,1000
63906,0.000682644,0.682644,1000
63907,0.000616001,0.616001,1000
63908,0.000420853,0.420853,1000
63909,0.001031114,1.031114,1000
63910,0.000855964,0.855964,1000
63911,0.000907187,0.907187,1000
63912,0.000844533,0.844533,1000
63913,0.001108256,1.108256,1000
63914,0.000399063,0.399063,1000
63915,0.000670571,0.670571,1000
63916,0.002341632,2.341632,1000
63917,0.000988925,0.988925,1000
63918,0.003246074,3.246074,1000
63919,0.001062519,1.062519,1000
63920,0.000948733,0.948733,1000
63921,0.000937243,0.937243,1000
63922,0.000813123,0.813123,1000
63923,0.002508489,2.508489,1000
63924,0.001248397,1.248397,1000
63925,0.000813123,0.813123,1000
63926,0.001053101,1.053101,1000
63927,0.001197211,1.197211,1000
63928,0.003374158,3.374158,1000
63929,0.000929721,0.929721,1000
63930,0.001134919,1.134919,1000
63931,0.00096422,0.96422,1000
63932,0.00068514,0.68514,1000
63933,0.001457808,1.457808,1000
63934,0.001057405,1.057405,1000
63935,0.00041322,0.41322,1000
63936,0.048272293,48.272293,1000
63937,0.000674485,0.674485,1000
63938,0.003009248,3.009248,1000
63939,0.001044721,1.044721,1000
63940,0.069334609,69.334609,1000
63941,0.001911201,1.911201,1000
63942,0.00052846,0.52846,1000
63943,0.003977697,3.977697,1000
63944,0.000754444,0.754444,1000
63945,0.001385415,1.385415,1000
63946,0.001117289,1.117289,1000
63947,0.05229285,52.29285,1000
63948,0.001029013,1.029013,1000
63949,0.000758973,0.758973,1000
63950,0.000854789,0.854789,1000
63951,0.000993186,0.993186,1000
63952,0.001006227,1.006227,1000
63953,0.000766074,0.766074,1000
63954,0.000474805,0.474805,1000
63955,0.001316822,1.316822,1000
63956,0.00097369,0.97369,1000
63957,0.002792339,2.792339,1000
63958,0.001236879,1.236879,1000
63959,0.00067119,0.67119,1000
63960,0.007899046,7.899046,1000
63961,0.002930751,2.930751,1000
63962,0.001216422,1.216422,1000
63963,0.000584259,0.584259,1000
63964,0.000783777,0.783777,1000
63965,0.000901226,0.901226,1000
63966,0.001304242,1.304242,1000
63967,0.000556099,0.556099,1000
63968,0.000363673,0.363673,1000
63969,0.00837839,8.37839,1000
63970,0.002784061,2.784061,1000
63971,0.000522885,0.522885,1000
63972,0.001000075,1.000075,1000
63973,0.001339507,1.339507,1000
63974,0.000953545,0.953545,1000
63975,0.000751911,0.751911,1000
63976,0.000604459,0.604459,1000
63977,0.00109296,1.09296,1000
63978,0.000650649,0.650649,1000
63979,0.00105043,1.05043,1000
63980,0.002850829,2.850829,1000
63981,0.000907277,0.907277,1000
63982,0.001529068,1.529068,1000
63983,0.004077727,4.077727,1000
63984,0.000532386,0.532386,1000
63985,0.00072733,0.72733,1000
63986,0.00791918,7.91918,1000
63987,0.001037915,1.037915,1000
63988,0.001193158,1.193158,1000
63989,0.000407696,0.407696,1000
63990,0.001124346,1.124346,1000
63991,0.001031114,1.031114,1000
63992,0.000365231,0.365231,1000
63993,0.000516504,0.516504,1000
63994,0.000415144,0.415144,1000
63995,0.001006227,1.006227,1000
63996,0.000788451,0.788451,1000
63997,0.003050943,3.050943,1000
63998,0.003709637,3.709637,1000
63999,0.001683535,1.683535,1000
64000,0.0015091,1.5091,1000
64002,0.000805602,0.805602,1000
64003,0.002020821,2.020821,1000
64004,0.000719667,0.719667,1000
64005,0.001018268,1.018268,1000
64006,0.00094268,0.94268,1000
64007,0.001376162,1.376162,1000
64008,0.001217703,1.217703,1000
64009,0.00112019,1.12019,1000
64010,0.00172961,1.72961,1000
64011,0.00063663,0.63663,1000
64012,0.001163677,1.163677,1000
64013,0.00058449,0.58449,1000
64014,0.000607537,0.607537,1000
64015,0.003884745,3.884745,1000
64016,0.001249753,1.249753,1000
64017,0.001322087,1.322087,1000
64018,0.002115655,2.115655,1000
64019,0.000825966,0.825966,1000
64020,0.004918333,4.918333,1000
64021,0.000783777,0.783777,1000
64022,0.017106388,17.106388,1000
64023,0.001315392,1.315392,1000
64024,0.003709637,3.709637,1000
64025,0.001403976,1.403976,1000
64026,0.000724163,0.724163,1000
64027,0.065427087,65.427087,1000
64028,0.001080654,1.080654,1000
64029,0.001020071,1.020071,1000
64030,0.000697108,0.697108,1000
64031,0.001159882,1.159882,1000
64032,0.000692769,0.692769,1000
64033,0.061809539,61.809539,1000
64034,0.001011874,1.011874,1000
64035,0.000696022,0.696022,1000
64036,0.000795495,0.795495,1000
64037,0.001690293,1.690293,1000
64038,0.00243892,2.43892,1000
64039,0.000742431,0.742431,1000
64040,0.000926733,0.926733,1000
64041,0.002705474,2.705474,1000
64042,0.000936975,0.936975,1000
64043,0.000930683,0.930683,1000
64044,0.00078201,0.78201,1000
64045,0.000550288,0.550288,1000
64046,0.000795512,0.795512,1000
64047,0.001018268,1.018268,1000
64048,0.001076213,1.076213,1000
64049,0.000840568,0.840568,1000
64050,0.000937568,0.937568,1000
64051,0.000963771,0.963771,1000
64052,0.000751586,0.751586,1000
64053,0.000708309,0.708309,1000
64054,0.000342694,0.342694,1000
64055,0.001738962,1.738962,1000
64056,0.000688639,0.688639,1000
64057,0.000831908,0.831908,1000
64058,0.001071133,1.071133,1000
64059,0.06457915,64.57915,1000
64060,0.000668969,0.668969,1000
64061,0.000726352,0.726352,1000
64062,0.002254258,2.254258,1000
64063,0.00074208,0.74208,1000
64064,0.002969237,2.969237,1000
64065,0.001136593,1.136593,1000
64066,0.00081312,0.81312,1000
64067,0.001321031,1.321031,1000
64068,0.000864797,0.864797,1000
64069,0.000843051,0.843051,1000
64070,0.000884019,0.884019,1000
64071,0.001249116,1.249116,1000
64072,0.000920943,0.920943,1000
64073,0.000980991,0.980991,1000
64074,0.002958691,2.958691,1000
64075,0.000902258,0.902258,1000
64076,0.001218698,1.218698,1000
64077,0.000864948,0.864948,1000
64078,0.001066929,1.066929,1000
64079,0.000475748,0.475748,1000
64080,0.002575814,2.575814,1000
64081,0.001570233,1.570233,1000
64082,0.001062541,1.062541,1000
64083,0.000870393,0.870393,1000
64084,0.000412064,0.412064,1000
64085,0.001148532,1.148532,1000
64086,0.013758936,13.758936,1000
64087,0.000927979,0.927979,1000
64088,0.000870309,0.870309,1000
64089,0.001321031,1.321031,1000
64090,0.000620492,0.620492,1000
64091,0.000621104,0.621104,1000
64092,0.00087538,0.87538,1000
64093,0.000760481,0.760481,1000
64094,0.001060797,1.060797,1000
64095,0.000722451,0.722451,1000
64096,0.000854619,0.854619,1000
64097,0.00103168,1.03168,1000
64098,0.005606746,5.606746,1000
64099,0.001523648,1.523648,1000
64100,0.001070445,1.070445,1000
64101,0.005184719,5.184719,1000
64102,0.017296313,17.296313,1000
64103,0.000280243,0.280243,1000
64104,0.00586638,5.86638,1000
64105,0.000643217,0.643217,1000
64106,0.000903105,0.903105,1000
64107,0.001746026,1.746026,1000
64108,0.00086198,0.86198,1000
64109,0.001351713,1.351713,1000
64110,0.000811347,0.811347,1000
64111,0.001478353,1.478353,1000
64112,0.000767258,0.767258,1000
64113,0.022107037,22.107037,1000
64114,0.000681288,0.681288,1000
64115,0.004545623,4.545623,1000
64116,0.00109047,1.09047,1000
64117,0.004248857,4.248857,1000
64118,0.000384088,0.384088,1000
64119,0.000583941,0.583941,1000
64120,0.001746026,1.746026,1000
64121,0.000846603,0.846603,1000
64122,0.004587491,4.587491,1000
64123,0.000341279,0.341279,1000
64124,0.001044165,1.044165,1000
64125,0.00094863,0.94863,1000
64126,0.00069517,0.69517,1000
64127,0.001385415,1.385415,1000
64128,0.000957282,0.957282,1000
64129,0.00099194,0.99194,1000
64130,0.003033479,3.033479,1000
64131,0.002411708,2.411708,1000
64132,0.000935513,0.935513,1000
64133,0.001825149,1.825149,1000
64134,0.000413139,0.413139,1000
64135,0.002788458,2.788458,1000
64136,0.000806287,0.806287,1000
64137,0.001044706,1.044706,1000
64138,0.001224407,1.224407,1000
64139,0.002113667,2.113667,1000
64140,0.001074969,1.074969,1000
64141,0.000825966,0.825966,1000
64142,0.001232196,1.232196,1000
64143,0.003492442,3.492442,1000
64144,0.001321031,1.321031,1000
64145,0.001749287,1.749287,1000
64146,0.000543828,0.543828,1000
64147,0.001285058,1.285058,1000
64148,0.013179551,13.179551,1000
64149,0.000618882,0.618882,1000
64150,0.001081154,1.081154,1000
64151,0.00074631,0.74631,1000
64152,0.001135288,1.135288,1000
64153,0.001454072,1.454072,1000
64154,0.000958681,0.958681,1000
64155,0.000478156,0.478156,1000
64156,0.000554736,0.554736,1000
64157,0.003011783,3.011783,1000
64158,0.026762628,26.762628,1000
64159,0.001056431,1.056431,1000
64160,0.000731913,0.731913,1000
64161,0.000705941,0.705941,1000
64162,0.001385415,1.385415,1000
64163,0.000795294,0.795294,1000
64164,0.000964219,0.964219,1000
64165,0.002167947,2.167947,1000
64166,0.005115926,5.115926,1000
64167,0.007237497,7.237497,1000
64168,0.001072739,1.072739,1000
64169,0.000446871,0.446871,1000
64170,0.000767018,0.767018,1000
64171,0.000823974,0.823974,1000
64172,0.001130123,1.130123,1000
64173,0.000990926,0.990926,1000
64174,0.001562072,1.562072,1000
64175,0.001279465,1.279465,1000
64176,0.001871851,1.871851,1000
64177,0.000439785,0.439785,1000
64178,0.000964089,0.964089,1000
64179,0.001794629,1.794629,1000
64180,0.00069992,0.69992,1000
64181,0.001042957,1.042957,1000
64182,0.012199603,12.199603,1000
64183,0.001316403,1.316403,1000
64184,0.001826577,1.826577,1000
64185,0.000884041,0.884041,1000
64186,0.000922049,0.922049,1000
64187,0.014268342,14.268342,1000
64188,0.000824196,0.824196,1000
64189,0.001365442,1.365442,1000
64190,0.001190664,1.190664,1000
64191,0.001015072,1.015072,1000
64192,0.000771842,0.771842,1000
64193,0.000810996,0.810996,1000
64194,0.001167484,1.167484,1000
64195,0.0016534,1.6534,1000
64196,0.001358109,1.358109,1000
64197,0.002698345,2.698345,1000
64198,0.001294432,1.294432,1000
64199,0.001908612,1.908612,1000
64200,0.001067574,1.067574,1000
64201,0.000825966,0.825966,1000
64202,0.127420823,127.420823,1000
64203,0.000692049,0.692049,1000
64204,0.000397477,0.397477,1000
64205,0.00117837,1.17837,1000
64206,0.008893075,8.893075,1000
64207,0.003038905,3.038905,1000
64208,0.000596953,0.596953,1000
64209,0.000911854,0.911854,1000
64210,0.001293829,1.293829,1000
64211,0.001491057,1.491057,1000
64212,0.001052825,1.052825,1000
64213,0.011369959,11.369959,1000
64214,0.000823681,0.823681,1000
64215,0.000813123,0.813123,1000
64216,0.00078325,0.78325,1000
64217,0.008023604,8.023604,1000
64218,0.028990426,28.990426,1000
64219,0.007946596,7.946596,1000
64220,0.000620005,0.620005,1000
64221,0.000647535,0.647535,1000
64222,0.000937824,0.937824,1000
64223,0.000825966,0.825966,1000
64224,0.000410109,0.410109,1000
64225,0.001044721,1.044721,1000
64226,0.000765427,0.765427,1000
64227,0.001327025,1.327025,1000
64228,0.00075378,0.75378,1000
64229,0.00081312,0.81312,1000
64230,0.001661435,1.661435,1000
64231,0.000747312,0.747312,1000
64232,0.000963771,0.963771,1000
64233,0.000771759,0.771759,1000
64234,0.002386291,2.386291,1000
64235,0.000796186,0.796186,1000
64236,0.00104294,1.04294,1000
64237,0.000728686,0.728686,1000
64238,0.000993186,0.993186,1000
64239,0.000684725,0.684725,1000
64240,0.001745727,1.745727,1000
64241,0.000577641,0.577641,1000
64242,0.000965568,0.965568,1000
64243,0.148360824,148.360824,1000
64244,0.000848191,0.848191,1000
64245,0.178766676,178.766676,1000
64246,0.002843321,2.843321,1000
64247,0.001042957,1.042957,1000
64248,0.041259103,41.259103,1000
64249,0.000571678,0.571678,1000
64250,0.00052163,0.52163,1000
64251,0.001107098,1.107098,1000
64252,0.002459221,2.459221,1000
64253,0.00071229,0.71229,1000
64254,0.000661405,0.661405,1000
64255,0.000825966,0.825966,1000
64256,0.000873098,0.873098,1000
64257,0.000886619,0.886619,1000
64258,0.000591233,0.591233,1000
64259,0.001159722,1.159722,1000
64260,0.00081312,0.81312,1000
64261,0.001517627,1.517627,1000
64262,0.00074521,0.74521,1000
64263,0.000980536,0.980536,1000
64264,0.000684168,0.684168,1000
64265,0.000881423,0.881423,1000
64266,0.000676392,0.676392,1000
64267,0.000783793,0.783793,1000
64268,0.015671008,15.671008,1000
64269,0.000870848,0.870848,1000
64270,0.001142073,1.142073,1000
64271,0.000579747,0.579747,1000
64272,0.000715204,0.715204,1000
64273,0.001090264,1.090264,1000
64274,0.000982332,0.982332,1000
64275,0.0009136,0.9136,1000
64276,0.17832162,178.32162,1000
64277,0.000613854,0.613854,1000
64278,0.00060537,0.60537,1000
64279,0.00114001,1.14001,1000
64280,0.000823245,0.823245,1000
64281,0.007547315,7.547315,1000
64282,0.21123677,211.23677,1000
64283,0.000782611,0.782611,1000
64284,0.006363303,6.363303,1000
64285,0.000542758,0.542758,1000
64286,0.000834626,0.834626,1000
64287,0.001482902,1.482902,1000
64288,0.000693458,0.693458,1000
64289,0.002870937,2.870937,1000
64290,0.001104525,1.104525,1000
64291,0.017211753,17.211753,1000
64292,0.000829843,0.829843,1000
64293,0.000965633,0.965633,1000
64294,0.001065105,1.065105,1000
64295,0.002888724,2.888724,1000
64296,0.008158776,8.158776,1000
64297,0.016844502,16.844502,1000
64298,0.000937243,0.937243,1000
64299,0.001062541,1.062541,1000
64300,0.001062519,1.062519,1000
64301,0.000858456,0.858456,1000
64302,0.001474891,1.474891,1000
64303,0.001022315,1.022315,1000
64304,0.001047443,1.047443,1000
64305,0.001907702,1.907702,1000
64306,0.001044721,1.044721,1000
64307,0.00789831,7.89831,1000
64308,0.001212625,1.212625,1000
64309,0.001042957,1.042957,1000
64310,0.000616468,0.616468,1000
64311,0.001014621,1.014621,1000
64312,0.005910972,5.910972,1000
64313,0.001071086,1.071086,1000
64314,0.020171204,20.171204,1000
64315,0.000925285,0.925285,1000
64316,0.001724534,1.724534,1000
64317,0.000361547,0.361547,1000
64318,0.001006165,1.006165,1000
64319,0.006310135,6.310135,1000
64320,0.000783777,0.783777,1000
64321,0.001505839,1.505839,1000
64322,0.000817685,0.817685,1000
64323,0.001116018,1.116018,1000
64324,0.00795384,7.95384,1000
64325,0.000663004,0.663004,1000
64326,0.008511974,8.511974,1000
64327,0.000615895,0.615895,1000
64328,0.000812816,0.812816,1000
64329,0.000566674,0.566674,1000
64330,0.00168148,1.68148,1000
64331,0.002763271,2.763271,1000
64332,0.016512347,16.512347,1000
64333,0.008274938,8.274938,1000
64334,0.000812199,0.812199,1000
64335,0.000742142,0.742142,1000
64336,0.000927979,0.927979,1000
64337,0.06457589,64.57589,1000
64338,0.001199366,1.199366,1000
64339,0.000963771,0.963771,1000
64340,0.00105786,1.05786,1000
64341,0.001460755,1.460755,1000
64342,0.032471295,32.471295,1000
64343,0.000636802,0.636802,1000
64344,0.000831954,0.831954,1000
64345,0.001006227,1.006227,1000
64346,0.001006227,1.006227,1000
64347,0.001006227,1.006227,1000
64348,0.001006227,1.006227,1000
64349,0.000656762,0.656762,1000
64350,0.001006227,1.006227,1000
64351,0.001006227,1.006227,1000
64352,0.001006227,1.006227,1000
64353,0.000699091,0.699091,1000
64354,0.000471534,0.471534,1000
64355,0.002798331,2.798331,1000
64356,0.000798101,0.798101,1000
64357,0.001899729,1.899729,1000
64358,0.000882606,0.882606,1000
64359,0.000472469,0.472469,1000
64360,0.001135912,1.135912,1000
64361,0.001460931,1.460931,1000
64362,0.001143068,1.143068,1000
64363,0.001071083,1.071083,1000
64364,0.00077595,0.77595,1000
64365,0.000933028,0.933028,1000
64366,0.00042451,0.42451,1000
64367,0.000703151,0.703151,1000
64368,0.015674882,15.674882,1000
64369,0.000993186,0.993186,1000
64370,0.001340815,1.340815,1000
64371,0.000730452,0.730452,1000
64372,0.000755191,0.755191,1000
64373,0.001677047,1.677047,1000
64374,0.00081312,0.81312,1000
64375,0.00112798,1.12798,1000
64376,0.000650775,0.650775,1000
64377,0.000782951,0.782951,1000
64378,0.001006165,1.006165,1000
64379,0.000948119,0.948119,1000
64380,0.000985719,0.985719,1000
64381,0.000971247,0.971247,1000
64382,0.00093712,0.93712,1000
64383,0.002203738,2.203738,1000
64384,0.005476474,5.476474,1000
64385,0.000908865,0.908865,1000
64386,0.001037749,1.037749,1000
64387,0.016079899,16.079899,1000
64388,0.007796786,7.796786,1000
64389,0.000771335,0.771335,1000
64390,0.000622547,0.622547,1000
64391,0.000963771,0.963771,1000
64392,0.000792663,0.792663,1000
64393,0.001011936,1.011936,1000
64394,0.000571006,0.571006,1000
64395,0.001238368,1.238368,1000
64396,0.000674633,0.674633,1000
64397,0.003778332,3.778332,1000
64398,0.001006227,1.006227,1000
64399,0.001323894,1.323894,1000
64400,0.000555481,0.555481,1000
64401,0.001526214,1.526214,1000
64402,0.00808588,8.08588,1000
64403,0.001706265,1.706265,1000
64404,0.000880266,0.880266,1000
64405,0.001343248,1.343248,1000
64406,0.000628049,0.628049,1000
64407,0.001659287,1.659287,1000
64408,0.002910677,2.910677,1000
64409,0.000951301,0.951301,1000
64410,0.001070445,1.070445,1000
64411,0.001265644,1.265644,1000
64412,0.001484882,1.484882,1000
64413,0.00127706,1.27706,1000
64414,0.001023572,1.023572,1000
64415,0.001520388,1.520388,1000
64416,0.000340104,0.340104,1000
64417,0.002418112,2.418112,1000
64418,0.001290565,1.290565,1000
64419,0.001228433,1.228433,1000
64420,0.002688051,2.688051,1000
64421,0.001746026,1.746026,1000
64422,0.000993124,0.993124,1000
64423,0.007098059,7.098059,1000
64424,0.008240554,8.240554,1000
64425,0.004429835,4.429835,1000
64426,0.013626864,13.626864,1000
64427,0.001530157,1.530157,1000
64428,0.001153677,1.153677,1000
64429,0.000890646,0.890646,1000
64430,0.00041104,0.41104,1000
64431,0.000356306,0.356306,1000
64432,0.005020269,5.020269,1000
64433,0.001147967,1.147967,1000
64434,0.000550734,0.550734,1000
64435,0.000832209,0.832209,1000
64436,0.007978469,7.978469,1000
64437,0.001836379,1.836379,1000
64438,0.001205027,1.205027,1000
64439,0.001165293,1.165293,1000
64440,0.001006227,1.006227,1000
64441,0.00100093,1.00093,1000
64442,0.00118974,1.18974,1000
64443,0.000805364,0.805364,1000
64444,0.001150216,1.150216,1000
64445,0.001154836,1.154836,1000
64446,0.005343045,5.343045,1000
64447,0.000864298,0.864298,1000
64448,0.01513609,15.13609,1000
64449,0.00127665,1.27665,1000
64450,0.002016678,2.016678,1000
64451,0.000661517,0.661517,1000
64452,0.000937243,0.937243,1000
64453,0.000967317,0.967317,1000
64455,0.010873884,10.873884,1000
64456,0.001254954,1.254954,1000
64457,0.000780757,0.780757,1000
64458,0.001567112,1.567112,1000
64459,0.000671819,0.671819,1000
64460,0.00286329,2.86329,1000
64461,0.001988224,1.988224,1000
64462,0.001006227,1.006227,1000
64463,0.004366633,4.366633,1000
64464,0.001627974,1.627974,1000
64465,0.001571773,1.571773,1000
64466,0.000968834,0.968834,1000
64467,0.000872706,0.872706,1000
64469,0.000690463,0.690463,1000
64470,0.01386197,13.86197,1000
64471,0.001666325,1.666325,1000
64472,0.004864359,4.864359,1000
64473,0.001197755,1.197755,1000
64474,0.000738285,0.738285,1000
64475,0.001071083,1.071083,1000
64476,0.000781889,0.781889,1000
64477,0.000492631,0.492631,1000
64478,0.000922957,0.922957,1000
64479,0.00067478,0.67478,1000
64480,0.001068831,1.068831,1000
64481,0.001382683,1.382683,1000
64482,0.001077849,1.077849,1000
64483,0.001273966,1.273966,1000
64484,0.001933812,1.933812,1000
64485,0.001015484,1.015484,1000
64486,0.010072647,10.072647,1000
64487,0.000801905,0.801905,1000
64488,0.000825966,0.825966,1000
64489,0.000744998,0.744998,1000
64490,0.005742257,5.742257,1000
64491,0.000951119,0.951119,1000
64492,0.595286263,595.286263,1000
64493,0.000857356,0.857356,1000
64494,0.000905571,0.905571,1000
64495,0.000806392,0.806392,1000
64496,0.000833027,0.833027,1000
64497,0.001582736,1.582736,1000
64498,0.00110276,1.10276,1000
64499,0.000767422,0.767422,1000
64500,0.000539475,0.539475,1000
64501,0.001230279,1.230279,1000
64502,0.001357105,1.357105,1000
64503,0.000761453,0.761453,1000
64504,0.000952208,0.952208,1000
64505,0.001005589,1.005589,1000
64506,0.000814768,0.814768,1000
64507,0.001412853,1.412853,1000
64508,0.001121865,1.121865,1000
64509,0.002725137,2.725137,1000
64510,0.00076759,0.76759,1000
64511,0.000784206,0.784206,1000
64512,0.002043451,2.043451,1000
64513,0.000993186,0.993186,1000
64514,0.001700426,1.700426,1000
64515,0.000975183,0.975183,1000
64516,0.001733835,1.733835,1000
64517,0.001632186,1.632186,1000
64518,0.000552877,0.552877,1000
64519,0.001001009,1.001009,1000
64520,0.000818475,0.818475,1000
64521,0.001076809,1.076809,1000
64522,0.001485783,1.485783,1000
64523,0.004265401,4.265401,1000
64524,0.002692159,2.692159,1000
64525,0.001044721,1.044721,1000
64526,0.001330889,1.330889,1000
64527,0.028201251,28.201251,1000
64528,0.00072265,0.72265,1000
64529,0.004521164,4.521164,1000
64530,0.000817671,0.817671,1000
64531,0.000790917,0.790917,1000
64532,0.000833844,0.833844,1000
64533,0.000763383,0.763383,1000
64534,0.008234972,8.234972,1000
64535,0.001065335,1.065335,1000
64536,0.00050842,0.50842,1000
64537,0.001098148,1.098148,1000
64538,0.000644189,0.644189,1000
64539,0.001218698,1.218698,1000
64540,0.000365514,0.365514,1000
64541,0.000704979,0.704979,1000
64542,0.000849202,0.849202,1000
64543,0.001011438,1.011438,1000
64544,0.001412853,1.412853,1000
64545,0.000551631,0.551631,1000
64546,0.000993124,0.993124,1000
64547,0.00129343,1.29343,1000
64548,0.00079703,0.79703,1000
64549,0.001150192,1.150192,1000
64550,0.000741645,0.741645,1000
64551,0.00257901,2.57901,1000
64552,0.000550391,0.550391,1000
64553,0.001129844,1.129844,1000
64554,0.001081154,1.081154,1000
64555,0.001006227,1.006227,1000
64556,0.000860467,0.860467,1000
64557,0.000753543,0.753543,1000
64558,0.001556617,1.556617,1000
64559,0.003837526,3.837526,1000
64560,0.001314465,1.314465,1000
64561,0.001078767,1.078767,1000
64562,0.018272352,18.272352,1000
64563,0.000798826,0.798826,1000
64564,0.000727473,0.727473,1000
64565,0.022313893,22.313893,1000
64566,0.000646935,0.646935,1000
64567,0.00077657,0.77657,1000
64568,0.000652414,0.652414,1000
64569,0.000953595,0.953595,1000
64570,0.001050968,1.050968,1000
64571,0.001256389,1.256389,1000
64572,0.000896326,0.896326,1000
64573,0.003304975,3.304975,1000
64574,0.000945432,0.945432,1000
64575,0.000663263,0.663263,1000
64576,0.001522171,1.522171,1000
64577,0.001471437,1.471437,1000
64578,0.000503554,0.503554,1000
64579,0.000870879,0.870879,1000
64580,0.001099811,1.099811,1000
64581,0.001433759,1.433759,1000
64582,0.00058753,0.58753,1000
64583,0.000912571,0.912571,1000
64584,0.002820848,2.820848,1000
64585,0.000512054,0.512054,1000
64586,0.001158433,1.158433,1000
64587,0.002236556,2.236556,1000
64588,0.000995922,0.995922,1000
64589,0.003317378,3.317378,1000
64590,0.001329583,1.329583,1000
64591,0.001420898,1.420898,1000
64592,0.001246619,1.246619,1000
64593,0.001002329,1.002329,1000
64594,0.001010701,1.010701,1000
64595,0.000525439,0.525439,1000
64596,0.000881204,0.881204,1000
64597,0.008557348,8.557348,1000
64598,0.000614662,0.614662,1000
64599,0.00138256,1.38256,1000
64600,0.002954188,2.954188,1000
64601,0.015481957,15.481957,1000
64602,0.00138256,1.38256,1000
64603,0.000885781,0.885781,1000
64604,0.000533867,0.533867,1000
64605,0.001097456,1.097456,1000
64606,0.0010651,1.0651,1000
64607,0.000936547,0.936547,1000
64608,0.000552819,0.552819,1000
64609,0.002359993,2.359993,1000
64610,0.001557979,1.557979,1000
64611,0.000948733,0.948733,1000
64612,0.001592079,1.592079,1000
64613,0.00253527,2.53527,1000
64614,0.000417075,0.417075,1000
64615,0.000651668,0.651668,1000
64616,0.000397507,0.397507,1000
64617,0.00081312,0.81312,1000
64618,0.001632574,1.632574,1000
64619,0.000530101,0.530101,1000
64620,0.000819472,0.819472,1000
64621,0.00243818,2.43818,1000
64622,0.01108309,11.08309,1000
64623,0.000529569,0.529569,1000
64624,0.001859006,1.859006,1000
64625,0.000841965,0.841965,1000
64626,0.000976506,0.976506,1000
64627,0.002985515,2.985515,1000
64628,0.001021767,1.021767,1000
64629,0.002114637,2.114637,1000
64630,0.001121953,1.121953,1000
64632,0.001406366,1.406366,1000
64633,0.000773789,0.773789,1000
64634,0.000667641,0.667641,1000
64635,0.001129135,1.129135,1000
64636,0.016076528,16.076528,1000
64637,0.000766058,0.766058,1000
64638,0.001014435,1.014435,1000
64639,0.002444059,2.444059,1000
64640,0.001742862,1.742862,1000
64641,0.001391441,1.391441,1000
64642,0.002606856,2.606856,1000
64643,0.000964162,0.964162,1000
64644,0.001280898,1.280898,1000
64645,0.000726053,0.726053,1000
64646,0.00091957,0.91957,1000
64647,0.001090131,1.090131,1000
64648,0.002746666,2.746666,1000
64649,0.001023622,1.023622,1000
64650,0.000781718,0.781718,1000
64651,0.000620851,0.620851,1000
64652,0.000892001,0.892001,1000
64653,0.003796405,3.796405,1000
64654,0.000356959,0.356959,1000
64655,0.000818475,0.818475,1000
64656,0.001032255,1.032255,1000
64657,0.000783777,0.783777,1000
64658,0.000732907,0.732907,1000
64659,0.002212675,2.212675,1000
64660,0.000765797,0.765797,1000
64661,0.001147967,1.147967,1000
64662,0.000925167,0.925167,1000
64663,0.00078378,0.78378,1000
64664,0.000852219,0.852219,1000
64665,0.000610384,0.610384,1000
64666,0.000715329,0.715329,1000
64667,0.005099214,5.099214,1000
64668,0.000783777,0.783777,1000
64669,0.000783777,0.783777,1000
64670,0.000815569,0.815569,1000
64671,0.000794072,0.794072,1000
64672,0.003299125,3.299125,1000
64673,0.015879339,15.879339,1000
64674,0.001042957,1.042957,1000
64675,0.002830073,2.830073,1000
64676,0.000816404,0.816404,1000
64677,0.000709441,0.709441,1000
64678,0.000746871,0.746871,1000
64679,0.003387193,3.387193,1000
64680,0.00097723,0.97723,1000
64681,0.001062519,1.062519,1000
64682,0.002776407,2.776407,1000
64683,0.003282956,3.282956,1000
64684,0.001112027,1.112027,1000
64685,0.00063912,0.63912,1000
64686,0.008004959,8.004959,1000
64687,0.005464899,5.464899,1000
64688,0.008705168,8.705168,1000
64689,0.015577152,15.577152,1000
64690,0.000403543,0.403543,1000
64691,0.001114482,1.114482,1000
64692,0.00158804,1.58804,1000
64693,0.000651192,0.651192,1000
64694,0.075359058,75.359058,1000
64695,0.003401438,3.401438,1000
64696,0.000720147,0.720147,1000
64697,0.001042979,1.042979,1000
64698,0.000986697,0.986697,1000
64699,0.000576375,0.576375,1000
64700,0.000407366,0.407366,1000
64701,0.000533092,0.533092,1000
64702,0.001006227,1.006227,1000
64703,0.000432438,0.432438,1000
64704,0.040045597,40.045597,1000
64705,0.003832383,3.832383,1000
64706,0.00289309,2.89309,1000
64707,0.000928508,0.928508,1000
64708,0.008016241,8.016241,1000
64709,0.002141263,2.141263,1000
64710,0.000913356,0.913356,1000
64711,0.000750995,0.750995,1000
64712,0.000783777,0.783777,1000
64713,0.000796209,0.796209,1000
64714,0.000888769,0.888769,1000
64715,0.002152178,2.152178,1000
64716,0.00172961,1.72961,1000
64717,0.000776676,0.776676,1000
64718,0.002680839,2.680839,1000
64719,0.000979793,0.979793,1000
64720,0.004060808,4.060808,1000
64721,0.000796749,0.796749,1000
64722,0.001456367,1.456367,1000
64723,0.001020282,1.020282,1000
64724,0.003723645,3.723645,1000
64725,0.000937243,0.937243,1000
64726,0.000816389,0.816389,1000
64727,0.001746182,1.746182,1000
64728,0.000960681,0.960681,1000
64729,0.000783777,0.783777,1000
64730,0.001842271,1.842271,1000
64731,0.001453099,1.453099,1000
64732,0.000844014,0.844014,1000
64733,0.001012857,1.012857,1000
64734,0.000774614,0.774614,1000
64735,0.000767103,0.767103,1000
64736,0.000861452,0.861452,1000
64737,0.000826019,0.826019,1000
64738,0.00122521,1.22521,1000
64739,0.001116018,1.116018,1000
64740,0.000888963,0.888963,1000
64741,0.000428025,0.428025,1000
64742,0.001322946,1.322946,1000
64743,0.000699567,0.699567,1000
64744,0.000605238,0.605238,1000
64745,0.000886606,0.886606,1000
64746,0.001246046,1.246046,1000
64747,0.001223986,1.223986,1000
64748,0.000939129,0.939129,1000
64749,0.001216691,1.216691,1000
64750,0.001746026,1.746026,1000
64751,0.00620964,6.20964,1000
64752,0.000801912,0.801912,1000
64753,0.000953144,0.953144,1000
64754,0.000937243,0.937243,1000
64755,0.000624264,0.624264,1000
64756,0.000813123,0.813123,1000
64757,0.001261487,1.261487,1000
64758,0.000456333,0.456333,1000
64759,0.00274799,2.74799,1000
64760,0.000306598,0.306598,1000
64761,0.000829118,0.829118,1000
64762,0.000977774,0.977774,1000
64763,0.00104294,1.04294,1000
64764,0.000465899,0.465899,1000
64765,0.000810619,0.810619,1000
64766,0.00071999,0.71999,1000
64767,0.000723815,0.723815,1000
64768,0.000609635,0.609635,1000
64769,0.001105425,1.105425,1000
64770,0.000336481,0.336481,1000
64771,0.003000437,3.000437,1000
64772,0.000659678,0.659678,1000
64773,0.003400881,3.400881,1000
64774,0.001430389,1.430389,1000
64775,0.002884392,2.884392,1000
64776,0.001288809,1.288809,1000
64777,0.00700733,7.00733,1000
64778,0.000635652,0.635652,1000
64779,0.002695985,2.695985,1000
64780,0.000943051,0.943051,1000
64781,0.000375089,0.375089,1000
64782,0.001505839,1.505839,1000
64783,0.001062519,1.062519,1000
64784,0.001002751,1.002751,1000
64785,0.000756036,0.756036,1000
64786,0.008569502,8.569502,1000
64787,0.002795858,2.795858,1000
64788,0.000573949,0.573949,1000
64789,0.000406369,0.406369,1000
64790,0.00073302,0.73302,1000
64791,0.001131756,1.131756,1000
64792,0.000866167,0.866167,1000
64793,0.000495855,0.495855,1000
64794,0.014861143,14.861143,1000
64795,0.00123329,1.23329,1000
64796,0.000417153,0.417153,1000
64797,0.000902534,0.902534,1000
64798,0.001201605,1.201605,1000
64799,0.00098101,0.98101,1000
64800,0.001148491,1.148491,1000
64801,0.001166235,1.166235,1000
64802,0.001402865,1.402865,1000
64803,0.000557058,0.557058,1000
64804,0.000770034,0.770034,1000
64805,0.000819669,0.819669,1000
64806,0.000755554,0.755554,1000
64807,0.002923352,2.923352,1000
64808,0.001006227,1.006227,1000
64809,0.008701962,8.701962,1000
64810,0.000812555,0.812555,1000
64811,0.000412284,0.412284,1000
64812,0.000761976,0.761976,1000
64813,0.001104592,1.104592,1000
64814,0.002318148,2.318148,1000
64815,0.00087282,0.87282,1000
64816,0.003227636,3.227636,1000
64817,0.007234087,7.234087,1000
64818,0.00141239,1.41239,1000
64819,0.00611594,6.11594,1000
64820,0.00668797,6.68797,1000
64821,0.000701913,0.701913,1000
64822,0.005051645,5.051645,1000
64823,0.000496559,0.496559,1000
64824,0.00076887,0.76887,1000
64825,0.00080834,0.80834,1000
64826,0.000928508,0.928508,1000
64828,0.000818155,0.818155,1000
64829,0.00081312,0.81312,1000
64830,0.000916974,0.916974,1000
64831,0.015086059,15.086059,1000
64832,0.001736492,1.736492,1000
64833,0.001413817,1.413817,1000
64834,0.000612743,0.612743,1000
64835,0.000892421,0.892421,1000
64836,0.000763477,0.763477,1000
64837,0.000881725,0.881725,1000
64838,0.001290576,1.290576,1000
64839,0.000958319,0.958319,1000
64840,0.000626458,0.626458,1000
64841,0.001821889,1.821889,1000
64842,0.00308852,3.08852,1000
64843,0.003403244,3.403244,1000
64844,0.000489668,0.489668,1000
64845,0.001235613,1.235613,1000
64846,0.001010701,1.010701,1000
64847,0.003326296,3.326296,1000
64848,0.000847128,0.847128,1000
64849,0.001184545,1.184545,1000
64850,0.001062541,1.062541,1000
64851,0.0013422,1.3422,1000
64852,0.014357474,14.357474,1000
64853,0.000584926,0.584926,1000
64854,0.000256965,0.256965,1000
64855,0.00276042,2.76042,1000
64856,0.00070392,0.70392,1000
64857,0.001298222,1.298222,1000
64858,0.000840741,0.840741,1000
64859,0.000623212,0.623212,1000
64860,0.000783777,0.783777,1000
64861,0.001666034,1.666034,1000
64862,0.001392554,1.392554,1000
64863,0.000783777,0.783777,1000
64864,0.000393607,0.393607,1000
64865,0.000806744,0.806744,1000
64866,0.013741749,13.741749,1000
64867,0.002692351,2.692351,1000
64868,0.001062569,1.062569,1000
64869,0.00103168,1.03168,1000
64870,0.002070306,2.070306,1000
64871,0.00115367,1.15367,1000
64872,0.001072613,1.072613,1000
64873,0.005246563,5.246563,1000
64874,0.001224264,1.224264,1000
64875,0.00138256,1.38256,1000
64876,0.000666501,0.666501,1000
64877,0.000808824,0.808824,1000
64878,0.000772561,0.772561,1000
64880,0.001062541,1.062541,1000
64881,0.002796512,2.796512,1000
64882,0.001469315,1.469315,1000
64883,0.000309277,0.309277,1000
64884,0.001696087,1.696087,1000
64885,0.06457589,64.57589,1000
64886,0.000451257,0.451257,1000
64887,0.031493008,31.493008,1000
64888,0.001071133,1.071133,1000
64889,0.000599208,0.599208,1000
64890,0.003637743,3.637743,1000
64891,0.002991267,2.991267,1000
64892,0.001088472,1.088472,1000
64893,0.005016948,5.016948,1000
64894,0.00263624,2.63624,1000
64895,0.001357138,1.357138,1000
64896,0.000719177,0.719177,1000
64897,0.002898474,2.898474,1000
64898,0.001002329,1.002329,1000
64899,0.00114634,1.14634,1000
64900,0.000605844,0.605844,1000
64901,0.00125593,1.25593,1000
64902,0.000682211,0.682211,1000
64903,0.000385176,0.385176,1000
64904,0.000656502,0.656502,1000
64905,0.002491658,2.491658,1000
64906,0.000632536,0.632536,1000
64907,0.00143462,1.43462,1000
64908,0.001043007,1.043007,1000
64909,0.148635486,148.635486,1000
64910,0.00072539,0.72539,1000
64911,0.000554735,0.554735,1000
64912,0.000516598,0.516598,1000
64913,0.000797405,0.797405,1000
64914,0.000420378,0.420378,1000
64915,0.000755234,0.755234,1000
64916,0.000729347,0.729347,1000
64917,0.001650793,1.650793,1000
64918,0.00031429,0.31429,1000
64919,0.00151446,1.51446,1000
64920,0.001014574,1.014574,1000
64921,0.001609087,1.609087,1000
64922,0.001081154,1.081154,1000
64923,0.000829752,0.829752,1000
64924,0.020933436,20.933436,1000
64925,0.002895076,2.895076,1000
64926,0.001093325,1.093325,1000
64927,0.002938711,2.938711,1000
64928,0.000471601,0.471601,1000
64929,0.001609087,1.609087,1000
64930,0.001165758,1.165758,1000
64931,0.008434684,8.434684,1000
64932,0.000819283,0.819283,1000
64933,0.002655709,2.655709,1000
64934,0.000894909,0.894909,1000
64935,0.000737947,0.737947,1000
64936,0.001006227,1.006227,1000
64937,0.000502936,0.502936,1000
64938,0.000961757,0.961757,1000
64939,0.001108443,1.108443,1000
64940,0.00097122,0.97122,1000
64941,0.001959542,1.959542,1000
64942,0.000311218,0.311218,1000
64943,0.015970028,15.970028,1000
64944,0.000891204,0.891204,1000
64945,0.00579815,5.79815,1000
64946,0.000307582,0.307582,1000
64947,0.000697195,0.697195,1000
64948,0.000799032,0.799032,1000
64949,0.001514584,1.514584,1000
64950,0.003021132,3.021132,1000
64951,0.000912582,0.912582,1000
64952,0.00101434,1.01434,1000
64953,0.001705004,1.705004,1000
64954,0.004290339,4.290339,1000
64955,0.002972127,2.972127,1000
64956,0.001042957,1.042957,1000
64957,0.000814991,0.814991,1000
64958,0.001042957,1.042957,1000
64959,0.003656362,3.656362,1000
64960,0.002679914,2.679914,1000
64961,0.001042817,1.042817,1000
64962,0.002879442,2.879442,1000
64963,0.000790781,0.790781,1000
64964,0.00059126,0.59126,1000
64965,0.003243329,3.243329,1000
64966,0.000269748,0.269748,1000
64967,0.000752703,0.752703,1000
64968,0.01489359,14.89359,1000
64969,0.000937356,0.937356,1000
64970,0.001130377,1.130377,1000
64971,0.000377493,0.377493,1000
64973,0.003345283,3.345283,1000
64974,0.000882182,0.882182,1000
64975,0.000965634,0.965634,1000
64976,0.001321031,1.321031,1000
64977,0.000982522,0.982522,1000
64978,0.001047998,1.047998,1000
64979,0.001070943,1.070943,1000
64980,0.000946671,0.946671,1000
64981,0.000849015,0.849015,1000
64982,0.000776841,0.776841,1000
64983,0.001082469,1.082469,1000
64984,0.008007316,8.007316,1000
64985,0.002761174,2.761174,1000
64986,0.002540902,2.540902,1000
64987,0.003204634,3.204634,1000
64988,0.000724464,0.724464,1000
64989,0.00088341,0.88341,1000
64990,0.000814549,0.814549,1000
64991,0.00800579,8.00579,1000
64992,0.000613978,0.613978,1000
64993,0.001078774,1.078774,1000
64994,0.001954444,1.954444,1000
64995,0.0005852,0.5852,1000
64996,0.000764199,0.764199,1000
64997,0.00098284,0.98284,1000
64998,0.000578772,0.578772,1000
64999,0.003343473,3.343473,1000
65000,0.001046488,1.046488,1000
65001,0.001071105,1.071105,1000
65002,0.000899935,0.899935,1000
65003,0.000702982,0.702982,1000
65004,0.001207304,1.207304,1000
65005,0.000602278,0.602278,1000
65006,0.005124386,5.124386,1000
65007,0.000655816,0.655816,1000
65008,0.001070943,1.070943,1000
65009,0.000949934,0.949934,1000
65010,0.000796974,0.796974,1000
65011,0.001027302,1.027302,1000
65012,0.002975602,2.975602,1000
65013,0.000906073,0.906073,1000
65014,0.000963771,0.963771,1000
65015,0.000891225,0.891225,1000
65016,0.002700787,2.700787,1000
65017,0.004687639,4.687639,1000
65018,0.000414104,0.414104,1000
65019,0.007228557,7.228557,1000
65020,0.001062541,1.062541,1000
65021,0.000865771,0.865771,1000
65022,0.001825149,1.825149,1000
65023,0.001822513,1.822513,1000
65024,0.001042979,1.042979,1000
65025,0.000609394,0.609394,1000
65026,0.001006165,1.006165,1000
65027,0.001010464,1.010464,1000
65028,0.000890065,0.890065,1000
65029,0.000928821,0.928821,1000
65030,0.000639723,0.639723,1000
65031,0.000445625,0.445625,1000
65032,0.012744671,12.744671,1000
65033,0.00278603,2.78603,1000
65034,0.001062379,1.062379,1000
65035,0.001070445,1.070445,1000
65036,0.000878666,0.878666,1000
65037,0.002796331,2.796331,1000
65038,0.00114796,1.14796,1000
65039,0.003766062,3.766062,1000
65040,0.001080015,1.080015,1000
65041,0.001032534,1.032534,1000
65042,0.001987705,1.987705,1000
65043,0.015982082,15.982082,1000
65044,0.002973476,2.973476,1000
65045,0.008571172,8.571172,1000
65046,0.030226639,30.226639,1000
65047,0.000652254,0.652254,1000
65048,0.00079217,0.79217,1000
65049,0.001593884,1.593884,1000
65050,0.000864113,0.864113,1000
65051,0.000964089,0.964089,1000
65052,0.001062519,1.062519,1000
65053,0.000846283,0.846283,1000
65054,0.001323236,1.323236,1000
65055,0.000415663,0.415663,1000
65056,0.00060284,0.60284,1000
65057,0.00185466,1.85466,1000
65058,0.003303548,3.303548,1000
65059,0.000656275,0.656275,1000
65060,0.001062502,1.062502,1000
65061,0.001048883,1.048883,1000
65062,0.000892428,0.892428,1000
65063,0.000825966,0.825966,1000
65064,0.000631352,0.631352,1000
65065,0.003008056,3.008056,1000
65066,0.015892829,15.892829,1000
65067,0.00081312,0.81312,1000
65068,0.000960809,0.960809,1000
65069,0.016020532,16.020532,1000
65070,0.000759426,0.759426,1000
65071,0.02682881,26.82881,1000
65072,0.000887066,0.887066,1000
65073,0.002026191,2.026191,1000
65074,0.000813867,0.813867,1000
65075,0.001070943,1.070943,1000
65076,0.000936844,0.936844,1000
65077,0.001314735,1.314735,1000
65078,0.000795409,0.795409,1000
65079,0.008066752,8.066752,1000
65080,0.001071066,1.071066,1000
65081,0.000837546,0.837546,1000
65082,0.008154296,8.154296,1000
65083,0.002813132,2.813132,1000
65084,0.000672311,0.672311,1000
65085,0.000916276,0.916276,1000
65086,0.002074083,2.074083,1000
65087,0.000719748,0.719748,1000
65088,0.001443609,1.443609,1000
65089,0.000960681,0.960681,1000
65090,0.000554041,0.554041,1000
65091,0.001265515,1.265515,1000
65092,0.001577053,1.577053,1000
65093,0.008893911,8.893911,1000
65094,0.00078862,0.78862,1000
65095,0.00099313,0.99313,1000
65096,0.000593559,0.593559,1000
65097,0.002669813,2.669813,1000
65098,0.00079703,0.79703,1000
65099,0.001246234,1.246234,1000
65100,0.000292271,0.292271,1000
65101,0.000435339,0.435339,1000
65102,0.00086789,0.86789,1000
65103,0.001387306,1.387306,1000
65104,0.00115282,1.15282,1000
65105,0.001042979,1.042979,1000
65106,0.000404191,0.404191,1000
65107,0.003165601,3.165601,1000
65108,0.000702194,0.702194,1000
65109,0.002705474,2.705474,1000
65110,0.001168085,1.168085,1000
65111,0.000842833,0.842833,1000
65112,0.001313073,1.313073,1000
65113,0.000640693,0.640693,1000
65114,0.000908835,0.908835,1000
65115,0.000827469,0.827469,1000
65116,0.0022293,2.2293,1000
65117,0.001470132,1.470132,1000
65118,0.015873543,15.873543,1000
65119,0.000993186,0.993186,1000
65120,0.001360075,1.360075,1000
65121,0.001176535,1.176535,1000
65122,0.008298145,8.298145,1000
65123,0.002730615,2.730615,1000
65124,0.002869262,2.869262,1000
65125,0.008239988,8.239988,1000
65126,0.001520309,1.520309,1000
65127,0.000627156,0.627156,1000
65128,0.00258979,2.58979,1000
65129,0.143886638,143.886638,1000
65130,0.001565467,1.565467,1000
65131,0.002972245,2.972245,1000
65132,0.001136619,1.136619,1000
65133,0.005386366,5.386366,1000
65134,0.01706938,17.06938,1000
65135,0.001071105,1.071105,1000
65136,0.000514072,0.514072,1000
65137,0.001227291,1.227291,1000
65138,0.008097054,8.097054,1000
65139,0.001502336,1.502336,1000
65140,0.001427102,1.427102,1000
65141,0.001970532,1.970532,1000
65142,0.001002329,1.002329,1000
65143,0.006632996,6.632996,1000
65144,0.000301119,0.301119,1000
65145,0.000550013,0.550013,1000
65146,0.002594016,2.594016,1000
65147,0.000993186,0.993186,1000
65148,0.000782228,0.782228,1000
65149,0.00094556,0.94556,1000
65150,0.002990914,2.990914,1000
65151,0.000827694,0.827694,1000
65152,0.000360139,0.360139,1000
65153,0.000772679,0.772679,1000
65154,0.000842992,0.842992,1000
65155,0.000605783,0.605783,1000
65156,0.000800035,0.800035,1000
65157,0.000896457,0.896457,1000
65158,0.001146478,1.146478,1000
65159,0.000726743,0.726743,1000
65160,0.000634613,0.634613,1000
65161,0.000793623,0.793623,1000
65162,0.017329578,17.329578,1000
65163,0.000696363,0.696363,1000
65164,0.001083986,1.083986,1000
65165,0.003013061,3.013061,1000
65166,0.002833595,2.833595,1000
65167,0.040783972,40.783972,1000
65168,0.000688747,0.688747,1000
65169,0.000691391,0.691391,1000
65170,0.003557493,3.557493,1000
65171,0.001042979,1.042979,1000
65172,0.000693407,0.693407,1000
65173,0.000676952,0.676952,1000
65174,0.000606158,0.606158,1000
65175,0.000775749,0.775749,1000
65176,0.011996329,11.996329,1000
65177,0.001483455,1.483455,1000
65178,0.000585514,0.585514,1000
65179,0.00071757,0.71757,1000
65180,0.000446841,0.446841,1000
65181,0.001087529,1.087529,1000
65182,0.000482909,0.482909,1000
65183,0.001457786,1.457786,1000
65184,0.000881325,0.881325,1000
65185,0.002996766,2.996766,1000
65186,0.001006227,1.006227,1000
65187,0.001608681,1.608681,1000
65188,0.001289454,1.289454,1000
65189,0.000807889,0.807889,1000
65190,0.000674809,0.674809,1000
65191,0.001438937,1.438937,1000
65192,0.001081154,1.081154,1000
65193,0.005742257,5.742257,1000
65194,0.001057527,1.057527,1000
65195,0.000979262,0.979262,1000
65196,0.000530495,0.530495,1000
65197,0.001284055,1.284055,1000
65198,0.00195908,1.95908,1000
65199,0.001139331,1.139331,1000
65200,0.000995476,0.995476,1000
65201,0.015844761,15.844761,1000
65202,0.000830963,0.830963,1000
65203,0.008150363,8.150363,1000
65204,0.000805687,0.805687,1000
65205,0.021258948,21.258948,1000
65206,0.000613211,0.613211,1000
65207,0.001002457,1.002457,1000
65208,0.002765043,2.765043,1000
65209,0.000713492,0.713492,1000
65210,0.000993124,0.993124,1000
65211,0.001031507,1.031507,1000
65212,0.000882525,0.882525,1000
65213,0.000456442,0.456442,1000
65214,0.00032457,0.32457,1000
65215,0.000415263,0.415263,1000
65216,0.005933512,5.933512,1000
65217,0.000918619,0.918619,1000
65218,0.001062519,1.062519,1000
65219,0.000858691,0.858691,1000
65220,0.000649671,0.649671,1000
65221,0.001825149,1.825149,1000
65222,0.001071105,1.071105,1000
65223,0.000986784,0.986784,1000
65224,0.121129246,121.129246,1000
65225,0.000829757,0.829757,1000
65226,0.000863427,0.863427,1000
65227,0.008032569,8.032569,1000
65228,0.000648743,0.648743,1000
65229,0.000486194,0.486194,1000
65230,0.000702232,0.702232,1000
65231,0.000649963,0.649963,1000
65232,0.001520388,1.520388,1000
65233,0.000659401,0.659401,1000
65234,0.000944423,0.944423,1000
65235,0.001018268,1.018268,1000
65236,0.000729025,0.729025,1000
65237,0.000707646,0.707646,1000
65238,0.000425913,0.425913,1000
65239,0.000948737,0.948737,1000
65240,0.141256269,141.256269,1000
65241,0.000925601,0.925601,1000
65242,0.000629582,0.629582,1000
65243,0.000917227,0.917227,1000
65244,0.000815481,0.815481,1000
65245,0.001313754,1.313754,1000
65246,0.000797405,0.797405,1000
65247,0.002815685,2.815685,1000
65248,0.001018268,1.018268,1000
65249,0.001016744,1.016744,1000
65250,0.001386798,1.386798,1000
65251,0.001062502,1.062502,1000
65252,0.005242289,5.242289,1000
65253,0.001072813,1.072813,1000
65254,0.000875726,0.875726,1000
65255,0.00030766,0.30766,1000
65256,0.000386498,0.386498,1000
65257,0.000978076,0.978076,1000
65258,0.000705537,0.705537,1000
65259,0.005243324,5.243324,1000
65260,0.001134926,1.134926,1000
65261,0.00117134,1.17134,1000
65262,0.000994431,0.994431,1000
65263,0.000900945,0.900945,1000
65264,0.001771835,1.771835,1000
65265,0.00077372,0.77372,1000
65266,0.00103168,1.03168,1000
65267,0.001324896,1.324896,1000
65268,0.004502533,4.502533,1000
65269,0.001168663,1.168663,1000
65270,0.000980892,0.980892,1000
65271,0.000526225,0.526225,1000
65272,0.000878856,0.878856,1000
65273,0.002025199,2.025199,1000
65274,0.001193132,1.193132,1000
65275,0.000764865,0.764865,1000
65276,0.002463595,2.463595,1000
65277,0.001076204,1.076204,1000
65278,0.00076393,0.76393,1000
65279,0.001201499,1.201499,1000
65280,0.000924941,0.924941,1000
65281,0.001089846,1.089846,1000
65282,0.022674683,22.674683,1000
65283,0.000891914,0.891914,1000
65284,0.000512914,0.512914,1000
65285,0.000520504,0.520504,1000
65286,0.001480218,1.480218,1000
65287,0.008188311,8.188311,1000
65288,0.003276662,3.276662,1000
65289,0.016283376,16.283376,1000
65290,0.002831223,2.831223,1000
65291,0.001627974,1.627974,1000
65292,0.000922049,0.922049,1000
65293,0.001152443,1.152443,1000
65294,0.000859532,0.859532,1000
65295,0.000920389,0.920389,1000
65296,0.000680976,0.680976,1000
65297,0.00104294,1.04294,1000
65298,0.003626206,3.626206,1000
65299,0.026767225,26.767225,1000
65300,0.001150292,1.150292,1000
65301,0.000646358,0.646358,1000
65302,0.002861764,2.861764,1000
65303,0.001145714,1.145714,1000
65304,0.000734627,0.734627,1000
65305,0.000696778,0.696778,1000
65306,0.000628835,0.628835,1000
65307,0.001050744,1.050744,1000
65308,0.0011323,1.1323,1000
65309,0.00063058,0.63058,1000
65310,0.000255262,0.255262,1000
65311,0.000758794,0.758794,1000
65312,0.001623222,1.623222,1000
65313,0.000594757,0.594757,1000
65314,0.00312626,3.12626,1000
65315,0.002455838,2.455838,1000
65316,0.000815626,0.815626,1000
65317,0.001286483,1.286483,1000
65318,0.064580577,64.580577,1000
65319,0.000825966,0.825966,1000
65320,0.000825966,0.825966,1000
65321,0.008116384,8.116384,1000
65322,0.001050663,1.050663,1000
65323,0.001001766,1.001766,1000
65324,0.00086379,0.86379,1000
65325,0.000559176,0.559176,1000
65326,0.001131781,1.131781,1000
65327,0.000599522,0.599522,1000
65328,0.001014503,1.014503,1000
65329,0.001392299,1.392299,1000
65330,0.000788112,0.788112,1000
65331,0.001582896,1.582896,1000
65332,0.000775947,0.775947,1000
65333,0.001082842,1.082842,1000
65334,0.001368139,1.368139,1000
65335,0.000767076,0.767076,1000
65336,0.001306491,1.306491,1000
65337,0.000933112,0.933112,1000
65338,0.004308718,4.308718,1000
65339,0.001056161,1.056161,1000
65340,0.001134496,1.134496,1000
65341,0.001606325,1.606325,1000
65342,0.001006227,1.006227,1000
65343,0.001599715,1.599715,1000
65344,0.004003866,4.003866,1000
65345,0.001523648,1.523648,1000
65346,0.000782666,0.782666,1000
65347,0.000931991,0.931991,1000
65348,0.001226074,1.226074,1000
65349,0.000603524,0.603524,1000
65350,0.00065272,0.65272,1000
65351,0.018192651,18.192651,1000
65352,0.001305747,1.305747,1000
65353,0.001584131,1.584131,1000
65354,0.00077497,0.77497,1000
65355,0.000684633,0.684633,1000
65356,0.000975343,0.975343,1000
65357,0.000731276,0.731276,1000
65358,0.001480218,1.480218,1000
65359,0.003078131,3.078131,1000
65360,0.00081021,0.81021,1000
65361,0.000783777,0.783777,1000
65362,0.000891235,0.891235,1000
65363,0.00324978,3.24978,1000
65364,0.000787331,0.787331,1000
65365,0.000871842,0.871842,1000
65366,0.008137498,8.137498,1000
65367,0.036748401,36.748401,1000
65368,0.000918105,0.918105,1000
65369,0.000569062,0.569062,1000
65370,0.000299582,0.299582,1000
65371,0.001309939,1.309939,1000
65372,0.000609071,0.609071,1000
65373,0.000833113,0.833113,1000
65374,0.007635824,7.635824,1000
65375,0.001087139,1.087139,1000
65376,0.000924372,0.924372,1000
65377,0.001234014,1.234014,1000
65378,0.001175379,1.175379,1000
65379,0.001062502,1.062502,1000
65380,0.001003843,1.003843,1000
65381,0.000739992,0.739992,1000
65382,0.000234182,0.234182,1000
65383,0.000900134,0.900134,1000
65384,0.001488012,1.488012,1000
65385,0.013175405,13.175405,1000
65386,0.001031804,1.031804,1000
65387,0.000610429,0.610429,1000
65388,0.002123472,2.123472,1000
65389,0.000418214,0.418214,1000
65390,0.046657603,46.657603,1000
65391,0.001043522,1.043522,1000
65392,0.001820192,1.820192,1000
65393,0.000948554,0.948554,1000
65394,0.001180267,1.180267,1000
65395,0.000651036,0.651036,1000
65396,0.006565184,6.565184,1000
65397,0.001246295,1.246295,1000
65398,0.000795339,0.795339,1000
65399,0.000445947,0.445947,1000
65400,0.001339507,1.339507,1000
65401,0.002916212,2.916212,1000
65402,0.000739527,0.739527,1000
65403,0.001484906,1.484906,1000
65404,0.000912607,0.912607,1000
65405,0.000873943,0.873943,1000
65406,0.000518822,0.518822,1000
65407,0.000439817,0.439817,1000
65408,0.00092883,0.92883,1000
65409,0.000941825,0.941825,1000
65410,0.002504669,2.504669,1000
65411,0.001006165,1.006165,1000
65412,0.000783777,0.783777,1000
65413,0.001116737,1.116737,1000
65414,0.000967192,0.967192,1000
65415,0.006699437,6.699437,1000
65416,0.001097456,1.097456,1000
65417,0.000679011,0.679011,1000
65418,0.000492462,0.492462,1000
65419,0.001472631,1.472631,1000
65420,0.000825966,0.825966,1000
65421,0.000613623,0.613623,1000
65422,0.000889045,0.889045,1000
65423,0.001062519,1.062519,1000
65424,0.000853563,0.853563,1000
65425,0.000802985,0.802985,1000
65426,0.000963771,0.963771,1000
65427,0.001181129,1.181129,1000
65428,0.000409185,0.409185,1000
65429,0.001217744,1.217744,1000
65430,0.000599226,0.599226,1000
65431,0.000337233,0.337233,1000
65433,0.000381274,0.381274,1000
65434,0.0008823,0.8823,1000
65435,0.001057116,1.057116,1000
65436,0.000629298,0.629298,1000
65437,0.001083118,1.083118,1000
65438,0.022933343,22.933343,1000
65439,0.001156317,1.156317,1000
65440,0.001316081,1.316081,1000
65441,0.002822029,2.822029,1000
65442,0.001170152,1.170152,1000
65443,0.000694053,0.694053,1000
65444,0.001503357,1.503357,1000
65445,0.001761945,1.761945,1000
65446,0.00153165,1.53165,1000
65447,0.000943724,0.943724,1000
65448,0.000852243,0.852243,1000
65449,0.000853704,0.853704,1000
65450,0.06457589,64.57589,1000
65451,0.000533338,0.533338,1000
65452,0.000988925,0.988925,1000
65453,0.001359806,1.359806,1000
65454,0.000928613,0.928613,1000
65455,0.001000921,1.000921,1000
65456,0.001592071,1.592071,1000
65457,0.007850254,7.850254,1000
65458,0.008640508,8.640508,1000
65459,0.001015045,1.015045,1000
65460,0.000845114,0.845114,1000
65461,0.001203357,1.203357,1000
65462,0.000822982,0.822982,1000
65463,0.000761165,0.761165,1000
65464,0.000337286,0.337286,1000
65465,0.00073663,0.73663,1000
65466,0.000856808,0.856808,1000
65467,0.00146728,1.46728,1000
65468,0.00107521,1.07521,1000
65469,0.000693053,0.693053,1000
65470,0.001025641,1.025641,1000
65471,0.00072733,0.72733,1000
65472,0.006050066,6.050066,1000
65473,0.002694542,2.694542,1000
65474,0.00066455,0.66455,1000
65475,0.00048622,0.48622,1000
65476,0.01347752,13.47752,1000
65477,0.005879738,5.879738,1000
65478,0.001764482,1.764482,1000
65479,0.000978483,0.978483,1000
65480,0.030269322,30.269322,1000
65481,0.000589201,0.589201,1000
65482,0.001071083,1.071083,1000
65483,0.002483786,2.483786,1000
65484,0.000794916,0.794916,1000
65485,0.001011607,1.011607,1000
65486,0.000568013,0.568013,1000
65487,0.00141364,1.41364,1000
65488,0.000583836,0.583836,1000
65489,0.000387621,0.387621,1000
65490,0.000792543,0.792543,1000
65491,0.000965432,0.965432,1000
65492,0.001667461,1.667461,1000
65493,0.000992011,0.992011,1000
65494,0.00089688,0.89688,1000
65495,0.000783777,0.783777,1000
65496,0.000845606,0.845606,1000
65497,0.000705005,0.705005,1000
65498,0.001108244,1.108244,1000
65499,0.001608008,1.608008,1000
65500,0.000783777,0.783777,1000
65501,0.23297572,232.97572,1000
65502,0.001314652,1.314652,1000
65503,0.001015652,1.015652,1000
65504,0.001334072,1.334072,1000
65505,0.001215066,1.215066,1000
65506,0.00353644,3.53644,1000
65507,0.000612934,0.612934,1000
65508,0.000500009,0.500009,1000
65509,0.005694444,5.694444,1000
65510,0.001006227,1.006227,1000
65511,0.000643377,0.643377,1000
65512,0.003493931,3.493931,1000
65513,0.000548179,0.548179,1000
65514,0.001332617,1.332617,1000
65515,0.002880439,2.880439,1000
65516,0.001648899,1.648899,1000
65517,0.001315219,1.315219,1000
65518,0.003051821,3.051821,1000
65519,0.001314098,1.314098,1000
65520,0.000563865,0.563865,1000
65521,0.001062502,1.062502,1000
65522,0.002702906,2.702906,1000
65523,0.016079371,16.079371,1000
65524,0.001183229,1.183229,1000
65525,0.001450505,1.450505,1000
65526,0.000775556,0.775556,1000
65527,0.000606706,0.606706,1000
65528,0.00090616,0.90616,1000
65529,0.001042957,1.042957,1000
65530,0.000712555,0.712555,1000
65531,0.000736845,0.736845,1000
65532,0.001252508,1.252508,1000
65533,0.011261798,11.261798,1000
65534,0.000861381,0.861381,1000
65535,0.00081312,0.81312,1000
65536,0.000488861,0.488861,1000
65537,0.00081312,0.81312,1000
65538,0.000934946,0.934946,1000
65539,0.000569109,0.569109,1000
65540,0.001372288,1.372288,1000
65541,0.000824567,0.824567,1000
65542,0.00070967,0.70967,1000
65543,0.000776303,0.776303,1000
65544,0.000597282,0.597282,1000
65545,0.003011275,3.011275,1000
65546,0.000743379,0.743379,1000
65547,0.001263273,1.263273,1000
65548,0.000410518,0.410518,1000
65549,0.009141278,9.141278,1000
65550,0.001266815,1.266815,1000
65551,0.000882918,0.882918,1000
65552,0.000851459,0.851459,1000
65553,0.000645125,0.645125,1000
65554,0.001047226,1.047226,1000
65555,0.02776573,27.76573,1000
65556,0.001044721,1.044721,1000
65557,0.000786452,0.786452,1000
65558,0.000937371,0.937371,1000
65559,0.012245577,12.245577,1000
65560,0.000978076,0.978076,1000
65561,0.002530171,2.530171,1000
65562,0.00078166,0.78166,1000
65563,0.001056537,1.056537,1000
65564,0.00808269,8.08269,1000
65565,0.002300041,2.300041,1000
65566,0.000690564,0.690564,1000
65567,0.000278958,0.278958,1000
65568,0.000546921,0.546921,1000
65569,0.001256493,1.256493,1000
65570,0.060823897,60.823897,1000
65571,0.001040624,1.040624,1000
65572,0.001061992,1.061992,1000
65573,0.000881251,0.881251,1000
65574,0.00158555,1.58555,1000
65575,0.000584781,0.584781,1000
65576,0.00081312,0.81312,1000
65577,0.001209308,1.209308,1000
65578,0.000271955,0.271955,1000
65579,0.147758914,147.758914,1000
65580,0.000253875,0.253875,1000
65581,0.000369367,0.369367,1000
65582,0.000889799,0.889799,1000
65583,0.000798813,0.798813,1000
65584,0.007334799,7.334799,1000
65585,0.000810208,0.810208,1000
65586,0.001691839,1.691839,1000
65587,0.002922194,2.922194,1000
65588,0.000993186,0.993186,1000
65589,0.000762367,0.762367,1000
65590,0.000707076,0.707076,1000
65591,0.00113497,1.13497,1000
65592,0.000746742,0.746742,1000
65593,0.001052505,1.052505,1000
65594,0.001360549,1.360549,1000
65596,0.00078378,0.78378,1000
65597,0.001603291,1.603291,1000
65598,0.001178453,1.178453,1000
65599,0.000604423,0.604423,1000
65600,0.000602099,0.602099,1000
65601,0.001062519,1.062519,1000
65602,0.000605253,0.605253,1000
65603,0.001219505,1.219505,1000
65604,0.001158113,1.158113,1000
65605,0.000898861,0.898861,1000
65606,0.001959576,1.959576,1000
65607,0.000993186,0.993186,1000
65608,0.000973784,0.973784,1000
65609,0.001786772,1.786772,1000
65610,0.000375524,0.375524,1000
65611,0.003377284,3.377284,1000
65612,0.000801074,0.801074,1000
65613,0.000793527,0.793527,1000
65614,0.002966743,2.966743,1000
65615,0.003289505,3.289505,1000
65616,0.000808411,0.808411,1000
65617,0.001553088,1.553088,1000
65618,0.000663869,0.663869,1000
65619,0.004204028,4.204028,1000
65620,0.000596314,0.596314,1000
65621,0.000799961,0.799961,1000
65622,0.000585011,0.585011,1000
65623,0.000795234,0.795234,1000
65624,0.000463573,0.463573,1000
65625,0.000540714,0.540714,1000
65626,0.001617383,1.617383,1000
65627,0.000762755,0.762755,1000
65628,0.001006165,1.006165,1000
65629,0.001183505,1.183505,1000
65630,0.001505839,1.505839,1000
65631,0.001042957,1.042957,1000
65632,0.011704156,11.704156,1000
65633,0.00812868,8.12868,1000
65634,0.00149761,1.49761,1000
65635,0.000667491,0.667491,1000
65636,0.000473881,0.473881,1000
65637,0.001559819,1.559819,1000
65638,0.002861574,2.861574,1000
65639,0.001598572,1.598572,1000
65640,0.000960809,0.960809,1000
65641,0.001142598,1.142598,1000
65642,0.001203396,1.203396,1000
65643,0.001011936,1.011936,1000
65644,0.003082896,3.082896,1000
65645,0.00808693,8.08693,1000
65646,0.00041713,0.41713,1000
65647,0.001270422,1.270422,1000
65648,0.001322434,1.322434,1000
65649,0.002207987,2.207987,1000
65650,0.00081312,0.81312,1000
65651,0.00100443,1.00443,1000
65652,0.001006227,1.006227,1000
65653,0.000607738,0.607738,1000
65654,0.002157634,2.157634,1000
65655,0.001321031,1.321031,1000
65656,0.000687055,0.687055,1000
65657,0.000874207,0.874207,1000
65658,0.00103168,1.03168,1000
65659,0.001071105,1.071105,1000
65660,0.001621623,1.621623,1000
65661,0.001016457,1.016457,1000
65662,0.001042979,1.042979,1000
65663,0.000537682,0.537682,1000
65664,0.001294995,1.294995,1000
65665,0.000303637,0.303637,1000
65666,0.000783777,0.783777,1000
65667,0.000700193,0.700193,1000
65668,0.00072246,0.72246,1000
65669,0.001217345,1.217345,1000
65670,0.000976095,0.976095,1000
65671,0.003370209,3.370209,1000
65672,0.003032891,3.032891,1000
65673,0.001317624,1.317624,1000
65674,0.0015091,1.5091,1000
65675,0.000907671,0.907671,1000
65676,0.000556729,0.556729,1000
65677,0.001011936,1.011936,1000
65678,0.000721379,0.721379,1000
65679,0.001099372,1.099372,1000
65680,0.00081312,0.81312,1000
65681,0.00117751,1.17751,1000
65682,0.000647744,0.647744,1000
65683,0.000981607,0.981607,1000
65684,0.00105043,1.05043,1000
65685,0.000996726,0.996726,1000
65686,0.000432619,0.432619,1000
65687,0.000810123,0.810123,1000
65688,0.001232569,1.232569,1000
65689,0.001085201,1.085201,1000
65690,0.001771836,1.771836,1000
65691,0.00233872,2.33872,1000
65692,0.008453207,8.453207,1000
65693,0.001857677,1.857677,1000
65694,0.002836908,2.836908,1000
65695,0.001071105,1.071105,1000
65696,0.000557459,0.557459,1000
65697,0.026973673,26.973673,1000
65698,0.000996745,0.996745,1000
65699,0.000737024,0.737024,1000
65700,0.000948201,0.948201,1000
65701,0.001018194,1.018194,1000
65702,0.000554764,0.554764,1000
65703,0.001190563,1.190563,1000
65704,0.06457589,64.57589,1000
65705,0.027780369,27.780369,1000
65706,0.000921864,0.921864,1000
65707,0.082947899,82.947899,1000
65708,0.001382615,1.382615,1000
65709,0.004763602,4.763602,1000
65710,0.003504422,3.504422,1000
65711,0.001746026,1.746026,1000
65712,0.000709789,0.709789,1000
65713,0.000878154,0.878154,1000
65714,0.000594749,0.594749,1000
65715,0.000801232,0.801232,1000
65716,0.000442598,0.442598,1000
65717,0.001044721,1.044721,1000
65718,0.001788481,1.788481,1000
65719,0.000607048,0.607048,1000
65720,0.001178319,1.178319,1000
65721,0.000961644,0.961644,1000
65722,0.001080786,1.080786,1000
65723,0.001505839,1.505839,1000
65724,0.002984595,2.984595,1000
65725,0.000825966,0.825966,1000
65726,0.001746026,1.746026,1000
65727,0.000801922,0.801922,1000
65728,0.00063854,0.63854,1000
65729,0.001303267,1.303267,1000
65730,0.001062541,1.062541,1000
65731,0.000797536,0.797536,1000
65732,0.001010843,1.010843,1000
65733,0.001542492,1.542492,1000
65734,0.000876011,0.876011,1000
65735,0.001072874,1.072874,1000
65736,0.001385075,1.385075,1000
65737,0.000729071,0.729071,1000
65738,0.000629828,0.629828,1000
65739,0.000562603,0.562603,1000
65740,0.001062519,1.062519,1000
65741,0.001061881,1.061881,1000
65742,0.00058712,0.58712,1000
65743,0.001524078,1.524078,1000
65744,0.002931145,2.931145,1000
65745,0.002577002,2.577002,1000
65746,0.000825966,0.825966,1000
65747,0.001425888,1.425888,1000
65748,0.004745766,4.745766,1000
65749,0.000266441,0.266441,1000
65750,0.001704938,1.704938,1000
65751,0.000729071,0.729071,1000
65752,0.00083492,0.83492,1000
65753,0.058169214,58.169214,1000
65754,0.000414829,0.414829,1000
65755,0.001525076,1.525076,1000
65756,0.00281594,2.81594,1000
65757,0.002764851,2.764851,1000
65758,0.000759145,0.759145,1000
65759,0.000575992,0.575992,1000
65760,0.001951195,1.951195,1000
65761,0.000755455,0.755455,1000
65762,0.008628799,8.628799,1000
65763,0.001061351,1.061351,1000
65764,0.000483915,0.483915,1000
65765,0.002134093,2.134093,1000
65766,0.000776594,0.776594,1000
65767,0.001069915,1.069915,1000
65768,0.004480519,4.480519,1000
65769,0.00094672,0.94672,1000
65770,0.001945278,1.945278,1000
65771,0.000997008,0.997008,1000
65772,0.000778763,0.778763,1000
65773,0.00038318,0.38318,1000
65774,0.002962209,2.962209,1000
65775,0.001009975,1.009975,1000
65776,0.006056411,6.056411,1000
65777,0.002053594,2.053594,1000
65778,0.001500432,1.500432,1000
65779,0.000825966,0.825966,1000
65780,0.000993186,0.993186,1000
65781,0.595287691,595.287691,1000
65782,0.003403229,3.403229,1000
65783,0.000898415,0.898415,1000
65784,0.001230172,1.230172,1000
65785,0.001184632,1.184632,1000
65786,0.000927782,0.927782,1000
65787,0.001504077,1.504077,1000
65788,0.000801737,0.801737,1000
65789,0.003804585,3.804585,1000
65790,0.000462163,0.462163,1000
65791,0.000513986,0.513986,1000
65792,0.001157643,1.157643,1000
65793,0.002765393,2.765393,1000
65794,0.000323204,0.323204,1000
65795,0.001297821,1.297821,1000
65796,0.00068538,0.68538,1000
65797,0.008403038,8.403038,1000
65798,0.001058409,1.058409,1000
65799,0.002991204,2.991204,1000
65800,0.003368765,3.368765,1000
65801,0.001216268,1.216268,1000
65802,0.003060337,3.060337,1000
65803,0.00115367,1.15367,1000
65804,0.000702183,0.702183,1000
65805,0.001228227,1.228227,1000
65806,0.000728361,0.728361,1000
65807,0.000796402,0.796402,1000
65808,0.003043152,3.043152,1000
65809,0.001062541,1.062541,1000
65811,0.001042817,1.042817,1000
65812,0.000803462,0.803462,1000
65813,0.008059649,8.059649,1000
65814,0.000428988,0.428988,1000
65815,0.000642415,0.642415,1000
65816,0.001325846,1.325846,1000
65817,0.000897009,0.897009,1000
65818,0.001033965,1.033965,1000
65819,0.000803115,0.803115,1000
65820,0.026560917,26.560917,1000
65821,0.001551803,1.551803,1000
65822,0.000722911,0.722911,1000
65823,0.000825966,0.825966,1000
65824,0.000411284,0.411284,1000
65825,0.000811049,0.811049,1000
65826,0.002997312,2.997312,1000
65827,0.000669272,0.669272,1000
65828,0.003300287,3.300287,1000
65829,0.000945507,0.945507,1000
65830,0.006996949,6.996949,1000
65831,0.000391218,0.391218,1000
65832,0.008695447,8.695447,1000
65833,0.000502659,0.502659,1000
65834,0.000743289,0.743289,1000
65835,0.000461949,0.461949,1000
65836,0.00064147,0.64147,1000
65837,0.003171757,3.171757,1000
65838,0.002014377,2.014377,1000
65839,0.001637267,1.637267,1000
65840,0.001532504,1.532504,1000
65841,0.00131222,1.31222,1000
65842,0.000819461,0.819461,1000
65843,0.002966695,2.966695,1000
65844,0.001191173,1.191173,1000
65845,0.001144708,1.144708,1000
65846,0.001411011,1.411011,1000
65847,0.001042957,1.042957,1000
65848,0.000789311,0.789311,1000
65849,0.000926682,0.926682,1000
65850,0.000419681,0.419681,1000
65851,0.001042957,1.042957,1000
65852,0.00118789,1.18789,1000
65853,0.028675868,28.675868,1000
65854,0.040478232,40.478232,1000
65855,0.003346483,3.346483,1000
65856,0.000953545,0.953545,1000
65857,0.000724435,0.724435,1000
65858,0.003311739,3.311739,1000
65860,0.00058156,0.58156,1000
65861,0.003204349,3.204349,1000
65862,0.003146887,3.146887,1000
65863,0.016720266,16.720266,1000
65864,0.000900602,0.900602,1000
65865,0.008192009,8.192009,1000
65866,0.000503585,0.503585,1000
65867,0.001062769,1.062769,1000
65868,0.000635391,0.635391,1000
65869,0.000818057,0.818057,1000
65870,0.000968955,0.968955,1000
65871,0.001367142,1.367142,1000
65872,0.003838208,3.838208,1000
65873,0.015975927,15.975927,1000
65874,0.000801599,0.801599,1000
65875,0.001097418,1.097418,1000
65876,0.0006751,0.6751,1000
65877,0.000626199,0.626199,1000
65878,0.001336899,1.336899,1000
65879,0.010049952,10.049952,1000
65880,0.044049761,44.049761,1000
65881,0.001696293,1.696293,1000
65882,0.003444415,3.444415,1000
65883,0.002837058,2.837058,1000
65884,0.001016606,1.016606,1000
65885,0.001011936,1.011936,1000
65886,0.001156326,1.156326,1000
65887,0.001262054,1.262054,1000
65888,0.000905151,0.905151,1000
65889,0.000351957,0.351957,1000
65890,0.000724092,0.724092,1000
65891,0.001157211,1.157211,1000
65892,0.001563334,1.563334,1000
65893,0.000681371,0.681371,1000
65894,0.00387139,3.87139,1000
65895,0.000848671,0.848671,1000
65896,0.001231405,1.231405,1000
65897,0.000783285,0.783285,1000
65898,0.001159546,1.159546,1000
65899,0.001042288,1.042288,1000
65900,0.001046561,1.046561,1000
65901,0.001192934,1.192934,1000
65902,0.001145456,1.145456,1000
65903,0.000751243,0.751243,1000
65904,0.001168188,1.168188,1000
65905,0.000546727,0.546727,1000
65906,0.000810221,0.810221,1000
65907,0.000689278,0.689278,1000
65908,0.012827333,12.827333,1000
65909,0.000898106,0.898106,1000
65910,0.016144684,16.144684,1000
65911,0.003461181,3.461181,1000
65912,0.000821983,0.821983,1000
65913,0.001042957,1.042957,1000
65914,0.000526901,0.526901,1000
65915,0.001335472,1.335472,1000
65916,0.001076934,1.076934,1000
65917,0.002694466,2.694466,1000
65918,0.002278089,2.278089,1000
65919,0.000955231,0.955231,1000
65920,0.002721261,2.721261,1000
65921,0.000778314,0.778314,1000
65922,0.001675552,1.675552,1000
65923,0.00128802,1.28802,1000
65924,0.001071083,1.071083,1000
65925,0.007994576,7.994576,1000
65926,0.003084514,3.084514,1000
65927,0.000615109,0.615109,1000
65928,0.000969304,0.969304,1000
65929,0.000835289,0.835289,1000
65930,0.003228174,3.228174,1000
65931,0.00112596,1.12596,1000
65932,0.000583191,0.583191,1000
65933,0.0015091,1.5091,1000
65934,0.0015091,1.5091,1000
65935,0.000586465,0.586465,1000
65936,0.001128435,1.128435,1000
65937,0.000671773,0.671773,1000
65938,0.001749287,1.749287,1000
65939,0.000868578,0.868578,1000
65940,0.001134915,1.134915,1000
65941,0.001666066,1.666066,1000
65942,0.000664604,0.664604,1000
65943,0.020846923,20.846923,1000
65944,0.001801919,1.801919,1000
65945,0.00081312,0.81312,1000
65946,0.000770952,0.770952,1000
65947,0.003003895,3.003895,1000
65948,0.000781591,0.781591,1000
65949,0.00115367,1.15367,1000
65950,0.000700499,0.700499,1000
65951,0.000825966,0.825966,1000
65952,0.00084479,0.84479,1000
65953,0.000978312,0.978312,1000
65954,0.0011313,1.1313,1000
65955,0.000779104,0.779104,1000
65956,0.002839637,2.839637,1000
65957,0.000645638,0.645638,1000
65958,0.003982944,3.982944,1000
65959,0.000593956,0.593956,1000
65960,0.001550757,1.550757,1000
65961,0.000699271,0.699271,1000
65962,0.001293255,1.293255,1000
65963,0.000612169,0.612169,1000
65964,0.001673356,1.673356,1000
65965,0.000764443,0.764443,1000
65966,0.000942107,0.942107,1000
65967,0.00103759,1.03759,1000
65968,0.028816621,28.816621,1000
65969,0.000959836,0.959836,1000
65970,0.000469529,0.469529,1000
65972,0.001666066,1.666066,1000
65973,0.00135094,1.35094,1000
65974,0.000839601,0.839601,1000
65975,0.003731524,3.731524,1000
65976,0.001636872,1.636872,1000
65977,0.000724852,0.724852,1000
65978,0.162615132,162.615132,1000
65979,0.001592052,1.592052,1000
65980,0.001057524,1.057524,1000
65981,0.129483075,129.483075,1000
65982,0.003692079,3.692079,1000
65983,0.001226048,1.226048,1000
65984,0.001505839,1.505839,1000
65985,0.00104294,1.04294,1000
65986,0.000905011,0.905011,1000
65987,0.000570543,0.570543,1000
65988,0.000939962,0.939962,1000
65989,0.000764509,0.764509,1000
65990,0.00091407,0.91407,1000
65991,0.001563816,1.563816,1000
65992,0.000755907,0.755907,1000
65993,0.002699449,2.699449,1000
65994,0.001273498,1.273498,1000
65995,0.000788903,0.788903,1000
65996,0.001071083,1.071083,1000
65997,0.000341313,0.341313,1000
65998,0.004046925,4.046925,1000
65999,0.000812534,0.812534,1000
66000,0.004394937,4.394937,1000
66001,0.000906282,0.906282,1000
66002,0.00078075,0.78075,1000
66003,0.001624094,1.624094,1000
66004,0.000635787,0.635787,1000
66005,0.003004323,3.004323,1000
66006,0.001412029,1.412029,1000
66007,0.000693278,0.693278,1000
66008,0.014259728,14.259728,1000
66009,0.003248578,3.248578,1000
66010,0.000934948,0.934948,1000
66011,0.004634802,4.634802,1000
66012,0.000669433,0.669433,1000
66013,0.001428554,1.428554,1000
66014,0.001334072,1.334072,1000
66015,0.00155532,1.55532,1000
66016,0.001221487,1.221487,1000
66017,0.00118789,1.18789,1000
66018,0.004591344,4.591344,1000
66019,0.000851291,0.851291,1000
66020,0.001071083,1.071083,1000
66021,0.001010563,1.010563,1000
66022,0.000781155,0.781155,1000
66023,0.001131207,1.131207,1000
66024,0.000796959,0.796959,1000
66025,0.00081312,0.81312,1000
66026,0.000568157,0.568157,1000
66027,0.001382615,1.382615,1000
66028,0.001172505,1.172505,1000
66029,0.001321031,1.321031,1000
66030,0.003173124,3.173124,1000
66031,0.002727615,2.727615,1000
66032,0.000595885,0.595885,1000
66033,0.000567386,0.567386,1000
66034,0.001042957,1.042957,1000
66035,0.000834167,0.834167,1000
66036,0.000795512,0.795512,1000
66037,0.000732413,0.732413,1000
66038,0.00110452,1.10452,1000
66039,0.000426331,0.426331,1000
66040,0.00083613,0.83613,1000
66041,0.001005606,1.005606,1000
66042,0.001131756,1.131756,1000
66043,0.001062541,1.062541,1000
66044,0.000398701,0.398701,1000
66045,0.000940116,0.940116,1000
66046,0.000653238,0.653238,1000
66047,0.001746026,1.746026,1000
66048,0.002715987,2.715987,1000
66049,0.023791102,23.791102,1000
66050,0.002700787,2.700787,1000
66051,0.001322564,1.322564,1000
66052,0.000821823,0.821823,1000
66053,0.004347419,4.347419,1000
66054,0.001203361,1.203361,1000
66055,0.000921773,0.921773,1000
66056,0.001062502,1.062502,1000
66057,0.001043007,1.043007,1000
66058,0.000595525,0.595525,1000
66059,0.001068026,1.068026,1000
66060,0.000575919,0.575919,1000
66061,0.000891955,0.891955,1000
66062,0.003237392,3.237392,1000
66063,0.000281694,0.281694,1000
66064,0.000820225,0.820225,1000
66065,0.001071083,1.071083,1000
66066,0.006171482,6.171482,1000
66067,0.000634716,0.634716,1000
66068,0.000561725,0.561725,1000
66069,0.001399828,1.399828,1000
66070,0.001612347,1.612347,1000
66071,0.000953536,0.953536,1000
66072,0.000858684,0.858684,1000
66073,0.002953831,2.953831,1000
66074,0.001628635,1.628635,1000
66075,0.001043007,1.043007,1000
66076,0.000970773,0.970773,1000
66077,0.00304854,3.04854,1000
66078,0.001040846,1.040846,1000
66079,0.001716228,1.716228,1000
66080,0.001337003,1.337003,1000
66081,0.000726699,0.726699,1000
66082,0.000488139,0.488139,1000
66083,0.008172162,8.172162,1000
66084,0.000609312,0.609312,1000
66085,0.001209575,1.209575,1000
66086,0.000647606,0.647606,1000
66087,0.002839647,2.839647,1000
66088,0.000401754,0.401754,1000
66089,0.00524455,5.24455,1000
66090,0.000611806,0.611806,1000
66091,0.020550647,20.550647,1000
66092,0.014199863,14.199863,1000
66093,0.001662222,1.662222,1000
66094,0.008003208,8.003208,1000
66095,0.001037925,1.037925,1000
66096,0.001294186,1.294186,1000
66097,0.000749125,0.749125,1000
66098,0.000601869,0.601869,1000
66099,0.000620962,0.620962,1000
66100,0.001301691,1.301691,1000
66101,0.001463391,1.463391,1000
66102,0.000937243,0.937243,1000
66103,0.000839052,0.839052,1000
66104,0.000476685,0.476685,1000
66105,0.002662968,2.662968,1000
66106,0.000838112,0.838112,1000
66107,0.000615595,0.615595,1000
66108,0.002739923,2.739923,1000
66109,0.001006165,1.006165,1000
66110,0.000988925,0.988925,1000
66111,0.001026577,1.026577,1000
66112,0.000816515,0.816515,1000
66113,0.026741446,26.741446,1000
66114,0.001044721,1.044721,1000
66115,0.000908579,0.908579,1000
66116,0.002944622,2.944622,1000
66117,0.001001014,1.001014,1000
66118,0.001513667,1.513667,1000
66119,0.000560871,0.560871,1000
66120,0.001479128,1.479128,1000
66121,0.002107831,2.107831,1000
66122,0.000908973,0.908973,1000
66123,0.000603656,0.603656,1000
66124,0.001321031,1.321031,1000
66125,0.038889837,38.889837,1000
66126,0.001456359,1.456359,1000
66127,0.001520625,1.520625,1000
66128,0.000419128,0.419128,1000
66129,0.016124489,16.124489,1000
66130,0.001144208,1.144208,1000
66131,0.001042979,1.042979,1000
66132,0.00104294,1.04294,1000
66133,0.000793584,0.793584,1000
66134,0.003037743,3.037743,1000
66135,0.001062541,1.062541,1000
66136,0.000362027,0.362027,1000
66137,0.012974578,12.974578,1000
66138,0.008135772,8.135772,1000
66139,0.00104013,1.04013,1000
66140,0.002920403,2.920403,1000
66141,0.001415668,1.415668,1000
66142,0.001240637,1.240637,1000
66143,0.002006415,2.006415,1000
66144,0.0008603,0.8603,1000
66145,0.001091253,1.091253,1000
66146,0.001533505,1.533505,1000
66147,0.003150064,3.150064,1000
66148,0.001472169,1.472169,1000
66149,0.001071083,1.071083,1000
66150,0.001006165,1.006165,1000
66151,0.000715769,0.715769,1000
66152,0.002211387,2.211387,1000
66153,0.000836858,0.836858,1000
66154,0.000827602,0.827602,1000
66155,0.000851703,0.851703,1000
66156,0.000785334,0.785334,1000
66157,0.001133395,1.133395,1000
66158,0.00073067,0.73067,1000
66159,0.001050274,1.050274,1000
66160,0.016590183,16.590183,1000
66161,0.06457589,64.57589,1000
66162,0.001355552,1.355552,1000
66163,0.001633611,1.633611,1000
66164,0.130018199,130.018199,1000
66165,0.000708797,0.708797,1000
66166,0.00075784,0.75784,1000
66167,0.00691949,6.91949,1000
66168,0.00078378,0.78378,1000
66169,0.000734892,0.734892,1000
66170,0.00095589,0.95589,1000
66171,0.001282663,1.282663,1000
66172,0.0005196,0.5196,1000
66173,0.008775727,8.775727,1000
66174,0.000593391,0.593391,1000
66175,0.000996967,0.996967,1000
66176,0.003119007,3.119007,1000
66177,0.001071066,1.071066,1000
66178,0.001161163,1.161163,1000
66179,0.000333293,0.333293,1000
66180,0.000948423,0.948423,1000
66181,0.000966919,0.966919,1000
66182,0.001519731,1.519731,1000
66183,0.000830718,0.830718,1000
66184,0.00069139,0.69139,1000
66185,0.000679136,0.679136,1000
66186,0.000729071,0.729071,1000
66187,0.000990926,0.990926,1000
66188,0.00092962,0.92962,1000
66189,0.000440393,0.440393,1000
66190,0.000479282,0.479282,1000
66191,0.000555426,0.555426,1000
66192,0.000707006,0.707006,1000
66193,0.001098473,1.098473,1000
66194,0.001080957,1.080957,1000
66195,0.000919521,0.919521,1000
66196,0.000975564,0.975564,1000
66197,0.000995621,0.995621,1000
66198,0.008802612,8.802612,1000
66199,0.000608373,0.608373,1000
66200,0.006793079,6.793079,1000
66201,0.001160125,1.160125,1000
66202,0.001721852,1.721852,1000
66203,0.000668385,0.668385,1000
66204,0.00137604,1.37604,1000
66205,0.000666523,0.666523,1000
66206,0.002159686,2.159686,1000
66207,0.001300546,1.300546,1000
66208,0.001071105,1.071105,1000
66209,0.000655571,0.655571,1000
66210,0.008440618,8.440618,1000
66211,0.000873098,0.873098,1000
66212,0.002736533,2.736533,1000
66213,0.002838057,2.838057,1000
66214,0.002966846,2.966846,1000
66215,0.000478916,0.478916,1000
66216,0.000991812,0.991812,1000
66217,0.001525793,1.525793,1000
66218,0.016155937,16.155937,1000
66219,0.06457589,64.57589,1000
66220,0.000908895,0.908895,1000
66221,0.001267965,1.267965,1000
66222,0.000784343,0.784343,1000
66223,0.001185512,1.185512,1000
66224,0.007945287,7.945287,1000
66225,0.002892411,2.892411,1000
66226,0.002013001,2.013001,1000
66227,0.000522273,0.522273,1000
66228,0.000744308,0.744308,1000
66229,0.001170193,1.170193,1000
66230,0.003193325,3.193325,1000
66231,0.00104294,1.04294,1000
66232,0.000945935,0.945935,1000
66233,0.000466586,0.466586,1000
66234,0.000586484,0.586484,1000
66235,0.000700496,0.700496,1000
66236,0.004064286,4.064286,1000
66237,0.000341399,0.341399,1000
66238,0.000754592,0.754592,1000
66239,0.000364552,0.364552,1000
66240,0.000691926,0.691926,1000
66241,0.000928035,0.928035,1000
66242,0.007921565,7.921565,1000
66243,0.002860215,2.860215,1000
66244,0.001071105,1.071105,1000
66245,0.000772947,0.772947,1000
66246,0.000625443,0.625443,1000
66247,0.000909773,0.909773,1000
66248,0.001322033,1.322033,1000
66249,0.002997629,2.997629,1000
66250,0.00054845,0.54845,1000
66251,0.001042979,1.042979,1000
66252,0.00067019,0.67019,1000
66253,0.001072032,1.072032,1000
66254,0.000365695,0.365695,1000
66255,0.015903748,15.903748,1000
66256,0.001605656,1.605656,1000
66257,0.000872598,0.872598,1000
66258,0.000969304,0.969304,1000
66259,0.001070943,1.070943,1000
66260,0.001175848,1.175848,1000
66261,0.003257095,3.257095,1000
66262,0.000538079,0.538079,1000
66263,0.002743279,2.743279,1000
66264,0.000382572,0.382572,1000
66265,0.000969162,0.969162,1000
66266,0.001062519,1.062519,1000
66267,0.008217702,8.217702,1000
66268,0.000600798,0.600798,1000
66269,0.001052335,1.052335,1000
66270,0.00325902,3.25902,1000
66271,0.001062569,1.062569,1000
66272,0.00063106,0.63106,1000
66273,0.001009857,1.009857,1000
66274,0.008009286,8.009286,1000
66275,0.000631005,0.631005,1000
66276,0.000266434,0.266434,1000
66277,0.000838131,0.838131,1000
66278,0.000570104,0.570104,1000
66279,0.000986267,0.986267,1000
66280,0.006161953,6.161953,1000
66281,0.000832238,0.832238,1000
66282,0.00138256,1.38256,1000
66283,0.001456339,1.456339,1000
66284,0.003345704,3.345704,1000
66285,0.001042979,1.042979,1000
66286,0.001071083,1.071083,1000
66287,0.001986071,1.986071,1000
66288,0.001006165,1.006165,1000
66289,0.001284886,1.284886,1000
66290,0.001291706,1.291706,1000
66291,0.000993186,0.993186,1000
66292,0.001071105,1.071105,1000
66293,0.000746954,0.746954,1000
66294,0.001032121,1.032121,1000
66295,0.000993186,0.993186,1000
66296,0.000964089,0.964089,1000
66297,0.001534238,1.534238,1000
66298,0.000840119,0.840119,1000
66299,0.001042979,1.042979,1000
66300,0.000632533,0.632533,1000
66301,0.000952327,0.952327,1000
66302,0.000528966,0.528966,1000
66303,0.000681609,0.681609,1000
66304,0.004730053,4.730053,1000
66305,0.000788273,0.788273,1000
66306,0.00050544,0.50544,1000
66307,0.000785551,0.785551,1000
66308,0.010121422,10.121422,1000
66309,0.001302732,1.302732,1000
66310,0.000607359,0.607359,1000
66311,0.000571798,0.571798,1000
66312,0.002980173,2.980173,1000
66313,0.000741393,0.741393,1000
66314,0.000625401,0.625401,1000
66315,0.00112548,1.12548,1000
66316,0.000992303,0.992303,1000
66317,0.000788505,0.788505,1000
66318,0.000884343,0.884343,1000
66319,0.001321145,1.321145,1000
66320,0.012529012,12.529012,1000
66321,0.000937371,0.937371,1000
66322,0.000579317,0.579317,1000
66323,0.000311369,0.311369,1000
66324,0.000936866,0.936866,1000
66325,0.000289696,0.289696,1000
66326,0.000302818,0.302818,1000
66327,0.000826966,0.826966,1000
66328,0.00203517,2.03517,1000
66329,0.000749225,0.749225,1000
66330,0.04019068,40.19068,1000
66331,0.001665784,1.665784,1000
66332,0.001555514,1.555514,1000
66333,0.002787684,2.787684,1000
66334,0.00094039,0.94039,1000
66335,0.001308124,1.308124,1000
66336,0.003374689,3.374689,1000
66337,0.001609087,1.609087,1000
66338,0.00073682,0.73682,1000
66339,0.005228114,5.228114,1000
66340,0.000724573,0.724573,1000
66341,0.00290329,2.90329,1000
66342,0.004589003,4.589003,1000
66343,0.000380609,0.380609,1000
66344,0.000724051,0.724051,1000
66345,0.000676865,0.676865,1000
66346,0.001081154,1.081154,1000
66347,0.001144266,1.144266,1000
66348,0.000849202,0.849202,1000
66349,0.000813123,0.813123,1000
66350,0.000985841,0.985841,1000
66351,0.00326413,3.26413,1000
66352,0.000725899,0.725899,1000
66353,0.000762855,0.762855,1000
66354,0.000641927,0.641927,1000
66355,0.000739931,0.739931,1000
66356,0.002723716,2.723716,1000
66357,0.001409527,1.409527,1000
66358,0.002112004,2.112004,1000
66359,0.000403224,0.403224,1000
66360,0.00114796,1.14796,1000
66361,0.001062519,1.062519,1000
66362,0.002882031,2.882031,1000
66363,0.000931726,0.931726,1000
66364,0.004625889,4.625889,1000
66365,0.000802153,0.802153,1000
66366,0.064580577,64.580577,1000
66367,0.000649499,0.649499,1000
66368,0.000984902,0.984902,1000
66369,0.000751484,0.751484,1000
66370,0.000946694,0.946694,1000
66371,0.000797842,0.797842,1000
66372,0.001085749,1.085749,1000
66373,0.000805784,0.805784,1000
66374,0.000987802,0.987802,1000
66375,0.002186322,2.186322,1000
66376,0.000698621,0.698621,1000
66377,0.000890707,0.890707,1000
66378,0.000784374,0.784374,1000
66379,0.001385415,1.385415,1000
66380,0.001845819,1.845819,1000
66381,0.000820725,0.820725,1000
66382,0.00058602,0.58602,1000
66383,0.000971384,0.971384,1000
66384,0.000650116,0.650116,1000
66385,0.001084791,1.084791,1000
66386,0.003131236,3.131236,1000
66387,0.001749287,1.749287,1000
66388,0.00060483,0.60483,1000
66389,0.000717283,0.717283,1000
66390,0.000965043,0.965043,1000
66391,0.001749287,1.749287,1000
66392,0.000963771,0.963771,1000
66393,0.000798244,0.798244,1000
66394,0.000979319,0.979319,1000
66395,0.001773696,1.773696,1000
66396,0.001006227,1.006227,1000
66397,0.000728346,0.728346,1000
66398,0.000830251,0.830251,1000
66399,0.002129635,2.129635,1000
66400,0.001866595,1.866595,1000
66401,0.004127378,4.127378,1000
66402,0.000624504,0.624504,1000
66403,0.000625541,0.625541,1000
66404,0.000531784,0.531784,1000
66405,0.001011936,1.011936,1000
66406,0.001131756,1.131756,1000
66407,0.015861993,15.861993,1000
66408,0.001116755,1.116755,1000
66409,0.001541278,1.541278,1000
66410,0.022149848,22.149848,1000
66411,0.001062519,1.062519,1000
66413,0.004740552,4.740552,1000
66414,0.003314718,3.314718,1000
66415,0.000353686,0.353686,1000
66416,0.000748838,0.748838,1000
66417,0.001104666,1.104666,1000
66418,0.013055206,13.055206,1000
66419,0.000834912,0.834912,1000
66420,0.025616605,25.616605,1000
66421,0.009460002,9.460002,1000
66422,0.001062666,1.062666,1000
66423,0.001187419,1.187419,1000
66424,0.00114829,1.14829,1000
66425,0.000969606,0.969606,1000
66426,0.000751117,0.751117,1000
66427,0.001042957,1.042957,1000
66428,0.000686999,0.686999,1000
66429,0.001189478,1.189478,1000
66430,0.001164631,1.164631,1000
66431,0.000699926,0.699926,1000
66432,0.001825149,1.825149,1000
66433,0.000798789,0.798789,1000
66434,0.001673133,1.673133,1000
66435,0.000538288,0.538288,1000
66436,0.001520388,1.520388,1000
66437,0.000584793,0.584793,1000
66438,0.000826423,0.826423,1000
66439,0.00073649,0.73649,1000
66440,0.003743362,3.743362,1000
66441,0.000303443,0.303443,1000
66442,0.001138177,1.138177,1000
66443,0.001558369,1.558369,1000
66444,0.004011177,4.011177,1000
66445,0.001255873,1.255873,1000
66446,0.000403311,0.403311,1000
66447,0.002297869,2.297869,1000
66448,0.001153607,1.153607,1000
66449,0.001109718,1.109718,1000
66450,0.000946493,0.946493,1000
66451,0.000621255,0.621255,1000
66452,0.003444058,3.444058,1000
66453,0.002933039,2.933039,1000
66454,0.003254034,3.254034,1000
66455,0.00081312,0.81312,1000
66456,0.001385374,1.385374,1000
66457,0.001102626,1.102626,1000
66458,0.001523753,1.523753,1000
66459,0.026873075,26.873075,1000
66460,0.004601521,4.601521,1000
66461,0.001079944,1.079944,1000
66462,0.000401674,0.401674,1000
66463,0.00081312,0.81312,1000
66464,0.000813123,0.813123,1000
66465,0.000875607,0.875607,1000
66466,0.000536122,0.536122,1000
66467,0.006397012,6.397012,1000
66468,0.00114796,1.14796,1000
66469,0.000763844,0.763844,1000
66470,0.025300853,25.300853,1000
66471,0.012852764,12.852764,1000
66472,0.06457915,64.57915,1000
66473,0.000560268,0.560268,1000
66474,0.000611373,0.611373,1000
66475,0.001321031,1.321031,1000
66476,0.001603291,1.603291,1000
66477,0.013699963,13.699963,1000
66478,0.002687135,2.687135,1000
66479,0.001425707,1.425707,1000
66480,0.000532406,0.532406,1000
66481,0.001638871,1.638871,1000
66482,0.001108201,1.108201,1000
66483,0.000888216,0.888216,1000
66484,0.00106301,1.06301,1000
66485,0.001087766,1.087766,1000
66486,0.002705474,2.705474,1000
66487,0.004808709,4.808709,1000
66488,0.000689908,0.689908,1000
66489,0.002422179,2.422179,1000
66490,0.001062519,1.062519,1000
66491,0.004441498,4.441498,1000
66492,0.001781309,1.781309,1000
66493,0.009276626,9.276626,1000
66494,0.002089616,2.089616,1000
66495,0.000600069,0.600069,1000
66496,0.016807233,16.807233,1000
66497,0.000766534,0.766534,1000
66498,0.002207728,2.207728,1000
66499,0.000691202,0.691202,1000
66500,0.000829016,0.829016,1000
66501,0.001723295,1.723295,1000
66502,0.001062379,1.062379,1000
66503,0.000792366,0.792366,1000
66504,0.000825966,0.825966,1000
66505,0.002210592,2.210592,1000
66506,0.001006165,1.006165,1000
66507,0.000649907,0.649907,1000
66508,0.001413645,1.413645,1000
66509,0.001104592,1.104592,1000
66510,0.000818475,0.818475,1000
66511,0.000915396,0.915396,1000
66512,0.002620881,2.620881,1000
66513,0.001211751,1.211751,1000
66514,0.000768127,0.768127,1000
66515,0.000937371,0.937371,1000
66516,0.000460084,0.460084,1000
66517,0.000810208,0.810208,1000
66518,0.001141219,1.141219,1000
66519,0.000856796,0.856796,1000
66520,0.000956346,0.956346,1000
66521,0.000769354,0.769354,1000
66522,0.000523884,0.523884,1000
66523,0.002859896,2.859896,1000
66524,0.001399444,1.399444,1000
66525,0.000963726,0.963726,1000
66526,0.000453568,0.453568,1000
66527,0.002028723,2.028723,1000
66528,0.00123101,1.23101,1000
66529,0.00076755,0.76755,1000
66530,0.002207069,2.207069,1000
66531,0.001665885,1.665885,1000
66532,0.00049961,0.49961,1000
66533,0.002765911,2.765911,1000
66534,0.000463996,0.463996,1000
66535,0.008296611,8.296611,1000
66536,0.001287108,1.287108,1000
66537,0.000378612,0.378612,1000
66538,0.001961317,1.961317,1000
66539,0.016153392,16.153392,1000
66540,0.001558832,1.558832,1000
66541,0.00134012,1.34012,1000
66542,0.000393973,0.393973,1000
66543,0.000596796,0.596796,1000
66544,0.008283604,8.283604,1000
66545,0.001018258,1.018258,1000
66546,0.015904311,15.904311,1000
66547,0.000703669,0.703669,1000
66548,0.001205318,1.205318,1000
66549,0.000834175,0.834175,1000
66550,0.000984615,0.984615,1000
66551,0.000488929,0.488929,1000
66552,0.000928729,0.928729,1000
66553,0.014259203,14.259203,1000
66554,0.000871505,0.871505,1000
66555,0.001621425,1.621425,1000
66556,0.000582385,0.582385,1000
66557,0.003355783,3.355783,1000
66558,0.000923233,0.923233,1000
66559,0.000494177,0.494177,1000
66560,0.000553803,0.553803,1000
66561,0.000498348,0.498348,1000
66562,0.003053309,3.053309,1000
66563,0.000333235,0.333235,1000
66564,0.000420105,0.420105,1000
66565,0.001541818,1.541818,1000
66566,0.001116468,1.116468,1000
66567,0.007187764,7.187764,1000
66568,0.000754313,0.754313,1000
66569,0.000773357,0.773357,1000
66570,0.001362004,1.362004,1000
66571,0.00128012,1.28012,1000
66572,0.000822519,0.822519,1000
66573,0.000351741,0.351741,1000
66574,0.001705251,1.705251,1000
66575,0.005350376,5.350376,1000
66576,0.001178829,1.178829,1000
66577,0.000710763,0.710763,1000
66578,0.002785091,2.785091,1000
66579,0.004991523,4.991523,1000
66580,0.001797731,1.797731,1000
66581,0.001750714,1.750714,1000
66582,0.001052779,1.052779,1000
66583,0.000825969,0.825969,1000
66584,0.000588076,0.588076,1000
66585,0.001003798,1.003798,1000
66586,0.001678141,1.678141,1000
66587,0.00080662,0.80662,1000
66588,0.000665491,0.665491,1000
66589,0.001312228,1.312228,1000
66590,0.000372729,0.372729,1000
66591,0.001061881,1.061881,1000
66592,0.001337938,1.337938,1000
66593,0.00059981,0.59981,1000
66594,0.000985556,0.985556,1000
66595,0.000783777,0.783777,1000
66596,0.001703656,1.703656,1000
66597,0.001480218,1.480218,1000
66598,0.000819685,0.819685,1000
66599,0.003684197,3.684197,1000
66600,0.000974077,0.974077,1000
66601,0.00285306,2.85306,1000
66602,0.016050131,16.050131,1000
66603,0.002423587,2.423587,1000
66604,0.000758578,0.758578,1000
66605,0.001042957,1.042957,1000
66606,0.000982646,0.982646,1000
66607,0.000644746,0.644746,1000
66608,0.00168811,1.68811,1000
66609,0.000384823,0.384823,1000
66610,0.001301913,1.301913,1000
66611,0.00323702,3.23702,1000
66612,0.001042957,1.042957,1000
66613,0.00979696,9.79696,1000
66614,0.001015484,1.015484,1000
66615,0.001361186,1.361186,1000
66616,0.001147967,1.147967,1000
66617,0.007239955,7.239955,1000
66618,0.007949464,7.949464,1000
66619,0.000770402,0.770402,1000
66620,0.001042979,1.042979,1000
66621,0.000540532,0.540532,1000
66622,0.000907214,0.907214,1000
66623,0.001174629,1.174629,1000
66624,0.001011278,1.011278,1000
66625,0.000491094,0.491094,1000
66626,0.004700405,4.700405,1000
66627,0.002211248,2.211248,1000
66628,0.000649174,0.649174,1000
66629,0.001062519,1.062519,1000
66630,0.001297577,1.297577,1000
66631,0.000771053,0.771053,1000
66632,0.000904615,0.904615,1000
66633,0.002546702,2.546702,1000
66634,0.00035069,0.35069,1000
66635,0.001749287,1.749287,1000
66636,0.00593773,5.93773,1000
66637,0.001500616,1.500616,1000
66638,0.001911711,1.911711,1000
66639,0.001825149,1.825149,1000
66640,0.001071083,1.071083,1000
66641,0.002864435,2.864435,1000
66642,0.003011983,3.011983,1000
66643,0.000717019,0.717019,1000
66644,0.001078487,1.078487,1000
66645,0.00110421,1.10421,1000
66646,0.001369886,1.369886,1000
66647,0.000627256,0.627256,1000
66648,0.001021071,1.021071,1000
66649,0.000748511,0.748511,1000
66650,0.000815371,0.815371,1000
66651,0.000993747,0.993747,1000
66652,0.001044721,1.044721,1000
66653,0.000759179,0.759179,1000
66654,0.000267493,0.267493,1000
66655,0.009328724,9.328724,1000
66656,0.016211838,16.211838,1000
66657,0.000676077,0.676077,1000
66658,0.000705887,0.705887,1000
66659,0.001006174,1.006174,1000
66660,0.000527986,0.527986,1000
66661,0.000400387,0.400387,1000
66662,0.000609366,0.609366,1000
66663,0.000898328,0.898328,1000
66664,0.000701758,0.701758,1000
66665,0.000783234,0.783234,1000
66666,0.000893908,0.893908,1000
66667,0.000489501,0.489501,1000
66668,0.000616876,0.616876,1000
66669,0.000384318,0.384318,1000
66670,0.004146229,4.146229,1000
66671,0.000705574,0.705574,1000
66672,0.000464203,0.464203,1000
66673,0.000953545,0.953545,1000
66674,0.000646679,0.646679,1000
66675,0.000465065,0.465065,1000
66676,0.001011874,1.011874,1000
66677,0.000730213,0.730213,1000
66678,0.000954263,0.954263,1000
66679,0.00104294,1.04294,1000
66680,0.000432263,0.432263,1000
66681,0.001173613,1.173613,1000
66682,0.000404627,0.404627,1000
66683,0.008422739,8.422739,1000
66684,0.00077499,0.77499,1000
66685,0.000638619,0.638619,1000
66686,0.000697492,0.697492,1000
66687,0.000995075,0.995075,1000
66688,0.00077478,0.77478,1000
66689,0.000940567,0.940567,1000
66690,0.001255781,1.255781,1000
66691,0.001217759,1.217759,1000
66692,0.001227119,1.227119,1000
66693,0.005872716,5.872716,1000
66694,0.001826577,1.826577,1000
66695,0.000721622,0.721622,1000
66696,0.000426343,0.426343,1000
66697,0.01602391,16.02391,1000
66698,0.000635334,0.635334,1000
66699,0.000747727,0.747727,1000
66700,0.00051829,0.51829,1000
66701,0.000977835,0.977835,1000
66702,0.000890984,0.890984,1000
66703,0.001630418,1.630418,1000
66704,0.003304975,3.304975,1000
66705,0.000622248,0.622248,1000
66706,0.001110408,1.110408,1000
66707,0.000300589,0.300589,1000
66708,0.003205485,3.205485,1000
66709,0.003165789,3.165789,1000
66710,0.001963937,1.963937,1000
66711,0.000631525,0.631525,1000
66712,0.00047142,0.47142,1000
66713,0.010459327,10.459327,1000
66714,0.00320548,3.20548,1000
66715,0.000885492,0.885492,1000
66716,0.002465967,2.465967,1000
66717,0.001452414,1.452414,1000
66718,0.000692286,0.692286,1000
66719,0.002951817,2.951817,1000
66720,0.00296685,2.96685,1000
66721,0.000417505,0.417505,1000
66722,0.016019885,16.019885,1000
66723,0.000596808,0.596808,1000
66724,0.000514651,0.514651,1000
66725,0.000254781,0.254781,1000
66726,0.000680608,0.680608,1000
66727,0.000598284,0.598284,1000
66728,0.000798393,0.798393,1000
66729,0.015942942,15.942942,1000
66730,0.000957273,0.957273,1000
66731,0.000422977,0.422977,1000
66732,0.000973373,0.973373,1000
66733,0.002001259,2.001259,1000
66734,0.007947914,7.947914,1000
66735,0.002827531,2.827531,1000
66736,0.000467788,0.467788,1000
66737,0.001369921,1.369921,1000
66738,0.000509264,0.509264,1000
66739,0.003224194,3.224194,1000
66740,0.0052428,5.2428,1000
66741,0.001070822,1.070822,1000
66742,0.104291235,104.291235,1000
66743,0.001334149,1.334149,1000
66744,0.000691836,0.691836,1000
66745,0.001948003,1.948003,1000
66746,0.000677791,0.677791,1000
66747,0.001062519,1.062519,1000
66748,0.001635447,1.635447,1000
66749,0.001334149,1.334149,1000
66750,0.001139001,1.139001,1000
66751,0.000918683,0.918683,1000
66752,0.000756074,0.756074,1000
66753,0.003358964,3.358964,1000
66754,0.001033219,1.033219,1000
66755,0.001062379,1.062379,1000
66756,0.000894263,0.894263,1000
66757,0.008204953,8.204953,1000
66758,0.000641701,0.641701,1000
66759,0.000862746,0.862746,1000
66760,0.000969955,0.969955,1000
66761,0.002933102,2.933102,1000
66762,0.000772258,0.772258,1000
66763,0.001826577,1.826577,1000
66764,0.003126074,3.126074,1000
66765,0.000924584,0.924584,1000
66766,0.000869465,0.869465,1000
66767,0.003334912,3.334912,1000
66768,0.000737802,0.737802,1000
66769,0.000780663,0.780663,1000
66770,0.000365577,0.365577,1000
66771,0.000596003,0.596003,1000
66772,0.001457786,1.457786,1000
66773,0.003245471,3.245471,1000
66774,0.000720429,0.720429,1000
66775,0.001071105,1.071105,1000
66776,0.002380863,2.380863,1000
66777,0.001062519,1.062519,1000
66778,0.001237815,1.237815,1000
66779,0.001028196,1.028196,1000
66780,0.00071777,0.71777,1000
66781,0.000521431,0.521431,1000
66782,0.001179347,1.179347,1000
66783,0.00284539,2.84539,1000
66784,0.007705878,7.705878,1000
66785,0.015946157,15.946157,1000
66786,0.008049173,8.049173,1000
66787,0.000852676,0.852676,1000
66788,0.000702791,0.702791,1000
66789,0.00294527,2.94527,1000
66790,0.000458555,0.458555,1000
66791,0.000900067,0.900067,1000
66792,0.000481869,0.481869,1000
66793,0.001145166,1.145166,1000
66794,0.000334834,0.334834,1000
66795,0.000937,0.937,1000
66796,0.001006722,1.006722,1000
66797,0.002720777,2.720777,1000
66798,0.001617048,1.617048,1000
66799,0.001442141,1.442141,1000
66800,0.002938929,2.938929,1000
66801,0.003565007,3.565007,1000
66802,0.00170019,1.70019,1000
66803,0.00138256,1.38256,1000
66804,0.001298618,1.298618,1000
66805,0.001287064,1.287064,1000
66806,0.000385454,0.385454,1000
66807,0.000655131,0.655131,1000
66808,0.001331869,1.331869,1000
66809,0.001147547,1.147547,1000
66810,0.001505839,1.505839,1000
66811,0.000469003,0.469003,1000
66812,0.000819443,0.819443,1000
66813,0.002691995,2.691995,1000
66814,0.004328959,4.328959,1000
66815,0.001104474,1.104474,1000
66816,0.002952932,2.952932,1000
66817,0.001080073,1.080073,1000
66818,0.000816542,0.816542,1000
66819,0.001320834,1.320834,1000
66820,0.000531484,0.531484,1000
66821,0.00138256,1.38256,1000
66822,0.001375699,1.375699,1000
66823,0.00084737,0.84737,1000
66824,0.000961007,0.961007,1000
66825,0.001627424,1.627424,1000
66826,0.000747287,0.747287,1000
66827,0.000990043,0.990043,1000
66828,0.000311214,0.311214,1000
66829,0.000981881,0.981881,1000
66830,0.001000921,1.000921,1000
66831,0.000625179,0.625179,1000
66832,0.000870853,0.870853,1000
66833,0.001141795,1.141795,1000
66834,0.000880161,0.880161,1000
66835,0.001510527,1.510527,1000
66836,0.00089775,0.89775,1000
66837,0.001457786,1.457786,1000
66838,0.01683193,16.83193,1000
66839,0.000699084,0.699084,1000
66840,0.001322072,1.322072,1000
66841,0.000744179,0.744179,1000
66842,0.002960891,2.960891,1000
66843,0.002990885,2.990885,1000
66844,0.00081312,0.81312,1000
66845,0.003883833,3.883833,1000
66846,0.000774599,0.774599,1000
66847,0.00101126,1.01126,1000
66848,0.000909512,0.909512,1000
66849,0.001510527,1.510527,1000
66850,0.003541808,3.541808,1000
66851,0.00101272,1.01272,1000
66852,0.024219633,24.219633,1000
66853,0.001006041,1.006041,1000
66854,0.000888706,0.888706,1000
66855,0.00090075,0.90075,1000
66856,0.001505839,1.505839,1000
66857,0.005678105,5.678105,1000
66858,0.00148495,1.48495,1000
66859,0.00094676,0.94676,1000
66860,0.001043007,1.043007,1000
66861,0.001389348,1.389348,1000
66862,0.001104592,1.104592,1000
66863,0.000782666,0.782666,1000
66864,0.001301998,1.301998,1000
66865,0.000859415,0.859415,1000
66866,0.00112596,1.12596,1000
66867,0.000584212,0.584212,1000
66868,0.000260992,0.260992,1000
66869,0.001149588,1.149588,1000
66870,0.000853912,0.853912,1000
66871,0.001071083,1.071083,1000
66872,0.000810242,0.810242,1000
66873,0.001237824,1.237824,1000
66874,0.001321031,1.321031,1000
66875,0.000923938,0.923938,1000
66876,0.000964089,0.964089,1000
66877,0.000803248,0.803248,1000
66878,0.00114796,1.14796,1000
66879,0.000846359,0.846359,1000
66880,0.00058738,0.58738,1000
66881,0.00086681,0.86681,1000
66882,0.000880028,0.880028,1000
66883,0.002586146,2.586146,1000
66884,0.000795483,0.795483,1000
66885,0.001086596,1.086596,1000
66886,0.00121373,1.21373,1000
66887,0.000562674,0.562674,1000
66888,0.000614639,0.614639,1000
66889,0.001044721,1.044721,1000
66890,0.004688265,4.688265,1000
66891,0.001105339,1.105339,1000
66892,0.000577345,0.577345,1000
66893,0.001062502,1.062502,1000
66894,0.001015566,1.015566,1000
66895,0.000709246,0.709246,1000
66896,0.001062502,1.062502,1000
66897,0.008023774,8.023774,1000
66898,0.000935513,0.935513,1000
66899,0.001139456,1.139456,1000
66900,0.000955037,0.955037,1000
66901,0.001205656,1.205656,1000
66902,0.001048453,1.048453,1000
66903,0.000769566,0.769566,1000
66904,0.000789952,0.789952,1000
66905,0.001364878,1.364878,1000
66906,0.001284713,1.284713,1000
66907,0.001171282,1.171282,1000
66908,0.000863095,0.863095,1000
66909,0.000908663,0.908663,1000
66910,0.003158453,3.158453,1000
66911,0.000406837,0.406837,1000
66912,0.000550647,0.550647,1000
66913,0.001087262,1.087262,1000
66914,0.001062519,1.062519,1000
66915,0.06457589,64.57589,1000
66916,0.001385415,1.385415,1000
66917,0.001011874,1.011874,1000
66918,0.012951179,12.951179,1000
66919,0.06457589,64.57589,1000
66920,0.000963836,0.963836,1000
66921,0.001821889,1.821889,1000
66922,0.002229392,2.229392,1000
66923,0.001143961,1.143961,1000
66924,0.001102078,1.102078,1000
66925,0.000614081,0.614081,1000
66926,0.00117199,1.17199,1000
66927,0.000511292,0.511292,1000
66928,0.001062502,1.062502,1000
66929,0.001707692,1.707692,1000
66930,0.001011936,1.011936,1000
66931,0.001143068,1.143068,1000
66932,0.000382308,0.382308,1000
66933,0.020038063,20.038063,1000
66934,0.001356353,1.356353,1000
66935,0.001004579,1.004579,1000
66936,0.000993186,0.993186,1000
66937,0.001042957,1.042957,1000
66938,0.000670358,0.670358,1000
66939,0.08727844,87.27844,1000
66940,0.001471675,1.471675,1000
66941,0.000755387,0.755387,1000
66942,0.246187904,246.187904,1000
66943,0.000987108,0.987108,1000
66944,0.097065847,97.065847,1000
66945,0.000694869,0.694869,1000
66946,0.000865969,0.865969,1000
66947,0.0003087,0.3087,1000
66948,0.002418112,2.418112,1000
66949,0.001042979,1.042979,1000
66950,0.000906667,0.906667,1000
66951,0.000759951,0.759951,1000
66952,0.001070943,1.070943,1000
66953,0.000623126,0.623126,1000
66954,0.000737888,0.737888,1000
66955,0.000824318,0.824318,1000
66956,0.001012258,1.012258,1000
66957,0.001548993,1.548993,1000
66958,0.000681904,0.681904,1000
66959,0.000873122,0.873122,1000
66960,0.001326582,1.326582,1000
66961,0.026560276,26.560276,1000
66962,0.000783777,0.783777,1000
66963,0.00129473,1.29473,1000
66964,0.003977366,3.977366,1000
66965,0.000611232,0.611232,1000
66966,0.003074336,3.074336,1000
66967,0.001821672,1.821672,1000
66968,0.001173112,1.173112,1000
66969,0.000710435,0.710435,1000
66970,0.001609087,1.609087,1000
66971,0.001420936,1.420936,1000
66972,0.000507314,0.507314,1000
66973,0.000993124,0.993124,1000
66974,0.000921004,0.921004,1000
66975,0.000745398,0.745398,1000
66976,0.000748918,0.748918,1000
66977,0.000756237,0.756237,1000
66978,0.000542206,0.542206,1000
66979,0.000881721,0.881721,1000
66980,0.000587513,0.587513,1000
66981,0.000692748,0.692748,1000
66982,0.001042957,1.042957,1000
66983,0.001264871,1.264871,1000
66984,0.000740975,0.740975,1000
66985,0.002129,2.129,1000
66986,0.001042957,1.042957,1000
66987,0.000669101,0.669101,1000
66988,0.000746222,0.746222,1000
66989,0.002392575,2.392575,1000
66990,0.002072667,2.072667,1000
66991,0.001104233,1.104233,1000
66992,0.000888455,0.888455,1000
66993,0.002965015,2.965015,1000
66994,0.001525181,1.525181,1000
66995,0.210830123,210.830123,1000
66996,0.000561834,0.561834,1000
66997,0.000910332,0.910332,1000
66998,0.00255408,2.55408,1000
66999,0.000862105,0.862105,1000
67000,0.00138606,1.38606,1000
67001,0.00103168,1.03168,1000
67002,0.000895717,0.895717,1000
67003,0.000928134,0.928134,1000
67004,0.000872704,0.872704,1000
67005,0.001001456,1.001456,1000
67006,0.001326305,1.326305,1000
67007,0.000622488,0.622488,1000
67008,0.001029247,1.029247,1000
67009,0.000993186,0.993186,1000
67010,0.00074254,0.74254,1000
67011,0.001312558,1.312558,1000
67012,0.001122422,1.122422,1000
67013,0.000937311,0.937311,1000
67014,0.009902718,9.902718,1000
67015,0.000955815,0.955815,1000
67016,0.002809501,2.809501,1000
67017,0.008034159,8.034159,1000
67018,0.002969961,2.969961,1000
67019,0.001026367,1.026367,1000
67020,0.000600306,0.600306,1000
67021,0.003186944,3.186944,1000
67022,0.000790387,0.790387,1000
67023,0.001071083,1.071083,1000
67024,0.001416289,1.416289,1000
67025,0.000710242,0.710242,1000
67026,0.000593347,0.593347,1000
67027,0.000632573,0.632573,1000
67028,0.010543434,10.543434,1000
67029,0.001191149,1.191149,1000
67030,0.00089297,0.89297,1000
67031,0.009169427,9.169427,1000
67032,0.000831727,0.831727,1000
67033,0.001100144,1.100144,1000
67034,0.001011674,1.011674,1000
67035,0.000781199,0.781199,1000
67036,0.002666778,2.666778,1000
67037,0.000733881,0.733881,1000
67038,0.001520625,1.520625,1000
67039,0.000780547,0.780547,1000
67040,0.001456359,1.456359,1000
67041,0.01082301,10.82301,1000
67042,0.000489963,0.489963,1000
67043,0.005743685,5.743685,1000
67044,0.000994895,0.994895,1000
67045,0.000711706,0.711706,1000
67046,0.001277967,1.277967,1000
67047,0.000864424,0.864424,1000
67048,0.000702844,0.702844,1000
67049,0.001315818,1.315818,1000
67050,0.003591267,3.591267,1000
67051,0.006341995,6.341995,1000
67052,0.001010701,1.010701,1000
67053,0.000442737,0.442737,1000
67054,0.00035775,0.35775,1000
67055,0.000772614,0.772614,1000
67056,0.001349769,1.349769,1000
67057,0.000995922,0.995922,1000
67058,0.001218449,1.218449,1000
67059,0.001321031,1.321031,1000
67060,0.000806661,0.806661,1000
67061,0.000954263,0.954263,1000
67062,0.001404269,1.404269,1000
67063,0.00115367,1.15367,1000
67064,0.001249978,1.249978,1000
67065,0.001141219,1.141219,1000
67066,0.000924355,0.924355,1000
67067,0.007656568,7.656568,1000
67068,0.001080798,1.080798,1000
67069,0.001225474,1.225474,1000
67070,0.000588272,0.588272,1000
67071,0.000825966,0.825966,1000
67072,0.001398918,1.398918,1000
67073,0.001752394,1.752394,1000
67074,0.000878576,0.878576,1000
67075,0.000382993,0.382993,1000
67076,0.00144378,1.44378,1000
67077,0.000787624,0.787624,1000
67078,0.000378952,0.378952,1000
67079,0.763810213,763.810213,1000
67080,0.246414853,246.414853,1000
67081,0.000561619,0.561619,1000
67082,0.000334384,0.334384,1000
67083,0.002810182,2.810182,1000
67084,0.041116699,41.116699,1000
67085,0.000437069,0.437069,1000
67086,0.09685868,96.85868,1000
67087,0.210877264,210.877264,1000
67088,0.572889806,572.889806,1000
67089,0.001571854,1.571854,1000
67090,0.069395302,69.395302,1000
67091,0.121526175,121.526175,1000
67092,0.002952987,2.952987,1000
67093,0.002938974,2.938974,1000
67094,0.001265834,1.265834,1000
67095,0.785092265,785.092265,1000
67096,0.250040846,250.040846,1000
67097,0.000681158,0.681158,1000
67098,0.000993186,0.993186,1000
67099,0.002070506,2.070506,1000
67100,0.000334244,0.334244,1000
67101,0.001061881,1.061881,1000
67102,0.000825966,0.825966,1000
67103,0.000445114,0.445114,1000
67104,0.001349769,1.349769,1000
67105,0.001071133,1.071133,1000
67106,0.000772395,0.772395,1000
67107,0.003164696,3.164696,1000
67108,0.005636994,5.636994,1000
67109,0.000753818,0.753818,1000
67110,0.001042979,1.042979,1000
67111,0.040257588,40.257588,1000
67112,0.001096676,1.096676,1000
67113,0.00085615,0.85615,1000
67114,0.00081588,0.81588,1000
67115,0.001365819,1.365819,1000
67116,0.000850079,0.850079,1000
67117,0.000715145,0.715145,1000
67118,0.00922578,9.22578,1000
67119,0.001187634,1.187634,1000
67120,0.008742415,8.742415,1000
67121,0.000727634,0.727634,1000
67122,0.00477309,4.77309,1000
67123,0.000993186,0.993186,1000
67124,0.001538351,1.538351,1000
67125,0.002344071,2.344071,1000
67126,0.001062379,1.062379,1000
67127,0.001457258,1.457258,1000
67128,0.000907669,0.907669,1000
67129,0.000697584,0.697584,1000
67130,0.026705749,26.705749,1000
67131,0.000767989,0.767989,1000
67132,0.000813123,0.813123,1000
67133,0.001042957,1.042957,1000
67134,0.000865827,0.865827,1000
67135,0.000870973,0.870973,1000
67136,0.000772707,0.772707,1000
67137,0.000774027,0.774027,1000
67138,0.001103241,1.103241,1000
67139,0.002569977,2.569977,1000
67140,0.000720075,0.720075,1000
67141,0.001593884,1.593884,1000
67142,0.00149109,1.49109,1000
67143,0.00057604,0.57604,1000
67144,0.002819407,2.819407,1000
67145,0.000749973,0.749973,1000
67146,0.001505839,1.505839,1000
67147,0.00081312,0.81312,1000
67148,0.000757245,0.757245,1000
67149,0.001291103,1.291103,1000
67150,0.003266233,3.266233,1000
67151,0.097105372,97.105372,1000
67152,0.012379893,12.379893,1000
67153,0.004382717,4.382717,1000
67154,0.01010121,10.10121,1000
67155,0.000553149,0.553149,1000
67156,0.00078378,0.78378,1000
67157,0.001652849,1.652849,1000
67158,0.000650552,0.650552,1000
67159,0.002974354,2.974354,1000
67160,0.000878307,0.878307,1000
67161,0.000960198,0.960198,1000
67162,0.000701813,0.701813,1000
67163,0.000762376,0.762376,1000
67164,0.001551148,1.551148,1000
67165,0.000921744,0.921744,1000
67166,0.001315818,1.315818,1000
67167,0.000692105,0.692105,1000
67168,0.003248024,3.248024,1000
67169,0.001155249,1.155249,1000
67170,0.008246419,8.246419,1000
67171,0.022925926,22.925926,1000
67172,0.002453663,2.453663,1000
67173,0.000907482,0.907482,1000
67174,0.00104294,1.04294,1000
67175,0.001173112,1.173112,1000
67176,0.000825966,0.825966,1000
67177,0.001062519,1.062519,1000
67178,0.000800685,0.800685,1000
67179,0.003631699,3.631699,1000
67180,0.000326885,0.326885,1000
67181,0.040412009,40.412009,1000
67182,0.002533562,2.533562,1000
67183,0.002642876,2.642876,1000
67184,0.000834087,0.834087,1000
67185,0.000660739,0.660739,1000
67186,0.000808948,0.808948,1000
67187,0.00072733,0.72733,1000
67188,0.00081312,0.81312,1000
67189,0.000750712,0.750712,1000
67190,0.00320336,3.20336,1000
67191,0.004819393,4.819393,1000
67192,0.001062541,1.062541,1000
67193,0.000731952,0.731952,1000
67194,0.000905896,0.905896,1000
67195,0.000983521,0.983521,1000
67196,0.002444059,2.444059,1000
67197,0.001851099,1.851099,1000
67198,0.001074071,1.074071,1000
67199,0.06457915,64.57915,1000
67200,0.00119801,1.19801,1000
67201,0.000937396,0.937396,1000
67202,0.001457786,1.457786,1000
67203,0.004904166,4.904166,1000
67204,0.001019665,1.019665,1000
67205,0.000832806,0.832806,1000
67206,0.001678311,1.678311,1000
67207,0.004293599,4.293599,1000
67208,0.000597203,0.597203,1000
67210,0.001749287,1.749287,1000
67211,0.370682385,370.682385,1000
67212,0.00040229,0.40229,1000
67213,0.00104294,1.04294,1000
67214,0.00083955,0.83955,1000
67215,0.01807135,18.07135,1000
67216,0.000644577,0.644577,1000
67217,0.001309939,1.309939,1000
67218,0.003935388,3.935388,1000
67219,0.001069226,1.069226,1000
67220,0.013038379,13.038379,1000
67221,0.000629982,0.629982,1000
67222,0.000954534,0.954534,1000
67223,0.000707333,0.707333,1000
67224,0.000716367,0.716367,1000
67225,0.000661468,0.661468,1000
67226,0.001312558,1.312558,1000
67227,0.001147414,1.147414,1000
67228,0.000767464,0.767464,1000
67229,0.000858664,0.858664,1000
67230,0.001656285,1.656285,1000
67231,0.000742832,0.742832,1000
67232,0.003502979,3.502979,1000
67233,0.000839191,0.839191,1000
67234,0.000848835,0.848835,1000
67235,0.000937823,0.937823,1000
67236,0.001062569,1.062569,1000
67237,0.000793853,0.793853,1000
67238,0.001001897,1.001897,1000
67239,0.000844969,0.844969,1000
67240,0.001187699,1.187699,1000
67241,0.000983435,0.983435,1000
67242,0.000705345,0.705345,1000
67243,0.000760028,0.760028,1000
67244,0.000891204,0.891204,1000
67245,0.000802443,0.802443,1000
67246,0.001123635,1.123635,1000
67247,0.000849798,0.849798,1000
67248,0.000398693,0.398693,1000
67249,0.001750714,1.750714,1000
67250,0.000715145,0.715145,1000
67251,0.000850619,0.850619,1000
67252,0.000678058,0.678058,1000
67253,0.00114796,1.14796,1000
67254,0.000878422,0.878422,1000
67255,0.000881939,0.881939,1000
67256,0.000781956,0.781956,1000
67257,0.000517919,0.517919,1000
67258,0.000824673,0.824673,1000
67259,0.000644058,0.644058,1000
67260,0.000924355,0.924355,1000
67261,0.001944579,1.944579,1000
67262,0.000775315,0.775315,1000
67263,0.000878348,0.878348,1000
67264,0.000773452,0.773452,1000
67265,0.000268687,0.268687,1000
67266,0.000993186,0.993186,1000
67267,0.001141219,1.141219,1000
67268,0.000848003,0.848003,1000
67269,0.01625798,16.25798,1000
67270,0.001644627,1.644627,1000
67271,0.001319406,1.319406,1000
67272,0.00084263,0.84263,1000
67273,0.002885589,2.885589,1000
67274,0.041852334,41.852334,1000
67275,0.008188706,8.188706,1000
67276,0.122165678,122.165678,1000
67277,0.015923646,15.923646,1000
67278,0.000830854,0.830854,1000
67279,0.000795545,0.795545,1000
67280,0.001246131,1.246131,1000
67281,0.000794449,0.794449,1000
67282,0.003829101,3.829101,1000
67283,0.000836255,0.836255,1000
67284,0.001015183,1.015183,1000
67285,0.000937243,0.937243,1000
67286,0.000749862,0.749862,1000
67287,0.000635357,0.635357,1000
67288,0.000772707,0.772707,1000
67289,0.000697478,0.697478,1000
67290,0.001130195,1.130195,1000
67291,0.001385415,1.385415,1000
67292,0.121531814,121.531814,1000
67293,0.00053398,0.53398,1000
67294,0.003505383,3.505383,1000
67295,0.000606563,0.606563,1000
67296,0.000577166,0.577166,1000
67297,0.000700448,0.700448,1000
67298,0.001071066,1.071066,1000
67299,0.000815787,0.815787,1000
67300,0.001135573,1.135573,1000
67301,0.040323266,40.323266,1000
67302,0.00091243,0.91243,1000
67303,0.002540589,2.540589,1000
67304,0.00081312,0.81312,1000
67305,0.000927568,0.927568,1000
67306,0.00472655,4.72655,1000
67307,0.012419881,12.419881,1000
67308,0.005518526,5.518526,1000
67309,0.001042979,1.042979,1000
67310,0.000742555,0.742555,1000
67311,0.00434408,4.34408,1000
67312,0.000573943,0.573943,1000
67313,0.001004655,1.004655,1000
67314,0.00203133,2.03133,1000
67315,0.000706325,0.706325,1000
67316,0.004061133,4.061133,1000
67317,0.001288878,1.288878,1000
67318,0.001032522,1.032522,1000
67319,0.000624671,0.624671,1000
67320,0.00081764,0.81764,1000
67321,0.000701867,0.701867,1000
67322,0.000784804,0.784804,1000
67323,0.000757163,0.757163,1000
67324,0.001312558,1.312558,1000
67325,0.000608037,0.608037,1000
67326,0.00080002,0.80002,1000
67327,0.000822786,0.822786,1000
67328,0.001382541,1.382541,1000
67329,0.004073118,4.073118,1000
67330,0.000711811,0.711811,1000
67331,0.000842975,0.842975,1000
67332,0.004824788,4.824788,1000
67333,0.000979319,0.979319,1000
67334,0.000882371,0.882371,1000
67335,0.001520493,1.520493,1000
67336,0.001042957,1.042957,1000
67337,0.000779274,0.779274,1000
67338,0.001015376,1.015376,1000
67339,0.001228779,1.228779,1000
67340,0.000723954,0.723954,1000
67341,0.001037936,1.037936,1000
67342,0.000934311,0.934311,1000
67343,0.002494343,2.494343,1000
67344,0.001363194,1.363194,1000
67345,0.000672887,0.672887,1000
67346,0.001687941,1.687941,1000
67347,0.000954263,0.954263,1000
67348,0.022806457,22.806457,1000
67349,0.000680378,0.680378,1000
67350,0.00115367,1.15367,1000
67351,0.007953954,7.953954,1000
67352,0.006435114,6.435114,1000
67353,0.003249418,3.249418,1000
67354,0.002877522,2.877522,1000
67355,0.000711073,0.711073,1000
67356,0.00103168,1.03168,1000
67357,0.000503479,0.503479,1000
67358,0.000734996,0.734996,1000
67359,0.000277188,0.277188,1000
67360,0.007270788,7.270788,1000
67361,0.001510527,1.510527,1000
67362,0.000908983,0.908983,1000
67363,0.003846013,3.846013,1000
67364,0.003566198,3.566198,1000
67365,0.001062519,1.062519,1000
67366,0.000802776,0.802776,1000
67367,0.001364254,1.364254,1000
67368,0.000976396,0.976396,1000
67369,0.00103168,1.03168,1000
67370,0.000896575,0.896575,1000
67371,0.009235659,9.235659,1000
67372,0.000801621,0.801621,1000
67373,0.000637042,0.637042,1000
67374,0.000732727,0.732727,1000
67375,0.001281766,1.281766,1000
67376,0.004286463,4.286463,1000
67377,0.001011936,1.011936,1000
67378,0.000771323,0.771323,1000
67379,0.005892972,5.892972,1000
67380,0.003788218,3.788218,1000
67381,0.000653621,0.653621,1000
67382,0.000577551,0.577551,1000
67383,0.001825149,1.825149,1000
67384,0.002045669,2.045669,1000
67385,0.000662181,0.662181,1000
67386,0.008438412,8.438412,1000
67387,0.000995922,0.995922,1000
67388,0.001029247,1.029247,1000
67389,0.001204353,1.204353,1000
67390,0.000471732,0.471732,1000
67391,0.000481232,0.481232,1000
67392,0.010711317,10.711317,1000
67393,0.001141772,1.141772,1000
67394,0.000653308,0.653308,1000
67395,0.000876348,0.876348,1000
67396,0.000937396,0.937396,1000
67397,0.000825966,0.825966,1000
67398,0.009391453,9.391453,1000
67399,0.001453121,1.453121,1000
67400,0.000920529,0.920529,1000
67401,0.008232786,8.232786,1000
67402,0.000817908,0.817908,1000
67403,0.000712849,0.712849,1000
67404,0.000770926,0.770926,1000
67405,0.001590936,1.590936,1000
67406,0.000851999,0.851999,1000
67407,0.000825969,0.825969,1000
67408,0.000880041,0.880041,1000
67409,0.001071083,1.071083,1000
67410,0.001143068,1.143068,1000
67411,0.000735268,0.735268,1000
67412,0.001485401,1.485401,1000
67413,0.000882371,0.882371,1000
67414,0.000852533,0.852533,1000
67415,0.003029008,3.029008,1000
67416,0.001122974,1.122974,1000
67417,0.001325176,1.325176,1000
67418,0.001276942,1.276942,1000
67419,0.001001545,1.001545,1000
67420,0.06457589,64.57589,1000
67421,0.009722383,9.722383,1000
67422,0.001081154,1.081154,1000
67423,0.000473281,0.473281,1000
67424,0.001246131,1.246131,1000
67425,0.001221921,1.221921,1000
67426,0.000808776,0.808776,1000
67427,0.001893495,1.893495,1000
67428,0.001124571,1.124571,1000
67429,0.000562102,0.562102,1000
67430,0.000874712,0.874712,1000
67431,0.000361132,0.361132,1000
67432,0.001024527,1.024527,1000
67433,0.001336371,1.336371,1000
67434,0.000811574,0.811574,1000
67435,0.001416113,1.416113,1000
67436,0.002888104,2.888104,1000
67437,0.001042556,1.042556,1000
67438,0.000729071,0.729071,1000
67439,0.001270832,1.270832,1000
67440,0.001062569,1.062569,1000
67441,0.000312615,0.312615,1000
67442,0.008128464,8.128464,1000
67443,0.001031654,1.031654,1000
67444,0.001382286,1.382286,1000
67445,0.001104592,1.104592,1000
67446,0.00286312,2.86312,1000
67447,0.001104592,1.104592,1000
67448,0.001034202,1.034202,1000
67449,0.001488023,1.488023,1000
67450,0.000813435,0.813435,1000
67451,0.000821566,0.821566,1000
67452,0.010354328,10.354328,1000
67453,0.000661422,0.661422,1000
67454,0.001420616,1.420616,1000
67455,0.002930936,2.930936,1000
67456,0.001144266,1.144266,1000
67457,0.00032787,0.32787,1000
67458,0.000948554,0.948554,1000
67459,0.000574551,0.574551,1000
67460,0.000930954,0.930954,1000
67461,0.000821924,0.821924,1000
67462,0.000767822,0.767822,1000
67463,0.001059412,1.059412,1000
67464,0.042713145,42.713145,1000
67465,0.000455799,0.455799,1000
67466,0.000963771,0.963771,1000
67467,0.001914043,1.914043,1000
67468,0.001150022,1.150022,1000
67469,0.000549892,0.549892,1000
67470,0.00075839,0.75839,1000
67471,0.001598603,1.598603,1000
67472,0.00089139,0.89139,1000
67473,0.005670601,5.670601,1000
67474,0.042135611,42.135611,1000
67475,0.000829265,0.829265,1000
67476,0.002816603,2.816603,1000
67477,0.005612624,5.612624,1000
67478,0.000618176,0.618176,1000
67479,0.001189634,1.189634,1000
67480,0.001453028,1.453028,1000
67481,0.002012656,2.012656,1000
67482,0.069015265,69.015265,1000
67483,0.004800592,4.800592,1000
67484,0.083276718,83.276718,1000
67485,0.001385374,1.385374,1000
67486,0.000808278,0.808278,1000
67487,0.000980731,0.980731,1000
67488,0.001382519,1.382519,1000
67489,0.000302802,0.302802,1000
67490,0.001042979,1.042979,1000
67491,0.000914274,0.914274,1000
67492,0.008257264,8.257264,1000
67493,0.001592071,1.592071,1000
67494,0.045599038,45.599038,1000
67495,0.000782611,0.782611,1000
67496,0.001438897,1.438897,1000
67497,0.001042957,1.042957,1000
67498,0.000767461,0.767461,1000
67499,0.000925167,0.925167,1000
67500,0.000964089,0.964089,1000
67501,0.516251032,516.251032,1000
67502,0.004658949,4.658949,1000
67503,0.000743849,0.743849,1000
67504,0.628179005,628.179005,1000
67505,0.210941368,210.941368,1000
67506,0.000581426,0.581426,1000
67507,0.001282046,1.282046,1000
67508,0.000628838,0.628838,1000
67509,0.003844206,3.844206,1000
67510,0.039998169,39.998169,1000
67511,0.012742885,12.742885,1000
67512,0.001071083,1.071083,1000
67513,0.001164499,1.164499,1000
67514,0.030200322,30.200322,1000
67515,0.002806179,2.806179,1000
67516,0.00114014,1.14014,1000
67517,0.000760407,0.760407,1000
67518,0.026723073,26.723073,1000
67519,0.000819852,0.819852,1000
67520,0.192419017,192.419017,1000
67521,0.001330285,1.330285,1000
67522,0.000918566,0.918566,1000
67523,0.00083586,0.83586,1000
67524,0.001042957,1.042957,1000
67525,0.001827652,1.827652,1000
67526,0.000821719,0.821719,1000
67527,0.001134919,1.134919,1000
67528,0.001093087,1.093087,1000
67529,0.001177522,1.177522,1000
67530,0.000910579,0.910579,1000
67531,0.00121568,1.21568,1000
67532,0.000813629,0.813629,1000
67533,0.001523569,1.523569,1000
67534,0.000840023,0.840023,1000
67535,0.004033202,4.033202,1000
67536,0.000425672,0.425672,1000
67537,0.001081154,1.081154,1000
67538,0.007684873,7.684873,1000
67539,0.001168188,1.168188,1000
67540,0.000700506,0.700506,1000
67541,0.001042957,1.042957,1000
67542,0.001505839,1.505839,1000
67543,0.001247512,1.247512,1000
67544,0.001023942,1.023942,1000
67545,0.000765851,0.765851,1000
67546,0.000655488,0.655488,1000
67547,0.001247199,1.247199,1000
67548,0.096735487,96.735487,1000
67549,0.000528172,0.528172,1000
67550,0.001646545,1.646545,1000
67551,0.000769738,0.769738,1000
67552,0.001042979,1.042979,1000
67553,0.001377549,1.377549,1000
67554,0.001042957,1.042957,1000
67555,0.003755364,3.755364,1000
67556,0.001039716,1.039716,1000
67557,0.001965673,1.965673,1000
67558,0.001480195,1.480195,1000
67559,0.000937567,0.937567,1000
67560,0.001601399,1.601399,1000
67561,0.000335331,0.335331,1000
67562,0.002923732,2.923732,1000
67563,0.000880036,0.880036,1000
67564,0.000545928,0.545928,1000
67565,0.00115401,1.15401,1000
67566,0.001542492,1.542492,1000
67567,0.001261291,1.261291,1000
67568,0.001198391,1.198391,1000
67569,0.001099294,1.099294,1000
67570,0.000603904,0.603904,1000
67571,0.00055172,0.55172,1000
67572,0.001632122,1.632122,1000
67573,0.000971157,0.971157,1000
67574,0.000772707,0.772707,1000
67575,0.000917793,0.917793,1000
67576,0.001140684,1.140684,1000
67577,0.000794883,0.794883,1000
67578,0.001153677,1.153677,1000
67579,0.000552592,0.552592,1000
67580,0.000721349,0.721349,1000
67581,0.002797937,2.797937,1000
67582,0.000423883,0.423883,1000
67583,0.024236991,24.236991,1000
67584,0.000899954,0.899954,1000
67585,0.001290476,1.290476,1000
67586,0.001267636,1.267636,1000
67587,0.003475009,3.475009,1000
67588,0.001011936,1.011936,1000
67589,0.001012652,1.012652,1000
67590,0.000800262,0.800262,1000
67591,0.000981026,0.981026,1000
67592,0.000392215,0.392215,1000
67593,0.000601205,0.601205,1000
67594,0.00057027,0.57027,1000
67595,0.000926695,0.926695,1000
67596,0.000907972,0.907972,1000
67597,0.001120754,1.120754,1000
67598,0.001205656,1.205656,1000
67599,0.000872317,0.872317,1000
67600,0.00130115,1.30115,1000
67601,0.000869555,0.869555,1000
67602,0.000834469,0.834469,1000
67603,0.001724534,1.724534,1000
67604,0.000687188,0.687188,1000
67605,0.01061738,10.61738,1000
67606,0.001459127,1.459127,1000
67607,0.001057105,1.057105,1000
67608,0.001011936,1.011936,1000
67609,0.001687941,1.687941,1000
67610,0.000988681,0.988681,1000
67611,0.000834547,0.834547,1000
67612,0.008494997,8.494997,1000
67613,0.005040084,5.040084,1000
67614,0.00134345,1.34345,1000
67615,0.000993186,0.993186,1000
67616,0.000582528,0.582528,1000
67617,0.00044146,0.44146,1000
67618,0.001370784,1.370784,1000
67619,0.001134926,1.134926,1000
67620,0.061036877,61.036877,1000
67621,0.001409522,1.409522,1000
67622,0.001298063,1.298063,1000
67623,0.001158443,1.158443,1000
67624,0.000736355,0.736355,1000
67625,0.000798789,0.798789,1000
67626,0.000977131,0.977131,1000
67627,0.008174299,8.174299,1000
67628,0.001141219,1.141219,1000
67629,0.002830991,2.830991,1000
67630,0.001148035,1.148035,1000
67631,0.001354599,1.354599,1000
67632,0.00186404,1.86404,1000
67633,0.002949507,2.949507,1000
67634,0.001138328,1.138328,1000
67635,0.000746482,0.746482,1000
67636,0.003167694,3.167694,1000
67637,0.001484906,1.484906,1000
67638,0.00093249,0.93249,1000
67639,0.016555474,16.555474,1000
67640,0.001244335,1.244335,1000
67641,0.000720837,0.720837,1000
67642,0.000911985,0.911985,1000
67643,0.001147415,1.147415,1000
67644,0.000965633,0.965633,1000
67645,0.001042957,1.042957,1000
67646,0.00151137,1.51137,1000
67647,0.001846401,1.846401,1000
67648,0.000565311,0.565311,1000
67649,0.000477909,0.477909,1000
67650,0.001194978,1.194978,1000
67651,0.000573862,0.573862,1000
67652,0.004799735,4.799735,1000
67653,0.026533963,26.533963,1000
67654,0.000838542,0.838542,1000
67655,0.003468448,3.468448,1000
67657,0.016152077,16.152077,1000
67658,0.000777189,0.777189,1000
67659,0.000792197,0.792197,1000
67660,0.001165708,1.165708,1000
67661,0.00115367,1.15367,1000
67662,0.000718847,0.718847,1000
67663,0.153748651,153.748651,1000
67664,0.000907922,0.907922,1000
67665,0.0002638,0.2638,1000
67666,0.001165758,1.165758,1000
67667,0.000980282,0.980282,1000
67668,0.002986179,2.986179,1000
67669,0.001758127,1.758127,1000
67670,0.000731627,0.731627,1000
67671,0.000762367,0.762367,1000
67672,0.001287855,1.287855,1000
67673,0.000744358,0.744358,1000
67674,0.001042817,1.042817,1000
67675,0.000341365,0.341365,1000
67676,0.000751549,0.751549,1000
67677,0.001171504,1.171504,1000
67678,0.000408954,0.408954,1000
67679,0.00134466,1.34466,1000
67680,0.00081312,0.81312,1000
67681,0.001073821,1.073821,1000
67682,0.000970328,0.970328,1000
67683,0.001081344,1.081344,1000
67684,0.002816899,2.816899,1000
67685,0.004095847,4.095847,1000
67686,0.001275835,1.275835,1000
67687,0.0012235,1.2235,1000
67688,0.004435729,4.435729,1000
67689,0.064559473,64.559473,1000
67690,0.246504036,246.504036,1000
67691,0.000872842,0.872842,1000
67692,0.003921145,3.921145,1000
67693,0.000870078,0.870078,1000
67694,0.000714317,0.714317,1000
67695,0.001353471,1.353471,1000
67696,0.001966488,1.966488,1000
67697,0.000783777,0.783777,1000
67698,0.000567083,0.567083,1000
67699,0.000748543,0.748543,1000
67700,0.001477924,1.477924,1000
67701,0.144299937,144.299937,1000
67702,0.000834609,0.834609,1000
67703,0.000874456,0.874456,1000
67704,0.003154708,3.154708,1000
67705,0.000728185,0.728185,1000
67706,0.000595113,0.595113,1000
67707,0.001673174,1.673174,1000
67708,0.000754573,0.754573,1000
67709,0.001520388,1.520388,1000
67710,0.001505839,1.505839,1000
67711,0.000620994,0.620994,1000
67712,0.000772561,0.772561,1000
67713,0.002501903,2.501903,1000
67714,0.000571794,0.571794,1000
67715,0.000682135,0.682135,1000
67716,0.00140181,1.40181,1000
67717,0.001102168,1.102168,1000
67718,0.001062541,1.062541,1000
67719,0.001376291,1.376291,1000
67720,0.037769182,37.769182,1000
67721,0.002761334,2.761334,1000
67722,0.001143068,1.143068,1000
67723,0.001154695,1.154695,1000
67724,0.000928883,0.928883,1000
67725,0.000937711,0.937711,1000
67726,0.001006165,1.006165,1000
67728,0.002264965,2.264965,1000
67729,0.000978918,0.978918,1000
67730,0.0013662,1.3662,1000
67731,0.000875023,0.875023,1000
67732,0.00180884,1.80884,1000
67733,0.001609698,1.609698,1000
67734,0.0013662,1.3662,1000
67735,0.001475669,1.475669,1000
67736,0.001797479,1.797479,1000
67737,0.001032689,1.032689,1000
67738,0.001013066,1.013066,1000
67739,0.001032689,1.032689,1000
67740,0.000875023,0.875023,1000
67741,0.00034919,0.34919,1000
67742,0.002948882,2.948882,1000
67743,0.001042957,1.042957,1000
67744,0.001108175,1.108175,1000
67745,0.002828715,2.828715,1000
67746,0.000841017,0.841017,1000
67747,0.001006227,1.006227,1000
67748,0.004049233,4.049233,1000
67749,0.001076689,1.076689,1000
67750,0.000466952,0.466952,1000
67752,0.00118329,1.18329,1000
67753,0.000921919,0.921919,1000
67754,0.00081312,0.81312,1000
67755,0.000949958,0.949958,1000
67756,0.002212675,2.212675,1000
67757,0.003063618,3.063618,1000
67758,0.000783777,0.783777,1000
67759,0.000577783,0.577783,1000
67760,0.00125383,1.25383,1000
67761,0.000950338,0.950338,1000
67762,0.001006834,1.006834,1000
67763,0.001210057,1.210057,1000
67764,0.001000921,1.000921,1000
67765,0.001312558,1.312558,1000
67766,0.002934745,2.934745,1000
67767,0.460505757,460.505757,1000
67768,0.000690676,0.690676,1000
67769,0.001092896,1.092896,1000
67770,0.000800218,0.800218,1000
67771,0.003179949,3.179949,1000
67772,0.000725853,0.725853,1000
67773,0.002311151,2.311151,1000
67774,0.001568265,1.568265,1000
67775,0.008219152,8.219152,1000
67776,0.002396765,2.396765,1000
67777,0.000797949,0.797949,1000
67778,0.001175725,1.175725,1000
67779,0.008808893,8.808893,1000
67780,0.075126743,75.126743,1000
67781,0.056408466,56.408466,1000
67782,0.001081154,1.081154,1000
67783,0.000569717,0.569717,1000
67784,0.001297663,1.297663,1000
67785,0.000881954,0.881954,1000
67786,0.001749287,1.749287,1000
67787,0.001059914,1.059914,1000
67788,0.000545646,0.545646,1000
67789,0.000855174,0.855174,1000
67790,0.000716191,0.716191,1000
67791,0.004299311,4.299311,1000
67792,0.000927486,0.927486,1000
67793,0.001204063,1.204063,1000
67794,0.000813359,0.813359,1000
67795,0.000587684,0.587684,1000
67796,0.00091214,0.91214,1000
67797,0.004519813,4.519813,1000
67798,0.00070594,0.70594,1000
67799,0.003198211,3.198211,1000
67800,0.03778758,37.78758,1000
67801,0.0012476,1.2476,1000
67802,0.000985281,0.985281,1000
67803,0.001075196,1.075196,1000
67804,0.000461369,0.461369,1000
67805,0.000558465,0.558465,1000
67806,0.001112955,1.112955,1000
67807,0.001207062,1.207062,1000
67808,0.000902218,0.902218,1000
67809,0.000843674,0.843674,1000
67810,0.001127223,1.127223,1000
67811,0.001083984,1.083984,1000
67812,0.001127223,1.127223,1000
67813,0.000685537,0.685537,1000
67814,0.001011936,1.011936,1000
67815,0.001071731,1.071731,1000
67816,0.000829606,0.829606,1000
67817,0.002211248,2.211248,1000
67818,0.004069123,4.069123,1000
67819,0.004210252,4.210252,1000
67820,0.001525312,1.525312,1000
67821,0.000927751,0.927751,1000
67822,0.024868953,24.868953,1000
67823,0.001473974,1.473974,1000
67824,0.000683792,0.683792,1000
67825,0.00078826,0.78826,1000
67826,0.001604718,1.604718,1000
67827,0.0010484,1.0484,1000
67828,0.00085266,0.85266,1000
67829,0.000874977,0.874977,1000
67830,0.00078388,0.78388,1000
67831,0.000989996,0.989996,1000
67832,0.001506826,1.506826,1000
67833,0.00044933,0.44933,1000
67834,0.000437159,0.437159,1000
67835,0.000657328,0.657328,1000
67836,0.00081312,0.81312,1000
67837,0.007956618,7.956618,1000
67838,0.001081154,1.081154,1000
67839,0.0043396,4.3396,1000
67840,0.001011936,1.011936,1000
67841,0.000703412,0.703412,1000
67842,0.008468936,8.468936,1000
67843,0.000825966,0.825966,1000
67844,0.000982767,0.982767,1000
67845,0.001208218,1.208218,1000
67846,0.001147967,1.147967,1000
67847,0.000696403,0.696403,1000
67848,0.001302768,1.302768,1000
67849,0.000747154,0.747154,1000
67850,0.001447409,1.447409,1000
67851,0.00115367,1.15367,1000
67852,0.001184644,1.184644,1000
67853,0.001382683,1.382683,1000
67854,0.026651598,26.651598,1000
67855,0.001554061,1.554061,1000
67856,0.000825969,0.825969,1000
67857,0.000728892,0.728892,1000
67858,0.000805494,0.805494,1000
67859,0.000659169,0.659169,1000
67860,0.001002757,1.002757,1000
67861,0.001000935,1.000935,1000
67862,0.002870766,2.870766,1000
67863,0.000518749,0.518749,1000
67864,0.000741207,0.741207,1000
67865,0.007124974,7.124974,1000
67866,0.00311142,3.11142,1000
67867,0.000983435,0.983435,1000
67868,0.002211248,2.211248,1000
67869,0.001062032,1.062032,1000
67870,0.001134919,1.134919,1000
67871,0.000578194,0.578194,1000
67872,0.000478744,0.478744,1000
67873,0.001156684,1.156684,1000
67874,0.000627997,0.627997,1000
67875,0.0005707,0.5707,1000
67876,0.001141219,1.141219,1000
67877,0.00606124,6.06124,1000
67878,0.001746026,1.746026,1000
67879,0.008298311,8.298311,1000
67880,0.000923614,0.923614,1000
67881,0.001180663,1.180663,1000
67882,0.000618617,0.618617,1000
67883,0.001114003,1.114003,1000
67884,0.001115455,1.115455,1000
67885,0.00104294,1.04294,1000
67886,0.000478479,0.478479,1000
67887,0.000790236,0.790236,1000
67888,0.000861596,0.861596,1000
67889,0.002071923,2.071923,1000
67890,0.00430711,4.30711,1000
67891,0.001081154,1.081154,1000
67892,0.001006808,1.006808,1000
67893,0.000423668,0.423668,1000
67894,0.000832332,0.832332,1000
67895,0.075573264,75.573264,1000
67896,0.002040526,2.040526,1000
67897,0.00138256,1.38256,1000
67898,0.000334445,0.334445,1000
67899,0.001000921,1.000921,1000
67900,0.000599581,0.599581,1000
67901,0.001198193,1.198193,1000
67902,0.001190926,1.190926,1000
67903,0.000984391,0.984391,1000
67904,0.002820536,2.820536,1000
67905,0.0025439,2.5439,1000
67906,0.064524643,64.524643,1000
67907,0.000887282,0.887282,1000
67908,0.000769379,0.769379,1000
67909,0.000762615,0.762615,1000
67910,0.000993124,0.993124,1000
67911,0.000705039,0.705039,1000
67912,0.001044721,1.044721,1000
67913,0.000970579,0.970579,1000
67914,0.00078811,0.78811,1000
67915,0.006723162,6.723162,1000
67916,0.002874776,2.874776,1000
67917,0.001029247,1.029247,1000
67918,0.000617574,0.617574,1000
67919,0.001513667,1.513667,1000
67920,0.001788665,1.788665,1000
67921,0.000912672,0.912672,1000
67922,0.001740149,1.740149,1000
67923,0.000765271,0.765271,1000
67924,0.001073475,1.073475,1000
67925,0.001662921,1.662921,1000
67926,0.001555514,1.555514,1000
67927,0.002419112,2.419112,1000
67928,0.001014503,1.014503,1000
67929,0.040442368,40.442368,1000
67930,0.00104294,1.04294,1000
67931,0.008068265,8.068265,1000
67932,0.008345002,8.345002,1000
67933,0.001169491,1.169491,1000
67934,0.002853946,2.853946,1000
67935,0.00123329,1.23329,1000
67936,0.000384793,0.384793,1000
67937,0.00113232,1.13232,1000
67938,0.006888216,6.888216,1000
67939,0.00078378,0.78378,1000
67940,0.040078092,40.078092,1000
67941,0.001091954,1.091954,1000
67942,0.0009435,0.9435,1000
67943,0.000825966,0.825966,1000
67944,0.000597609,0.597609,1000
67945,0.000689884,0.689884,1000
67946,0.096969525,96.969525,1000
67947,0.000924355,0.924355,1000
67948,0.000946063,0.946063,1000
67949,0.000577502,0.577502,1000
67950,0.000575868,0.575868,1000
67951,0.000967173,0.967173,1000
67952,0.00085352,0.85352,1000
67953,0.001062519,1.062519,1000
67954,0.001508906,1.508906,1000
67955,0.000650199,0.650199,1000
67956,0.001204353,1.204353,1000
67957,0.001196008,1.196008,1000
67958,0.00101877,1.01877,1000
67959,0.000878197,0.878197,1000
67960,0.001059412,1.059412,1000
67961,0.000868291,0.868291,1000
67962,0.001386749,1.386749,1000
67963,0.00275618,2.75618,1000
67964,0.000783777,0.783777,1000
67965,0.000813123,0.813123,1000
67966,0.000990262,0.990262,1000
67967,0.000674684,0.674684,1000
67968,0.003304975,3.304975,1000
67969,0.000993124,0.993124,1000
67970,0.001011936,1.011936,1000
67971,0.001029247,1.029247,1000
67972,0.001134926,1.134926,1000
67973,0.000979939,0.979939,1000
67974,0.00295678,2.95678,1000
67975,0.000825969,0.825969,1000
67976,0.000768626,0.768626,1000
67977,0.001209787,1.209787,1000
67978,0.000767898,0.767898,1000
67979,0.000430857,0.430857,1000
67980,0.006932455,6.932455,1000
67981,0.000683825,0.683825,1000
67982,0.000888704,0.888704,1000
67983,0.000954263,0.954263,1000
67984,0.003244431,3.244431,1000
67985,0.003058219,3.058219,1000
67986,0.000962449,0.962449,1000
67987,0.174214948,174.214948,1000
67988,0.000747192,0.747192,1000
67989,0.008148072,8.148072,1000
67990,0.033734435,33.734435,1000
67991,0.006904943,6.904943,1000
67992,0.001918158,1.918158,1000
67993,0.003207785,3.207785,1000
67994,0.000825966,0.825966,1000
67995,0.000828755,0.828755,1000
67996,0.001116018,1.116018,1000
67997,0.001599281,1.599281,1000
67998,0.001349099,1.349099,1000
67999,0.000752998,0.752998,1000
68000,0.000892219,0.892219,1000
68001,0.121862155,121.862155,1000
68002,0.002904934,2.904934,1000
68003,0.001278397,1.278397,1000
68004,0.002385733,2.385733,1000
68005,0.000675339,0.675339,1000
68006,0.000984419,0.984419,1000
68007,0.000916192,0.916192,1000
68008,0.005544794,5.544794,1000
68009,0.001576132,1.576132,1000
68010,0.001520388,1.520388,1000
68011,0.000868153,0.868153,1000
68012,0.000953829,0.953829,1000
68013,0.015740824,15.740824,1000
68014,0.001635382,1.635382,1000
68015,0.000866509,0.866509,1000
68016,0.064580577,64.580577,1000
68017,0.004855948,4.855948,1000
68018,0.000786649,0.786649,1000
68019,0.000896152,0.896152,1000
68020,0.000689307,0.689307,1000
68021,0.001331222,1.331222,1000
68022,0.006305695,6.305695,1000
68023,0.000916276,0.916276,1000
68024,0.000985245,0.985245,1000
68025,0.000700498,0.700498,1000
68026,0.000943859,0.943859,1000
68027,0.00810153,8.10153,1000
68028,0.001025579,1.025579,1000
68029,0.000723338,0.723338,1000
68030,0.002849395,2.849395,1000
68031,0.003355773,3.355773,1000
68032,0.000922584,0.922584,1000
68033,0.001035142,1.035142,1000
68034,0.000753543,0.753543,1000
68035,0.000604649,0.604649,1000
68036,0.000918245,0.918245,1000
68037,0.000993186,0.993186,1000
68038,0.000615422,0.615422,1000
68039,0.003416168,3.416168,1000
68040,0.001365751,1.365751,1000
68041,0.00084878,0.84878,1000
68042,0.010875705,10.875705,1000
68043,0.001134926,1.134926,1000
68044,0.015919765,15.919765,1000
68045,0.000824329,0.824329,1000
68046,0.001472682,1.472682,1000
68047,0.000705157,0.705157,1000
68048,0.001505839,1.505839,1000
68049,0.000749263,0.749263,1000
68050,0.570985169,570.985169,1000
68051,0.000578833,0.578833,1000
68052,0.000774611,0.774611,1000
68053,0.001062569,1.062569,1000
68054,0.001014435,1.014435,1000
68055,0.000758674,0.758674,1000
68056,0.000606409,0.606409,1000
68057,0.101486165,101.486165,1000
68058,0.003773216,3.773216,1000
68059,0.000331399,0.331399,1000
68060,0.005847542,5.847542,1000
68061,0.001144422,1.144422,1000
68062,0.00101743,1.01743,1000
68063,0.001244675,1.244675,1000
68064,0.000813753,0.813753,1000
68065,0.000721227,0.721227,1000
68066,0.00365668,3.65668,1000
68067,0.000775414,0.775414,1000
68068,0.000960198,0.960198,1000
68069,0.000537429,0.537429,1000
68070,0.003266523,3.266523,1000
68071,0.001015943,1.015943,1000
68072,0.000747168,0.747168,1000
68073,0.000923345,0.923345,1000
68074,0.001823881,1.823881,1000
68075,0.002405234,2.405234,1000
68076,0.07641014,76.41014,1000
68077,0.000566395,0.566395,1000
68078,0.002867203,2.867203,1000
68079,0.001014983,1.014983,1000
68080,0.126215525,126.215525,1000
68081,0.007930676,7.930676,1000
68082,0.000927422,0.927422,1000
68083,0.000728059,0.728059,1000
68084,0.002707528,2.707528,1000
68085,0.008133494,8.133494,1000
68086,0.057404916,57.404916,1000
68087,0.000536589,0.536589,1000
68088,0.00063835,0.63835,1000
68089,0.001071066,1.071066,1000
68090,0.001438125,1.438125,1000
68091,0.015976695,15.976695,1000
68092,0.05631572,56.31572,1000
68093,0.004158925,4.158925,1000
68094,0.002597425,2.597425,1000
68095,0.027303241,27.303241,1000
68096,0.213292977,213.292977,1000
68097,0.370918117,370.918117,1000
68098,0.039980701,39.980701,1000
68099,0.001143068,1.143068,1000
68100,0.002114762,2.114762,1000
68101,0.012428363,12.428363,1000
68102,0.003003569,3.003569,1000
68103,0.008222844,8.222844,1000
68104,0.008086454,8.086454,1000
68105,0.097746165,97.746165,1000
68106,0.101272758,101.272758,1000
68107,0.000743742,0.743742,1000
68108,0.047709902,47.709902,1000
68109,0.003312933,3.312933,1000
68110,0.001342692,1.342692,1000
68111,0.00092901,0.92901,1000
68112,0.001112236,1.112236,1000
68113,0.001141795,1.141795,1000
68114,0.000846648,0.846648,1000
68115,0.000519911,0.519911,1000
68116,0.000542645,0.542645,1000
68117,0.000894163,0.894163,1000
68118,0.001043007,1.043007,1000
68119,0.000723851,0.723851,1000
68120,0.001000744,1.000744,1000
68121,0.000954264,0.954264,1000
68122,0.000590956,0.590956,1000
68123,0.000641443,0.641443,1000
68124,0.000926543,0.926543,1000
68125,0.002017216,2.017216,1000
68126,0.002928609,2.928609,1000
68127,0.000644208,0.644208,1000
68128,0.00068299,0.68299,1000
68129,0.000983889,0.983889,1000
68130,0.001194676,1.194676,1000
68131,0.000969315,0.969315,1000
68132,0.001055984,1.055984,1000
68133,0.000770332,0.770332,1000
68134,0.001204901,1.204901,1000
68135,0.000591903,0.591903,1000
68136,0.008626193,8.626193,1000
68137,0.00114829,1.14829,1000
68138,0.001042957,1.042957,1000
68139,0.0010229,1.0229,1000
68140,0.000937865,0.937865,1000
68141,0.000905193,0.905193,1000
68142,0.001746026,1.746026,1000
68143,0.002901637,2.901637,1000
68144,0.008393273,8.393273,1000
68145,0.00125409,1.25409,1000
68146,0.001749287,1.749287,1000
68147,0.000603432,0.603432,1000
68148,0.001717421,1.717421,1000
68149,0.001746026,1.746026,1000
68150,0.001669257,1.669257,1000
68151,0.001274886,1.274886,1000
68152,0.001079613,1.079613,1000
68153,0.001011947,1.011947,1000
68154,0.009397154,9.397154,1000
68155,0.008159594,8.159594,1000
68156,0.016441513,16.441513,1000
68157,0.000506179,0.506179,1000
68158,0.000877814,0.877814,1000
68159,0.00077381,0.77381,1000
68160,0.000617735,0.617735,1000
68161,0.002677859,2.677859,1000
68162,0.00053865,0.53865,1000
68163,0.000274978,0.274978,1000
68164,0.002920655,2.920655,1000
68165,0.001749287,1.749287,1000
68166,0.001749287,1.749287,1000
68167,0.000858937,0.858937,1000
68168,0.002999284,2.999284,1000
68169,0.001335264,1.335264,1000
68170,0.001274886,1.274886,1000
68171,0.003487537,3.487537,1000
68172,0.000597755,0.597755,1000
68173,0.000581572,0.581572,1000
68174,0.000725489,0.725489,1000
68175,0.000526408,0.526408,1000
68176,0.000769879,0.769879,1000
68177,0.000692187,0.692187,1000
68178,0.001492158,1.492158,1000
68179,0.004978371,4.978371,1000
68180,0.000473298,0.473298,1000
68181,0.000480405,0.480405,1000
68182,0.002753358,2.753358,1000
68183,0.000549731,0.549731,1000
68184,0.000482115,0.482115,1000
68185,0.001205656,1.205656,1000
68186,0.000575736,0.575736,1000
68187,0.001281407,1.281407,1000
68188,0.001396119,1.396119,1000
68189,0.00182585,1.82585,1000
68190,0.000868928,0.868928,1000
68191,0.000401726,0.401726,1000
68192,0.000730906,0.730906,1000
68193,0.001825149,1.825149,1000
68194,0.000921145,0.921145,1000
68195,0.000667533,0.667533,1000
68196,0.001071105,1.071105,1000
68197,0.000848337,0.848337,1000
68198,0.000631082,0.631082,1000
68199,0.000636162,0.636162,1000
68200,0.000609894,0.609894,1000
68201,0.000598262,0.598262,1000
68202,0.000527937,0.527937,1000
68203,0.005549267,5.549267,1000
68204,0.001216478,1.216478,1000
68205,0.001003429,1.003429,1000
68206,0.000927591,0.927591,1000
68207,0.001044721,1.044721,1000
68208,0.000470073,0.470073,1000
68209,0.001006227,1.006227,1000
68210,0.000450558,0.450558,1000
68211,0.016018529,16.018529,1000
68212,0.00081312,0.81312,1000
68213,0.001140063,1.140063,1000
68214,0.00138256,1.38256,1000
68215,0.001062519,1.062519,1000
68216,0.001313088,1.313088,1000
68217,0.014773969,14.773969,1000
68218,0.00030087,0.30087,1000
68219,0.001281766,1.281766,1000
68220,0.015961423,15.961423,1000
68221,0.010257778,10.257778,1000
68222,0.000609928,0.609928,1000
68223,0.00232167,2.32167,1000
68224,0.025757836,25.757836,1000
68225,0.000885354,0.885354,1000
68226,0.00081312,0.81312,1000
68227,0.00068967,0.68967,1000
68228,0.026562345,26.562345,1000
68229,0.000709003,0.709003,1000
68230,0.001303878,1.303878,1000
68231,0.001040271,1.040271,1000
68232,0.001242961,1.242961,1000
68233,0.003748893,3.748893,1000
68234,0.003441319,3.441319,1000
68235,0.000706414,0.706414,1000
68236,0.015566369,15.566369,1000
68237,0.329259524,329.259524,1000
68238,0.015115998,15.115998,1000
68239,0.000606226,0.606226,1000
68240,0.000730562,0.730562,1000
68241,0.000494131,0.494131,1000
68242,0.001098148,1.098148,1000
68243,0.000978936,0.978936,1000
68244,0.0044364,4.4364,1000
68245,0.000608227,0.608227,1000
68246,0.001025813,1.025813,1000
68247,0.002725443,2.725443,1000
68248,0.001125119,1.125119,1000
68249,0.000993124,0.993124,1000
68250,0.00082275,0.82275,1000
68251,0.000948733,0.948733,1000
68252,0.000910273,0.910273,1000
68253,0.00115367,1.15367,1000
68254,0.007921895,7.921895,1000
68255,0.000878274,0.878274,1000
68256,0.00085253,0.85253,1000
68257,0.000657094,0.657094,1000
68258,0.001047998,1.047998,1000
68259,0.001147967,1.147967,1000
68260,0.001043007,1.043007,1000
68261,0.001048277,1.048277,1000
68262,0.001134553,1.134553,1000
68263,0.001456359,1.456359,1000
68264,0.003164227,3.164227,1000
68265,0.039960078,39.960078,1000
68266,0.003627633,3.627633,1000
68267,0.000469731,0.469731,1000
68268,0.01609326,16.09326,1000
68269,0.000767586,0.767586,1000
68270,0.00076521,0.76521,1000
68271,0.001105663,1.105663,1000
68272,0.001093793,1.093793,1000
68273,0.000742471,0.742471,1000
68274,0.000739995,0.739995,1000
68275,0.00135431,1.35431,1000
68276,0.003025,3.025,1000
68277,0.000783777,0.783777,1000
68278,0.001062519,1.062519,1000
68279,0.001523885,1.523885,1000
68280,0.000993186,0.993186,1000
68281,0.000627035,0.627035,1000
68282,0.000798092,0.798092,1000
68283,0.001312558,1.312558,1000
68284,0.000954312,0.954312,1000
68285,0.00101519,1.01519,1000
68286,0.001527197,1.527197,1000
68287,0.001330148,1.330148,1000
68288,0.000967041,0.967041,1000
68289,0.000574786,0.574786,1000
68290,0.000892161,0.892161,1000
68291,0.000982271,0.982271,1000
68292,0.001104592,1.104592,1000
68293,0.001122854,1.122854,1000
68294,0.000793301,0.793301,1000
68295,0.00059735,0.59735,1000
68296,0.001497512,1.497512,1000
68297,0.000819673,0.819673,1000
68298,0.00124478,1.24478,1000
68299,0.001362491,1.362491,1000
68300,0.000540968,0.540968,1000
68301,0.464227982,464.227982,1000
68302,0.002557322,2.557322,1000
68303,0.00073786,0.73786,1000
68304,0.003090617,3.090617,1000
68305,0.001463911,1.463911,1000
68306,0.000692476,0.692476,1000
68307,0.002459855,2.459855,1000
68308,0.003622281,3.622281,1000
68309,0.001104592,1.104592,1000
68310,0.000848936,0.848936,1000
68311,0.000951256,0.951256,1000
68312,0.00087248,0.87248,1000
68313,0.000599133,0.599133,1000
68314,0.000848929,0.848929,1000
68315,0.001104592,1.104592,1000
68316,0.000663295,0.663295,1000
68317,0.002278437,2.278437,1000
68318,0.000845119,0.845119,1000
68319,0.000477613,0.477613,1000
68320,0.000971474,0.971474,1000
68321,0.002930664,2.930664,1000
68322,0.001041789,1.041789,1000
68323,0.003358933,3.358933,1000
68324,0.000993124,0.993124,1000
68325,0.000792747,0.792747,1000
68326,0.015163863,15.163863,1000
68327,0.001517646,1.517646,1000
68328,0.000671969,0.671969,1000
68329,0.000647582,0.647582,1000
68330,0.002881039,2.881039,1000
68331,0.000999797,0.999797,1000
68332,0.004867433,4.867433,1000
68333,0.001029247,1.029247,1000
68334,0.001494598,1.494598,1000
68335,0.000716178,0.716178,1000
68336,0.001144266,1.144266,1000
68337,0.000628151,0.628151,1000
68338,0.000657094,0.657094,1000
68339,0.001330285,1.330285,1000
68340,0.00082805,0.82805,1000
68341,0.000778643,0.778643,1000
68342,0.00112596,1.12596,1000
68343,0.000820407,0.820407,1000
68344,0.002879894,2.879894,1000
68345,0.0006115,0.6115,1000
68346,0.000972817,0.972817,1000
68347,0.001067961,1.067961,1000
68348,0.001537418,1.537418,1000
68349,0.001996987,1.996987,1000
68350,0.000948554,0.948554,1000
68351,0.000791049,0.791049,1000
68352,0.000654885,0.654885,1000
68353,0.016018995,16.018995,1000
68354,0.003180099,3.180099,1000
68355,0.003544516,3.544516,1000
68356,0.000654777,0.654777,1000
68357,0.001525076,1.525076,1000
68358,0.001691692,1.691692,1000
68359,0.000589269,0.589269,1000
68360,0.000740548,0.740548,1000
68361,0.000636765,0.636765,1000
68362,0.000927585,0.927585,1000
68363,0.002774931,2.774931,1000
68364,0.008347168,8.347168,1000
68365,0.001505839,1.505839,1000
68366,0.06457915,64.57915,1000
68367,0.002718709,2.718709,1000
68368,0.002347276,2.347276,1000
68369,0.001592968,1.592968,1000
68370,0.000878358,0.878358,1000
68371,0.00098943,0.98943,1000
68372,0.000882371,0.882371,1000
68373,0.001042368,1.042368,1000
68374,0.00115367,1.15367,1000
68375,0.001516094,1.516094,1000
68376,0.011334447,11.334447,1000
68377,0.000674118,0.674118,1000
68378,0.000975026,0.975026,1000
68379,0.000892338,0.892338,1000
68380,0.001821889,1.821889,1000
68381,0.002260388,2.260388,1000
68382,0.001029247,1.029247,1000
68383,0.001071083,1.071083,1000
68384,0.000356228,0.356228,1000
68385,0.004250726,4.250726,1000
68386,0.001106777,1.106777,1000
68387,0.000688998,0.688998,1000
68388,0.00087731,0.87731,1000
68389,0.000824437,0.824437,1000
68390,0.000717353,0.717353,1000
68391,0.001134926,1.134926,1000
68392,0.00100113,1.00113,1000
68393,0.000806392,0.806392,1000
68394,0.000803244,0.803244,1000
68395,0.00079703,0.79703,1000
68396,0.001084679,1.084679,1000
68397,0.000777848,0.777848,1000
68398,0.000611582,0.611582,1000
68399,0.001062541,1.062541,1000
68400,0.000910378,0.910378,1000
68401,0.001071105,1.071105,1000
68402,0.005168639,5.168639,1000
68403,0.003708484,3.708484,1000
68404,0.002948065,2.948065,1000
68405,0.000783777,0.783777,1000
68406,0.000786054,0.786054,1000
68407,0.015020797,15.020797,1000
68408,0.004688152,4.688152,1000
68409,0.00081312,0.81312,1000
68410,0.019955292,19.955292,1000
68411,0.000878911,0.878911,1000
68412,0.000961126,0.961126,1000
68413,0.000811275,0.811275,1000
68414,0.003356483,3.356483,1000
68415,0.00104294,1.04294,1000
68416,0.001826577,1.826577,1000
68417,0.001005057,1.005057,1000
68418,0.000779306,0.779306,1000
68419,0.000827489,0.827489,1000
68420,0.001513943,1.513943,1000
68421,0.001042979,1.042979,1000
68422,0.004528391,4.528391,1000
68423,0.001090048,1.090048,1000
68424,0.00024894,0.24894,1000
68425,0.00086139,0.86139,1000
68426,0.001703656,1.703656,1000
68427,0.0015091,1.5091,1000
68428,0.002017074,2.017074,1000
68429,0.000994527,0.994527,1000
68430,0.000639818,0.639818,1000
68431,0.001867876,1.867876,1000
68432,0.001001922,1.001922,1000
68433,0.001520187,1.520187,1000
68434,0.00100074,1.00074,1000
68435,0.000636521,0.636521,1000
68436,0.000574844,0.574844,1000
68437,0.001002819,1.002819,1000
68438,0.001254427,1.254427,1000
68439,0.001930855,1.930855,1000
68440,0.001142098,1.142098,1000
68441,0.001156562,1.156562,1000
68442,0.001134926,1.134926,1000
68443,0.056044159,56.044159,1000
68444,0.000582301,0.582301,1000
68445,0.026856089,26.856089,1000
68446,0.000891081,0.891081,1000
68447,0.001281766,1.281766,1000
68448,0.000903347,0.903347,1000
68450,0.001241154,1.241154,1000
68451,0.001042957,1.042957,1000
68452,0.000953672,0.953672,1000
68453,0.000305802,0.305802,1000
68454,0.000695165,0.695165,1000
68455,0.000693503,0.693503,1000
68456,0.000741544,0.741544,1000
68457,0.001449326,1.449326,1000
68458,0.002122271,2.122271,1000
68459,0.001000982,1.000982,1000
68460,0.003656964,3.656964,1000
68461,0.002879953,2.879953,1000
68462,0.000956262,0.956262,1000
68463,0.027125477,27.125477,1000
68464,0.009292344,9.292344,1000
68465,0.000982811,0.982811,1000
68466,0.001609087,1.609087,1000
68467,0.003070604,3.070604,1000
68468,0.032845255,32.845255,1000
68469,0.000712902,0.712902,1000
68470,0.000767031,0.767031,1000
68471,0.001955771,1.955771,1000
68472,0.001062519,1.062519,1000
68473,0.000494213,0.494213,1000
68474,0.001014214,1.014214,1000
68475,0.001062502,1.062502,1000
68476,0.000676333,0.676333,1000
68477,0.001494725,1.494725,1000
68478,0.00064406,0.64406,1000
68479,0.00103168,1.03168,1000
68480,0.001171504,1.171504,1000
68481,0.000822764,0.822764,1000
68482,0.001153577,1.153577,1000
68483,0.001838031,1.838031,1000
68484,0.001520309,1.520309,1000
68485,0.001062519,1.062519,1000
68486,0.000573968,0.573968,1000
68487,0.000616937,0.616937,1000
68488,0.00094206,0.94206,1000
68489,0.001224407,1.224407,1000
68490,0.044903286,44.903286,1000
68491,0.001089181,1.089181,1000
68492,0.001405101,1.405101,1000
68493,0.001363844,1.363844,1000
68494,0.000462405,0.462405,1000
68495,0.001623754,1.623754,1000
68496,0.00038034,0.38034,1000
68497,0.002886057,2.886057,1000
68498,0.001548993,1.548993,1000
68499,0.000648733,0.648733,1000
68500,0.001011874,1.011874,1000
68501,0.001297407,1.297407,1000
68502,0.001139303,1.139303,1000
68503,0.014264437,14.264437,1000
68504,0.000704206,0.704206,1000
68505,0.01604938,16.04938,1000
68506,0.0007805,0.7805,1000
68507,0.001750605,1.750605,1000
68508,0.003500023,3.500023,1000
68509,0.016145156,16.145156,1000
68510,0.001142588,1.142588,1000
68511,0.000838969,0.838969,1000
68512,0.000651102,0.651102,1000
68513,0.00145207,1.45207,1000
68514,0.000864959,0.864959,1000
68515,0.001525325,1.525325,1000
68516,0.000836489,0.836489,1000
68517,0.000639975,0.639975,1000
68518,0.000990922,0.990922,1000
68519,0.020556681,20.556681,1000
68520,0.000551467,0.551467,1000
68521,0.001018248,1.018248,1000
68522,0.00394871,3.94871,1000
68524,0.001042957,1.042957,1000
68525,0.001147967,1.147967,1000
68526,0.000802985,0.802985,1000
68527,0.001011936,1.011936,1000
68528,0.000687065,0.687065,1000
68529,0.000610888,0.610888,1000
68530,0.000835124,0.835124,1000
68531,0.000769289,0.769289,1000
68532,0.000625521,0.625521,1000
68533,0.002207987,2.207987,1000
68534,0.001001489,1.001489,1000
68535,0.000745552,0.745552,1000
68536,0.000827621,0.827621,1000
68537,0.000790379,0.790379,1000
68538,0.00556261,5.56261,1000
68539,0.000638054,0.638054,1000
68540,0.000691729,0.691729,1000
68541,0.001022909,1.022909,1000
68542,0.002530958,2.530958,1000
68543,0.002180191,2.180191,1000
68544,0.000553324,0.553324,1000
68545,0.000706372,0.706372,1000
68546,0.000736453,0.736453,1000
68547,0.000908865,0.908865,1000
68548,0.000791045,0.791045,1000
68549,0.000401906,0.401906,1000
68550,0.000937371,0.937371,1000
68551,0.001016392,1.016392,1000
68552,0.000855396,0.855396,1000
68553,0.000588688,0.588688,1000
68554,0.000822786,0.822786,1000
68555,0.001440283,1.440283,1000
68556,0.001062502,1.062502,1000
68557,0.000799501,0.799501,1000
68558,0.001352029,1.352029,1000
68559,0.000352865,0.352865,1000
68560,0.000600016,0.600016,1000
68561,0.001510527,1.510527,1000
68562,0.000596584,0.596584,1000
68563,0.001288837,1.288837,1000
68564,0.00067333,0.67333,1000
68565,0.005738997,5.738997,1000
68566,0.000905208,0.905208,1000
68567,0.00039832,0.39832,1000
68568,0.00148373,1.48373,1000
68569,0.001086795,1.086795,1000
68570,0.001167926,1.167926,1000
68571,0.000802401,0.802401,1000
68572,0.035750705,35.750705,1000
68573,0.001116044,1.116044,1000
68574,0.000832716,0.832716,1000
68575,0.00087863,0.87863,1000
68576,0.001634001,1.634001,1000
68577,0.000915607,0.915607,1000
68578,0.001653845,1.653845,1000
68579,0.00120641,1.20641,1000
68580,0.032155173,32.155173,1000
68581,0.002413083,2.413083,1000
68582,0.000546775,0.546775,1000
68583,0.000638336,0.638336,1000
68584,0.001505839,1.505839,1000
68585,0.000963374,0.963374,1000
68586,0.000652358,0.652358,1000
68587,0.005644874,5.644874,1000
68588,0.001644011,1.644011,1000
68589,0.000908659,0.908659,1000
68590,0.001062502,1.062502,1000
68591,0.00081312,0.81312,1000
68592,0.001160546,1.160546,1000
68593,0.001145203,1.145203,1000
68594,0.007345341,7.345341,1000
68595,0.000790272,0.790272,1000
68596,0.000629339,0.629339,1000
68597,0.000919407,0.919407,1000
68598,0.001011936,1.011936,1000
68599,0.008799881,8.799881,1000
68600,0.018928129,18.928129,1000
68601,0.00081312,0.81312,1000
68602,0.000644749,0.644749,1000
68603,0.001344191,1.344191,1000
68604,0.000687413,0.687413,1000
68605,0.000821416,0.821416,1000
68606,0.000786926,0.786926,1000
68607,0.001134926,1.134926,1000
68608,0.001131885,1.131885,1000
68609,0.000835592,0.835592,1000
68610,0.004617411,4.617411,1000
68611,0.000475703,0.475703,1000
68612,0.001058751,1.058751,1000
68613,0.001863112,1.863112,1000
68614,0.004922315,4.922315,1000
68615,0.000725916,0.725916,1000
68616,0.000983526,0.983526,1000
68617,0.017403033,17.403033,1000
68618,0.000518365,0.518365,1000
68619,0.00110758,1.10758,1000
68620,0.001608896,1.608896,1000
68621,0.000677209,0.677209,1000
68622,0.001301398,1.301398,1000
68623,0.056402191,56.402191,1000
68624,0.008165176,8.165176,1000
68625,0.000801904,0.801904,1000
68626,0.001042288,1.042288,1000
68627,0.000841118,0.841118,1000
68628,0.001042817,1.042817,1000
68629,0.000780979,0.780979,1000
68630,0.000438902,0.438902,1000
68631,0.001976565,1.976565,1000
68632,0.000673,0.673,1000
68633,0.000631161,0.631161,1000
68634,0.000904267,0.904267,1000
68635,0.00100138,1.00138,1000
68636,0.001422827,1.422827,1000
68637,0.003978134,3.978134,1000
68638,0.00429986,4.29986,1000
68639,0.027078416,27.078416,1000
68640,0.00188495,1.88495,1000
68641,0.001686668,1.686668,1000
68642,0.001611949,1.611949,1000
68643,0.000603741,0.603741,1000
68644,0.043817777,43.817777,1000
68645,0.000982522,0.982522,1000
68646,0.000631948,0.631948,1000
68647,0.00091124,0.91124,1000
68648,0.000862928,0.862928,1000
68649,0.00554068,5.54068,1000
68650,0.000960681,0.960681,1000
68651,0.000315904,0.315904,1000
68652,0.01626071,16.26071,1000
68653,0.002010258,2.010258,1000
68654,0.000747856,0.747856,1000
68655,0.001114574,1.114574,1000
68656,0.000953036,0.953036,1000
68657,0.001190254,1.190254,1000
68658,0.000993186,0.993186,1000
68659,0.001090424,1.090424,1000
68660,0.001014561,1.014561,1000
68661,0.001221778,1.221778,1000
68662,0.000771792,0.771792,1000
68663,0.001037145,1.037145,1000
68664,0.001181174,1.181174,1000
68665,0.000511292,0.511292,1000
68666,0.001151,1.151,1000
68667,0.008806306,8.806306,1000
68668,0.000971232,0.971232,1000
68669,0.001044721,1.044721,1000
68670,0.006989522,6.989522,1000
68671,0.000668573,0.668573,1000
68672,0.000993124,0.993124,1000
68673,0.008610546,8.610546,1000
68674,0.001313253,1.313253,1000
68675,0.000909661,0.909661,1000
68676,0.050014204,50.014204,1000
68677,0.00081312,0.81312,1000
68678,0.001049629,1.049629,1000
68679,0.000596723,0.596723,1000
68680,0.001199752,1.199752,1000
68681,0.001329321,1.329321,1000
68682,0.047565389,47.565389,1000
68683,0.008165038,8.165038,1000
68684,0.001492941,1.492941,1000
68685,0.001049648,1.049648,1000
68686,0.00114796,1.14796,1000
68687,0.000616744,0.616744,1000
68688,0.001425888,1.425888,1000
68689,0.002762336,2.762336,1000
68690,0.001461581,1.461581,1000
68691,0.001195593,1.195593,1000
68692,0.000858476,0.858476,1000
68693,0.001104057,1.104057,1000
68694,0.000998914,0.998914,1000
68695,0.001139001,1.139001,1000
68696,0.000750724,0.750724,1000
68697,0.000916974,0.916974,1000
68698,0.000809744,0.809744,1000
68699,0.001018785,1.018785,1000
68700,0.000874902,0.874902,1000
68701,0.001788299,1.788299,1000
68702,0.000950943,0.950943,1000
68703,0.000577179,0.577179,1000
68704,0.00155939,1.55939,1000
68705,0.000475926,0.475926,1000
68706,0.000424514,0.424514,1000
68707,0.001081154,1.081154,1000
68708,0.000599954,0.599954,1000
68709,0.001608826,1.608826,1000
68710,0.001521305,1.521305,1000
68711,0.022389069,22.389069,1000
68712,0.001601399,1.601399,1000
68713,0.000795545,0.795545,1000
68714,0.001416289,1.416289,1000
68715,0.001232751,1.232751,1000
68716,0.000725378,0.725378,1000
68717,0.004202323,4.202323,1000
68718,0.001068531,1.068531,1000
68719,0.002873549,2.873549,1000
68720,0.000718712,0.718712,1000
68721,0.001223421,1.223421,1000
68722,0.002689124,2.689124,1000
68723,0.001608131,1.608131,1000
68724,0.001165758,1.165758,1000
68725,0.001038165,1.038165,1000
68726,0.000885393,0.885393,1000
68727,0.000890688,0.890688,1000
68728,0.001153642,1.153642,1000
68729,0.001217759,1.217759,1000
68730,0.000855502,0.855502,1000
68731,0.000651272,0.651272,1000
68732,0.001042288,1.042288,1000
68733,0.016154062,16.154062,1000
68734,0.001246131,1.246131,1000
68735,0.000904863,0.904863,1000
68736,0.001070943,1.070943,1000
68737,0.001221487,1.221487,1000
68738,0.000453724,0.453724,1000
68739,0.004015979,4.015979,1000
68740,0.001242487,1.242487,1000
68741,0.001919561,1.919561,1000
68742,0.001491664,1.491664,1000
68743,0.000761674,0.761674,1000
68744,0.000791486,0.791486,1000
68745,0.000819061,0.819061,1000
68746,0.001337361,1.337361,1000
68747,0.001995063,1.995063,1000
68748,0.000773789,0.773789,1000
68749,0.001139456,1.139456,1000
68750,0.005166197,5.166197,1000
68751,0.003833412,3.833412,1000
68752,0.000448434,0.448434,1000
68753,0.002994165,2.994165,1000
68754,0.000675965,0.675965,1000
68755,0.000786738,0.786738,1000
68756,0.001143068,1.143068,1000
68757,0.06457589,64.57589,1000
68758,0.001025499,1.025499,1000
68759,0.000924355,0.924355,1000
68760,0.001027999,1.027999,1000
68761,0.000387778,0.387778,1000
68762,0.000762526,0.762526,1000
68763,0.000915694,0.915694,1000
68764,0.001062541,1.062541,1000
68765,0.001006227,1.006227,1000
68766,0.008181167,8.181167,1000
68767,0.001191876,1.191876,1000
68768,0.000765617,0.765617,1000
68769,0.00081312,0.81312,1000
68770,0.000841,0.841,1000
68771,0.022838802,22.838802,1000
68772,0.005852637,5.852637,1000
68773,0.001385469,1.385469,1000
68774,0.001075492,1.075492,1000
68775,0.001972475,1.972475,1000
68776,0.000993186,0.993186,1000
68777,0.000773035,0.773035,1000
68778,0.00066877,0.66877,1000
68779,0.001042957,1.042957,1000
68780,0.00103168,1.03168,1000
68781,0.001152443,1.152443,1000
68782,0.000715488,0.715488,1000
68783,0.001767306,1.767306,1000
68784,0.003839845,3.839845,1000
68785,0.001342654,1.342654,1000
68786,0.000576991,0.576991,1000
68787,0.006036813,6.036813,1000
68788,0.000382859,0.382859,1000
68789,0.001043045,1.043045,1000
68790,0.000970763,0.970763,1000
68791,0.00033523,0.33523,1000
68792,0.000657172,0.657172,1000
68793,0.001231268,1.231268,1000
68794,0.040066918,40.066918,1000
68795,0.004538963,4.538963,1000
68796,0.000905999,0.905999,1000
68797,0.628645119,628.645119,1000
68798,0.00157962,1.57962,1000
68799,0.087208167,87.208167,1000
68800,0.001027029,1.027029,1000
68801,0.000783777,0.783777,1000
68802,0.001141219,1.141219,1000
68803,0.002543158,2.543158,1000
68804,0.000346184,0.346184,1000
68805,0.002141566,2.141566,1000
68806,0.001029168,1.029168,1000
68807,0.004011177,4.011177,1000
68808,0.000810245,0.810245,1000
68809,0.001089092,1.089092,1000
68810,0.000935513,0.935513,1000
68811,0.000996902,0.996902,1000
68812,0.001505839,1.505839,1000
68813,0.001615416,1.615416,1000
68814,0.003720045,3.720045,1000
68815,0.001097067,1.097067,1000
68816,0.001229077,1.229077,1000
68817,0.001315818,1.315818,1000
68818,0.001149019,1.149019,1000
68819,0.002454597,2.454597,1000
68820,0.001469772,1.469772,1000
68821,0.001941254,1.941254,1000
68822,0.00087196,0.87196,1000
68823,0.003056268,3.056268,1000
68824,0.0028622,2.8622,1000
68825,0.00051264,0.51264,1000
68826,0.000600355,0.600355,1000
68827,0.00067366,0.67366,1000
68828,0.003716012,3.716012,1000
68829,0.000798618,0.798618,1000
68830,0.000692197,0.692197,1000
68831,0.000735496,0.735496,1000
68832,0.001334072,1.334072,1000
68833,0.001064066,1.064066,1000
68834,0.000864928,0.864928,1000
68835,0.000833384,0.833384,1000
68836,0.003083586,3.083586,1000
68837,0.001823648,1.823648,1000
68838,0.000963634,0.963634,1000
68839,0.001097456,1.097456,1000
68840,0.000960622,0.960622,1000
68841,0.211306237,211.306237,1000
68842,0.01913919,19.13919,1000
68843,0.001226774,1.226774,1000
68844,0.001574439,1.574439,1000
68845,0.001034275,1.034275,1000
68846,0.325848335,325.848335,1000
68847,0.000553229,0.553229,1000
68848,0.056510138,56.510138,1000
68849,0.005225439,5.225439,1000
68850,0.00141019,1.41019,1000
68851,0.006983796,6.983796,1000
68852,0.001100884,1.100884,1000
68853,0.002272705,2.272705,1000
68854,0.751553386,751.553386,1000
68855,0.010484427,10.484427,1000
68856,0.023214602,23.214602,1000
68857,0.002997949,2.997949,1000
68858,0.001495073,1.495073,1000
68859,0.003785502,3.785502,1000
68860,0.005254544,5.254544,1000
68861,0.001074316,1.074316,1000
68862,0.0027449,2.7449,1000
68863,0.000807759,0.807759,1000
68864,0.000827953,0.827953,1000
68865,0.000841251,0.841251,1000
68866,0.000870807,0.870807,1000
68867,0.000940969,0.940969,1000
68868,0.000740017,0.740017,1000
68869,0.000705478,0.705478,1000
68870,0.001134922,1.134922,1000
68871,0.002108667,2.108667,1000
68872,0.000741155,0.741155,1000
68873,0.000803426,0.803426,1000
68874,0.000590578,0.590578,1000
68875,0.00072213,0.72213,1000
68876,0.001366454,1.366454,1000
68878,0.000783777,0.783777,1000
68879,0.002671049,2.671049,1000
68880,0.000704705,0.704705,1000
68881,0.000682504,0.682504,1000
68882,0.027053794,27.053794,1000
68883,0.001142276,1.142276,1000
68884,0.008140573,8.140573,1000
68885,0.001944324,1.944324,1000
68886,0.000906266,0.906266,1000
68887,0.00115367,1.15367,1000
68888,0.001007414,1.007414,1000
68889,0.003066899,3.066899,1000
68890,0.001109718,1.109718,1000
68891,0.001056841,1.056841,1000
68892,0.000749752,0.749752,1000
68893,0.00105043,1.05043,1000
68894,0.001116635,1.116635,1000
68895,0.001020058,1.020058,1000
68896,0.000772921,0.772921,1000
68897,0.00226846,2.26846,1000
68898,0.008508768,8.508768,1000
68899,0.000803543,0.803543,1000
68900,0.012340455,12.340455,1000
68901,0.000752,0.752,1000
68902,0.000801314,0.801314,1000
68903,0.004806333,4.806333,1000
68904,0.009521709,9.521709,1000
68905,0.000621627,0.621627,1000
68906,0.001150732,1.150732,1000
68907,0.00146245,1.46245,1000
68908,0.000605572,0.605572,1000
68909,0.000380618,0.380618,1000
68910,0.004821499,4.821499,1000
68911,0.001448297,1.448297,1000
68912,0.000813328,0.813328,1000
68913,0.001097956,1.097956,1000
68914,0.00082325,0.82325,1000
68915,0.00069793,0.69793,1000
68916,0.00081312,0.81312,1000
68917,0.001006227,1.006227,1000
68918,0.00038227,0.38227,1000
68919,0.001520493,1.520493,1000
68920,0.001982301,1.982301,1000
68921,0.002702123,2.702123,1000
68922,0.00081312,0.81312,1000
68923,0.000854746,0.854746,1000
68924,0.000855251,0.855251,1000
68925,0.001594926,1.594926,1000
68926,0.001525076,1.525076,1000
68927,0.00112596,1.12596,1000
68928,0.00088625,0.88625,1000
68929,0.001151394,1.151394,1000
68930,0.000718995,0.718995,1000
68931,0.000280328,0.280328,1000
68932,0.000900458,0.900458,1000
68933,0.002126448,2.126448,1000
68934,0.000562021,0.562021,1000
68935,0.000599125,0.599125,1000
68936,0.000603956,0.603956,1000
68937,0.000569089,0.569089,1000
68938,0.012305497,12.305497,1000
68939,0.001244991,1.244991,1000
68940,0.001502581,1.502581,1000
68941,0.002531147,2.531147,1000
68942,0.0029922,2.9922,1000
68943,0.001745717,1.745717,1000
68944,0.004660876,4.660876,1000
68945,0.00104294,1.04294,1000
68946,0.000620054,0.620054,1000
68947,0.000993124,0.993124,1000
68948,0.001149474,1.149474,1000
68949,0.002767707,2.767707,1000
68950,0.003445909,3.445909,1000
68951,0.00480648,4.80648,1000
68952,0.000993186,0.993186,1000
68953,0.000967451,0.967451,1000
68954,0.007626081,7.626081,1000
68955,0.024744216,24.744216,1000
68956,0.002009751,2.009751,1000
68957,0.00322726,3.22726,1000
68958,0.000749428,0.749428,1000
68959,0.000433006,0.433006,1000
68960,0.00081312,0.81312,1000
68961,0.000888679,0.888679,1000
68962,0.004006489,4.006489,1000
68963,0.000570893,0.570893,1000
68964,0.000947952,0.947952,1000
68965,0.001480218,1.480218,1000
68966,0.040128953,40.128953,1000
68967,0.000364393,0.364393,1000
68968,0.002780463,2.780463,1000
68969,0.001042979,1.042979,1000
68970,0.000865503,0.865503,1000
68971,0.001302402,1.302402,1000
68972,0.001819006,1.819006,1000
68973,0.000829653,0.829653,1000
68974,0.000864472,0.864472,1000
68975,0.033206808,33.206808,1000
68976,0.007567834,7.567834,1000
68977,0.00468819,4.68819,1000
68978,0.000814072,0.814072,1000
68979,0.002873473,2.873473,1000
68980,0.001291924,1.291924,1000
68981,0.000902441,0.902441,1000
68982,0.000546095,0.546095,1000
68983,0.000813171,0.813171,1000
68984,0.002926563,2.926563,1000
68986,0.000839246,0.839246,1000
68987,0.00079522,0.79522,1000
68988,0.007992291,7.992291,1000
68989,0.003304975,3.304975,1000
68990,0.001011936,1.011936,1000
68991,0.000927022,0.927022,1000
68992,0.00098284,0.98284,1000
68993,0.000666875,0.666875,1000
68994,0.02677271,26.77271,1000
68995,0.004745084,4.745084,1000
68996,0.001144975,1.144975,1000
68997,0.000900609,0.900609,1000
68998,0.000617752,0.617752,1000
68999,0.000952994,0.952994,1000
69000,0.00073967,0.73967,1000
69001,0.000382793,0.382793,1000
69002,0.001143514,1.143514,1000
69003,0.00103168,1.03168,1000
69004,0.001096676,1.096676,1000
69005,0.000859231,0.859231,1000
69006,0.001126773,1.126773,1000
69007,0.001023039,1.023039,1000
69008,0.003203166,3.203166,1000
69009,0.001121727,1.121727,1000
69010,0.000766307,0.766307,1000
69011,0.000659575,0.659575,1000
69012,0.000742555,0.742555,1000
69013,0.000703643,0.703643,1000
69014,0.001329578,1.329578,1000
69015,0.000505987,0.505987,1000
69016,0.001000997,1.000997,1000
69017,0.000885342,0.885342,1000
69018,0.000789769,0.789769,1000
69019,0.00127868,1.27868,1000
69020,0.01816901,18.16901,1000
69021,0.001179736,1.179736,1000
69022,0.001141219,1.141219,1000
69023,0.009675581,9.675581,1000
69024,0.000845551,0.845551,1000
69025,0.000922223,0.922223,1000
69026,0.00099491,0.99491,1000
69027,0.002920318,2.920318,1000
69028,0.000546662,0.546662,1000
69029,0.000881191,0.881191,1000
69030,0.007540528,7.540528,1000
69031,0.001042979,1.042979,1000
69032,0.008694279,8.694279,1000
69033,0.001141219,1.141219,1000
69034,0.001382615,1.382615,1000
69035,0.001303793,1.303793,1000
69036,0.000789001,0.789001,1000
69037,0.001326751,1.326751,1000
69038,0.001199819,1.199819,1000
69039,0.00093583,0.93583,1000
69040,0.000658913,0.658913,1000
69041,0.00077242,0.77242,1000
69042,0.000678543,0.678543,1000
69043,0.001042979,1.042979,1000
69044,0.001356431,1.356431,1000
69045,0.000343107,0.343107,1000
69046,0.003229444,3.229444,1000
69047,0.001104592,1.104592,1000
69048,0.001324896,1.324896,1000
69049,0.005701778,5.701778,1000
69050,0.005674426,5.674426,1000
69051,0.000622145,0.622145,1000
69052,0.000963771,0.963771,1000
69053,0.00127886,1.27886,1000
69054,0.001520493,1.520493,1000
69055,0.001609087,1.609087,1000
69056,0.000660656,0.660656,1000
69057,0.000772979,0.772979,1000
69058,0.000852029,0.852029,1000
69059,0.000341094,0.341094,1000
69060,0.001161645,1.161645,1000
69061,0.000597086,0.597086,1000
69062,0.00103168,1.03168,1000
69063,0.194591783,194.591783,1000
69064,0.000747889,0.747889,1000
69065,0.001190254,1.190254,1000
69066,0.001503885,1.503885,1000
69067,0.001390301,1.390301,1000
69068,0.003152522,3.152522,1000
69069,0.001505839,1.505839,1000
69070,0.001185564,1.185564,1000
69071,0.008384445,8.384445,1000
69072,0.000808132,0.808132,1000
69073,0.001365488,1.365488,1000
69074,0.002691624,2.691624,1000
69075,0.001160739,1.160739,1000
69076,0.000633932,0.633932,1000
69077,0.000662457,0.662457,1000
69078,0.000739256,0.739256,1000
69079,0.00103168,1.03168,1000
69080,0.001176601,1.176601,1000
69081,0.000723421,0.723421,1000
69082,0.000891054,0.891054,1000
69083,0.000865808,0.865808,1000
69084,0.000993404,0.993404,1000
69085,0.001419549,1.419549,1000
69086,0.000639841,0.639841,1000
69087,0.001710837,1.710837,1000
69088,0.001161204,1.161204,1000
69089,0.001551458,1.551458,1000
69090,0.000659383,0.659383,1000
69091,0.001841125,1.841125,1000
69092,0.001168327,1.168327,1000
69093,0.01664484,16.64484,1000
69094,0.009728467,9.728467,1000
69095,0.000841035,0.841035,1000
69096,0.001069915,1.069915,1000
69097,0.000501195,0.501195,1000
69098,0.013135891,13.135891,1000
69099,0.001385415,1.385415,1000
69100,0.000928613,0.928613,1000
69101,0.003801548,3.801548,1000
69102,0.000896081,0.896081,1000
69103,0.026509838,26.509838,1000
69104,0.000953672,0.953672,1000
69105,0.001667461,1.667461,1000
69106,0.064580577,64.580577,1000
69107,0.002403942,2.403942,1000
69108,0.003080627,3.080627,1000
69109,0.0007397,0.7397,1000
69110,0.003166085,3.166085,1000
69111,0.001006227,1.006227,1000
69112,0.000618567,0.618567,1000
69113,0.000861034,0.861034,1000
69114,0.000585228,0.585228,1000
69115,0.001375999,1.375999,1000
69116,0.007446092,7.446092,1000
69117,0.000792254,0.792254,1000
69118,0.001151,1.151,1000
69119,0.000344027,0.344027,1000
69120,0.006312077,6.312077,1000
69121,0.00081312,0.81312,1000
69122,0.000761883,0.761883,1000
69123,0.001505839,1.505839,1000
69124,0.002639345,2.639345,1000
69125,0.000573235,0.573235,1000
69126,0.000626835,0.626835,1000
69127,0.003054591,3.054591,1000
69128,0.000993186,0.993186,1000
69129,0.001042979,1.042979,1000
69130,0.001526735,1.526735,1000
69131,0.002812937,2.812937,1000
69132,0.000683858,0.683858,1000
69133,0.000913833,0.913833,1000
69134,0.00959965,9.59965,1000
69135,0.010495096,10.495096,1000
69136,0.000792573,0.792573,1000
69137,0.001653131,1.653131,1000
69138,0.000791512,0.791512,1000
69139,0.00480823,4.80823,1000
69140,0.002298916,2.298916,1000
69141,0.001071066,1.071066,1000
69142,0.014794899,14.794899,1000
69143,0.002977106,2.977106,1000
69144,0.000772707,0.772707,1000
69145,0.150343955,150.343955,1000
69146,0.000783777,0.783777,1000
69147,0.000751851,0.751851,1000
69148,0.148793852,148.793852,1000
69149,0.00514979,5.14979,1000
69150,0.001145423,1.145423,1000
69151,1.978732664,1978.732664,1000
69152,0.001327025,1.327025,1000
69153,0.001314489,1.314489,1000
69154,0.004330059,4.330059,1000
69155,0.001719355,1.719355,1000
69156,0.000852548,0.852548,1000
69157,0.000759821,0.759821,1000
69158,0.000640376,0.640376,1000
69159,0.00082325,0.82325,1000
69160,0.004595437,4.595437,1000
69161,0.003159504,3.159504,1000
69162,0.001124571,1.124571,1000
69163,0.000993186,0.993186,1000
69164,0.000949768,0.949768,1000
69165,0.000274522,0.274522,1000
69166,0.000703643,0.703643,1000
69167,0.000298281,0.298281,1000
69168,0.001430162,1.430162,1000
69169,0.000775621,0.775621,1000
69170,0.00126159,1.26159,1000
69171,0.0006004,0.6004,1000
69172,0.000969384,0.969384,1000
69173,0.001483455,1.483455,1000
69174,0.001306846,1.306846,1000
69175,0.001062822,1.062822,1000
69176,0.000891099,0.891099,1000
69177,0.001376162,1.376162,1000
69178,0.038600614,38.600614,1000
69179,0.001042979,1.042979,1000
69180,0.002891237,2.891237,1000
69181,0.007167252,7.167252,1000
69182,0.008262241,8.262241,1000
69183,0.000964089,0.964089,1000
69184,0.001222237,1.222237,1000
69185,0.001071105,1.071105,1000
69186,0.000967841,0.967841,1000
69187,0.000949419,0.949419,1000
69188,0.002924627,2.924627,1000
69189,0.00105043,1.05043,1000
69190,0.011407717,11.407717,1000
69191,0.001316336,1.316336,1000
69192,0.075146076,75.146076,1000
69193,0.00105043,1.05043,1000
69194,0.003049464,3.049464,1000
69195,0.001453099,1.453099,1000
69196,0.001212574,1.212574,1000
69197,0.000878992,0.878992,1000
69198,0.000685576,0.685576,1000
69199,0.000825966,0.825966,1000
69200,0.00099651,0.99651,1000
69201,0.000651863,0.651863,1000
69202,0.001019124,1.019124,1000
69203,0.001042817,1.042817,1000
69204,0.001633535,1.633535,1000
69205,0.003562206,3.562206,1000
69206,0.00059221,0.59221,1000
69207,0.00104931,1.04931,1000
69208,0.001136144,1.136144,1000
69209,0.000874509,0.874509,1000
69210,0.00081312,0.81312,1000
69211,0.054604826,54.604826,1000
69212,0.001060443,1.060443,1000
69213,0.001018796,1.018796,1000
69214,0.002151269,2.151269,1000
69215,0.001194978,1.194978,1000
69216,0.001304864,1.304864,1000
69217,0.001620575,1.620575,1000
69218,0.000788697,0.788697,1000
69219,0.000360283,0.360283,1000
69220,0.001091942,1.091942,1000
69221,0.001062519,1.062519,1000
69222,0.000783777,0.783777,1000
69223,0.003153209,3.153209,1000
69224,0.001623754,1.623754,1000
69225,0.000791861,0.791861,1000
69226,0.00103168,1.03168,1000
69227,0.001200437,1.200437,1000
69228,0.008136654,8.136654,1000
69229,0.00183316,1.83316,1000
69230,0.000839177,0.839177,1000
69231,0.00099084,0.99084,1000
69232,0.008265333,8.265333,1000
69233,0.000615922,0.615922,1000
69234,0.000773789,0.773789,1000
69235,0.000982864,0.982864,1000
69236,0.000539236,0.539236,1000
69237,0.001520388,1.520388,1000
69238,0.000595331,0.595331,1000
69239,0.000864273,0.864273,1000
69240,0.000738398,0.738398,1000
69241,0.000733674,0.733674,1000
69242,0.001542492,1.542492,1000
69243,0.016222816,16.222816,1000
69244,0.001323321,1.323321,1000
69245,0.006266518,6.266518,1000
69246,0.001006227,1.006227,1000
69247,0.000761674,0.761674,1000
69248,0.001042957,1.042957,1000
69249,0.00130094,1.30094,1000
69250,0.000644972,0.644972,1000
69251,0.000822982,0.822982,1000
69252,0.001011936,1.011936,1000
69253,0.00184762,1.84762,1000
69254,0.000751459,0.751459,1000
69255,0.001420977,1.420977,1000
69256,0.001312558,1.312558,1000
69257,0.001376094,1.376094,1000
69258,0.000632775,0.632775,1000
69259,0.00835898,8.35898,1000
69260,0.001149868,1.149868,1000
69261,0.246277671,246.277671,1000
69262,0.001071133,1.071133,1000
69263,0.001217504,1.217504,1000
69264,0.001226841,1.226841,1000
69265,0.027779099,27.779099,1000
69266,0.002940003,2.940003,1000
69267,0.002976117,2.976117,1000
69268,0.056168263,56.168263,1000
69269,0.04016087,40.16087,1000
69270,0.001207077,1.207077,1000
69271,0.00122955,1.22955,1000
69272,0.00144429,1.44429,1000
69273,0.000686164,0.686164,1000
69274,0.000967097,0.967097,1000
69275,0.000919407,0.919407,1000
69276,0.000782911,0.782911,1000
69277,0.001044721,1.044721,1000
69278,0.001353807,1.353807,1000
69279,0.001523648,1.523648,1000
69280,0.007845719,7.845719,1000
69281,0.001190355,1.190355,1000
69282,0.008751603,8.751603,1000
69283,0.00138256,1.38256,1000
69284,0.011647731,11.647731,1000
69285,0.000481965,0.481965,1000
69286,0.00300271,3.00271,1000
69287,0.098012976,98.012976,1000
69288,0.001332825,1.332825,1000
69289,0.001006165,1.006165,1000
69290,0.028017618,28.017618,1000
69292,0.000892926,0.892926,1000
69293,0.019424214,19.424214,1000
69294,0.000633703,0.633703,1000
69295,0.000663898,0.663898,1000
69296,0.000587374,0.587374,1000
69297,0.001190355,1.190355,1000
69298,0.003010483,3.010483,1000
69299,0.001008832,1.008832,1000
69300,0.001131776,1.131776,1000
69301,0.000747856,0.747856,1000
69302,0.001321031,1.321031,1000
69303,0.001011936,1.011936,1000
69304,0.003710867,3.710867,1000
69305,0.000823733,0.823733,1000
69306,0.000775795,0.775795,1000
69307,0.000704193,0.704193,1000
69308,0.001014512,1.014512,1000
69309,0.001571607,1.571607,1000
69310,0.001688606,1.688606,1000
69311,0.00037924,0.37924,1000
69312,0.010506635,10.506635,1000
69313,0.000438996,0.438996,1000
69314,0.003318558,3.318558,1000
69315,0.000973081,0.973081,1000
69316,0.001523569,1.523569,1000
69317,0.001803797,1.803797,1000
69318,0.001060669,1.060669,1000
69319,0.008394522,8.394522,1000
69320,0.001196768,1.196768,1000
69321,0.001131885,1.131885,1000
69322,0.002597672,2.597672,1000
69323,0.000296639,0.296639,1000
69324,0.001147967,1.147967,1000
69325,0.00081312,0.81312,1000
69326,0.000723787,0.723787,1000
69327,0.000665578,0.665578,1000
69328,0.000314618,0.314618,1000
69330,0.004466531,4.466531,1000
69331,0.000909858,0.909858,1000
69332,0.000957482,0.957482,1000
69333,0.00066867,0.66867,1000
69334,0.000491791,0.491791,1000
69336,0.001018617,1.018617,1000
69337,0.006197898,6.197898,1000
69338,0.000766336,0.766336,1000
69339,0.000775125,0.775125,1000
69340,0.000720287,0.720287,1000
69341,0.000669537,0.669537,1000
69342,0.000699304,0.699304,1000
69343,0.001324896,1.324896,1000
69344,0.000957482,0.957482,1000
69345,0.00036505,0.36505,1000
69346,0.001324896,1.324896,1000
69347,0.000957482,0.957482,1000
69348,0.000666172,0.666172,1000
69349,0.001324896,1.324896,1000
69350,0.000537479,0.537479,1000
69351,0.001324896,1.324896,1000
69352,0.001026773,1.026773,1000
69353,0.001324896,1.324896,1000
69354,0.000867162,0.867162,1000
69355,0.00089384,0.89384,1000
69356,0.000889863,0.889863,1000
69357,0.002934701,2.934701,1000
69358,0.00086541,0.86541,1000
69359,0.003432814,3.432814,1000
69360,0.000608888,0.608888,1000
69361,0.001042979,1.042979,1000
69362,0.003570941,3.570941,1000
69363,0.00081312,0.81312,1000
69364,0.000993124,0.993124,1000
69365,0.000772707,0.772707,1000
69366,0.008484564,8.484564,1000
69367,0.001037915,1.037915,1000
69368,0.001011936,1.011936,1000
69369,0.000901421,0.901421,1000
69370,0.000885937,0.885937,1000
69371,0.001239539,1.239539,1000
69372,0.005375422,5.375422,1000
69373,0.001592079,1.592079,1000
69374,0.000977077,0.977077,1000
69375,0.014967427,14.967427,1000
69376,0.09358938,93.58938,1000
69377,0.000993186,0.993186,1000
69378,0.012141663,12.141663,1000
69379,0.001007351,1.007351,1000
69380,0.000669082,0.669082,1000
69381,0.001241812,1.241812,1000
69382,0.000960686,0.960686,1000
69383,0.002544463,2.544463,1000
69384,0.001064533,1.064533,1000
69385,0.000503961,0.503961,1000
69386,0.000992609,0.992609,1000
69387,0.000477065,0.477065,1000
69388,0.000741109,0.741109,1000
69389,0.000674048,0.674048,1000
69390,0.003593384,3.593384,1000
69392,0.000861396,0.861396,1000
69393,0.000524866,0.524866,1000
69394,0.000970102,0.970102,1000
69395,0.006825015,6.825015,1000
69396,0.000878351,0.878351,1000
69397,0.002483751,2.483751,1000
69398,0.000802032,0.802032,1000
69399,0.001019478,1.019478,1000
69400,0.004885609,4.885609,1000
69401,0.001147967,1.147967,1000
69402,0.000822599,0.822599,1000
69403,0.000629364,0.629364,1000
69404,0.000810952,0.810952,1000
69405,0.001205656,1.205656,1000
69406,0.00157572,1.57572,1000
69407,0.000675521,0.675521,1000
69408,0.001114045,1.114045,1000
69409,0.000648609,0.648609,1000
69410,0.000946601,0.946601,1000
69411,0.001062502,1.062502,1000
69412,0.595286263,595.286263,1000
69413,0.000917419,0.917419,1000
69414,0.00086436,0.86436,1000
69415,0.001284262,1.284262,1000
69416,0.000757733,0.757733,1000
69417,0.000865917,0.865917,1000
69418,0.001119846,1.119846,1000
69419,0.000575019,0.575019,1000
69420,0.000668437,0.668437,1000
69421,0.001162147,1.162147,1000
69422,0.00316071,3.16071,1000
69423,0.001043007,1.043007,1000
69424,0.000447544,0.447544,1000
69425,0.000795156,0.795156,1000
69426,0.002985754,2.985754,1000
69427,0.000792291,0.792291,1000
69428,0.001006227,1.006227,1000
69429,0.000881972,0.881972,1000
69430,0.00290037,2.90037,1000
69431,0.002625854,2.625854,1000
69432,0.001228227,1.228227,1000
69433,0.000318191,0.318191,1000
69434,0.001296319,1.296319,1000
69435,0.001109718,1.109718,1000
69436,0.000717673,0.717673,1000
69437,0.001612347,1.612347,1000
69438,0.001145302,1.145302,1000
69439,0.000999358,0.999358,1000
69440,0.000741848,0.741848,1000
69441,0.000867462,0.867462,1000
69442,0.003462223,3.462223,1000
69443,0.000764112,0.764112,1000
69444,0.000785609,0.785609,1000
69445,0.003213362,3.213362,1000
69446,0.001456359,1.456359,1000
69447,0.001034385,1.034385,1000
69448,0.000990528,0.990528,1000
69449,0.00103168,1.03168,1000
69451,0.000712819,0.712819,1000
69452,0.00115367,1.15367,1000
69453,0.001044721,1.044721,1000
69454,0.001582915,1.582915,1000
69455,0.000640279,0.640279,1000
69456,0.000937184,0.937184,1000
69457,0.00404112,4.04112,1000
69458,0.000982129,0.982129,1000
69459,0.000743519,0.743519,1000
69460,0.002394152,2.394152,1000
69461,0.004214465,4.214465,1000
69462,0.001593884,1.593884,1000
69463,0.0007984,0.7984,1000
69464,0.000783777,0.783777,1000
69465,0.001453099,1.453099,1000
69466,0.000771556,0.771556,1000
69467,0.000918726,0.918726,1000
69468,0.001071066,1.071066,1000
69469,0.001068263,1.068263,1000
69470,0.000589909,0.589909,1000
69471,0.00077069,0.77069,1000
69472,0.000465247,0.465247,1000
69473,0.001473184,1.473184,1000
69474,0.000533554,0.533554,1000
69475,0.002493708,2.493708,1000
69476,0.000979367,0.979367,1000
69477,0.001750714,1.750714,1000
69478,0.001420977,1.420977,1000
69479,0.00239345,2.39345,1000
69480,0.00081312,0.81312,1000
69481,0.001104592,1.104592,1000
69482,0.001446869,1.446869,1000
69483,0.005077182,5.077182,1000
69484,0.001692956,1.692956,1000
69485,0.001328609,1.328609,1000
69486,0.001071083,1.071083,1000
69487,0.000858252,0.858252,1000
69488,0.000785618,0.785618,1000
69489,0.000935513,0.935513,1000
69490,0.00114796,1.14796,1000
69491,0.000883185,0.883185,1000
69492,0.001001968,1.001968,1000
69493,0.001349769,1.349769,1000
69494,0.00081312,0.81312,1000
69495,0.000671976,0.671976,1000
69496,0.002282012,2.282012,1000
69497,0.194588522,194.588522,1000
69498,0.00064799,0.64799,1000
69499,0.001292052,1.292052,1000
69500,0.004888707,4.888707,1000
69501,0.000759821,0.759821,1000
69502,0.001073475,1.073475,1000
69503,0.000855186,0.855186,1000
69504,0.015857198,15.857198,1000
69505,0.001261663,1.261663,1000
69506,0.001063468,1.063468,1000
69507,0.002906162,2.906162,1000
69508,0.000464784,0.464784,1000
69509,0.000656937,0.656937,1000
69510,0.001104592,1.104592,1000
69511,0.001131071,1.131071,1000
69512,0.001170175,1.170175,1000
69513,0.004006489,4.006489,1000
69514,0.001385374,1.385374,1000
69515,0.00108182,1.08182,1000
69516,0.000851333,0.851333,1000
69517,0.00091186,0.91186,1000
69518,0.0015091,1.5091,1000
69519,0.001523648,1.523648,1000
69520,0.000270848,0.270848,1000
69521,0.000412255,0.412255,1000
69522,0.000881054,0.881054,1000
69523,0.001079001,1.079001,1000
69524,0.00104294,1.04294,1000
69525,0.001151318,1.151318,1000
69526,0.001622761,1.622761,1000
69527,0.003260313,3.260313,1000
69528,0.001069915,1.069915,1000
69529,0.000801922,0.801922,1000
69530,0.000715661,0.715661,1000
69531,0.000883875,0.883875,1000
69532,0.00059409,0.59409,1000
69533,0.00097669,0.97669,1000
69534,0.000902554,0.902554,1000
69535,0.005170578,5.170578,1000
69536,0.000808414,0.808414,1000
69537,0.000338032,0.338032,1000
69538,0.000982786,0.982786,1000
69539,0.000752727,0.752727,1000
69540,0.000972182,0.972182,1000
69541,0.001593884,1.593884,1000
69542,0.000886654,0.886654,1000
69543,0.000698685,0.698685,1000
69544,0.016252785,16.252785,1000
69545,0.000975968,0.975968,1000
69546,0.00142606,1.42606,1000
69547,0.001018717,1.018717,1000
69548,0.00093525,0.93525,1000
69549,0.595283003,595.283003,1000
69550,0.000723129,0.723129,1000
69551,0.001333931,1.333931,1000
69552,0.001158494,1.158494,1000
69553,0.001069193,1.069193,1000
69554,0.002103609,2.103609,1000
69555,0.000714073,0.714073,1000
69556,0.00089923,0.89923,1000
69557,0.001090481,1.090481,1000
69558,0.000834982,0.834982,1000
69559,0.000796964,0.796964,1000
69560,0.000526035,0.526035,1000
69561,0.00116875,1.16875,1000
69562,0.000652374,0.652374,1000
69563,0.001658432,1.658432,1000
69564,0.000785628,0.785628,1000
69565,0.001062519,1.062519,1000
69566,0.000613945,0.613945,1000
69567,0.000716164,0.716164,1000
69568,0.001158856,1.158856,1000
69569,0.000994685,0.994685,1000
69570,0.000522758,0.522758,1000
69571,0.002359126,2.359126,1000
69572,0.000508274,0.508274,1000
69573,0.005860082,5.860082,1000
69574,0.001345534,1.345534,1000
69575,0.006410341,6.410341,1000
69576,0.000887722,0.887722,1000
69577,0.000993186,0.993186,1000
69578,0.00067846,0.67846,1000
69579,0.00071422,0.71422,1000
69580,0.000802857,0.802857,1000
69581,0.000624454,0.624454,1000
69582,0.00364446,3.64446,1000
69583,0.001797137,1.797137,1000
69584,0.001946939,1.946939,1000
69585,0.000642471,0.642471,1000
69586,0.000740716,0.740716,1000
69587,0.000844977,0.844977,1000
69588,0.000932824,0.932824,1000
69589,0.000848942,0.848942,1000
69590,0.001448066,1.448066,1000
69591,0.001551081,1.551081,1000
69592,0.002639345,2.639345,1000
69593,0.000852752,0.852752,1000
69594,0.001134919,1.134919,1000
69595,0.001099775,1.099775,1000
69596,0.00084234,0.84234,1000
69597,0.001246131,1.246131,1000
69598,0.12131771,121.31771,1000
69599,0.07577187,75.77187,1000
69600,0.001409004,1.409004,1000
69601,0.001162224,1.162224,1000
69602,0.00091286,0.91286,1000
69603,0.001375999,1.375999,1000
69604,0.001750714,1.750714,1000
69605,0.00138256,1.38256,1000
69606,0.008708508,8.708508,1000
69607,0.000691829,0.691829,1000
69608,0.179785319,179.785319,1000
69609,0.0079833,7.9833,1000
69610,0.000871748,0.871748,1000
69611,0.000658707,0.658707,1000
69612,0.005311979,5.311979,1000
69613,0.007593415,7.593415,1000
69614,0.000708156,0.708156,1000
69615,0.001520388,1.520388,1000
69616,0.000625344,0.625344,1000
69617,0.001035142,1.035142,1000
69618,0.000791664,0.791664,1000
69619,0.000940881,0.940881,1000
69620,0.000861396,0.861396,1000
69621,0.000551879,0.551879,1000
69622,0.001024895,1.024895,1000
69623,0.000722531,0.722531,1000
69624,0.007084182,7.084182,1000
69625,0.001603291,1.603291,1000
69626,0.001331809,1.331809,1000
69627,0.00171305,1.71305,1000
69628,0.0015091,1.5091,1000
69629,0.000631941,0.631941,1000
69630,0.000886012,0.886012,1000
69631,0.000275209,0.275209,1000
69632,0.000960624,0.960624,1000
69633,0.00098098,0.98098,1000
69634,0.003322679,3.322679,1000
69635,0.001749287,1.749287,1000
69636,0.000291991,0.291991,1000
69637,0.001100707,1.100707,1000
69638,0.000691776,0.691776,1000
69639,0.001000912,1.000912,1000
69640,0.001006227,1.006227,1000
69641,0.000919687,0.919687,1000
69642,0.001023027,1.023027,1000
69643,0.000744233,0.744233,1000
69644,0.000993186,0.993186,1000
69645,0.000801904,0.801904,1000
69646,0.007056862,7.056862,1000
69647,0.000825966,0.825966,1000
69648,0.000622929,0.622929,1000
69649,0.002922457,2.922457,1000
69650,0.001047998,1.047998,1000
69651,0.001252247,1.252247,1000
69652,0.001811828,1.811828,1000
69653,0.001706042,1.706042,1000
69654,0.001071207,1.071207,1000
69655,0.000835124,0.835124,1000
69656,0.000682973,0.682973,1000
69657,0.001312558,1.312558,1000
69658,0.01633487,16.33487,1000
69659,0.000515181,0.515181,1000
69660,0.000500931,0.500931,1000
69661,0.000829265,0.829265,1000
69662,0.001678587,1.678587,1000
69663,0.001220337,1.220337,1000
69664,0.016083398,16.083398,1000
69665,0.001098874,1.098874,1000
69666,0.001071066,1.071066,1000
69667,0.000769453,0.769453,1000
69668,0.002588034,2.588034,1000
69669,0.000844985,0.844985,1000
69670,0.000993186,0.993186,1000
69671,0.000855604,0.855604,1000
69672,0.001673535,1.673535,1000
69673,0.000735025,0.735025,1000
69674,0.00110175,1.10175,1000
69675,0.001049727,1.049727,1000
69676,0.000512991,0.512991,1000
69677,0.00104294,1.04294,1000
69678,0.000882371,0.882371,1000
69679,0.001349787,1.349787,1000
69680,0.005602576,5.602576,1000
69681,0.000993186,0.993186,1000
69682,0.000993186,0.993186,1000
69683,0.000633898,0.633898,1000
69685,0.004339903,4.339903,1000
69686,0.02793239,27.93239,1000
69687,0.002246847,2.246847,1000
69688,0.001453099,1.453099,1000
69689,0.000862329,0.862329,1000
69690,0.000830834,0.830834,1000
69691,0.00627621,6.27621,1000
69692,0.000902386,0.902386,1000
69693,0.001032826,1.032826,1000
69694,0.001310439,1.310439,1000
69695,0.000277616,0.277616,1000
69696,0.001015021,1.015021,1000
69697,0.000749527,0.749527,1000
69698,0.008507388,8.507388,1000
69699,0.000592542,0.592542,1000
69700,0.00066872,0.66872,1000
69701,0.000650714,0.650714,1000
69702,0.001662774,1.662774,1000
69703,0.001561304,1.561304,1000
69704,0.008284082,8.284082,1000
69705,0.001890562,1.890562,1000
69706,0.00096452,0.96452,1000
69707,0.000767439,0.767439,1000
69708,0.000843923,0.843923,1000
69709,0.531032186,531.032186,1000
69710,0.001274687,1.274687,1000
69711,0.071096634,71.096634,1000
69713,0.003128737,3.128737,1000
69714,0.00224103,2.24103,1000
69715,0.246460633,246.460633,1000
69716,0.003368527,3.368527,1000
69717,0.044132091,44.132091,1000
69718,0.001204724,1.204724,1000
69719,0.002290659,2.290659,1000
69720,0.000540808,0.540808,1000
69721,0.001263025,1.263025,1000
69722,0.001666198,1.666198,1000
69723,0.002674659,2.674659,1000
69724,0.002207987,2.207987,1000
69725,0.000576518,0.576518,1000
69726,0.000682644,0.682644,1000
69727,0.002564654,2.564654,1000
69728,0.001826271,1.826271,1000
69729,0.001042979,1.042979,1000
69730,0.000918457,0.918457,1000
69731,0.000882371,0.882371,1000
69732,0.000706845,0.706845,1000
69733,0.000757406,0.757406,1000
69734,0.002960633,2.960633,1000
69735,0.000797316,0.797316,1000
69736,0.001149588,1.149588,1000
69737,0.000751407,0.751407,1000
69738,0.007976385,7.976385,1000
69739,0.001483479,1.483479,1000
69740,0.022725158,22.725158,1000
69741,0.001105549,1.105549,1000
69742,0.003283504,3.283504,1000
69743,0.00081312,0.81312,1000
69744,0.000848631,0.848631,1000
69745,0.000898283,0.898283,1000
69746,0.000896686,0.896686,1000
69747,0.000634297,0.634297,1000
69748,0.00823769,8.23769,1000
69749,0.000862529,0.862529,1000
69750,0.016106619,16.106619,1000
69751,0.001108244,1.108244,1000
69752,0.002704047,2.704047,1000
69753,0.000780195,0.780195,1000
69754,0.001211404,1.211404,1000
69755,0.000768776,0.768776,1000
69756,0.000872109,0.872109,1000
69757,0.000764447,0.764447,1000
69758,0.000839899,0.839899,1000
69759,0.001087592,1.087592,1000
69760,0.000783777,0.783777,1000
69761,0.001021487,1.021487,1000
69762,0.00064767,0.64767,1000
69763,0.001042979,1.042979,1000
69764,0.001134919,1.134919,1000
69765,0.00091009,0.91009,1000
69766,0.001150728,1.150728,1000
69767,0.008092574,8.092574,1000
69768,0.000912581,0.912581,1000
69769,0.000717009,0.717009,1000
69770,0.000956262,0.956262,1000
69771,0.000768254,0.768254,1000
69772,0.075270087,75.270087,1000
69773,0.000769162,0.769162,1000
69774,0.000902027,0.902027,1000
69775,0.001763501,1.763501,1000
69776,0.001022648,1.022648,1000
69777,0.001061351,1.061351,1000
69778,0.000479201,0.479201,1000
69779,0.001002963,1.002963,1000
69780,0.002882045,2.882045,1000
69781,0.001999794,1.999794,1000
69782,0.000292395,0.292395,1000
69783,0.000975182,0.975182,1000
69784,0.001023301,1.023301,1000
69785,0.001498416,1.498416,1000
69786,0.000837072,0.837072,1000
69787,0.001331648,1.331648,1000
69788,0.001330889,1.330889,1000
69789,0.001453666,1.453666,1000
69790,0.001168986,1.168986,1000
69791,0.000633939,0.633939,1000
69792,0.000763122,0.763122,1000
69793,0.002212675,2.212675,1000
69794,0.001000744,1.000744,1000
69795,0.040170161,40.170161,1000
69796,0.001453099,1.453099,1000
69797,0.016085354,16.085354,1000
69798,0.000497046,0.497046,1000
69799,0.001288071,1.288071,1000
69800,0.003058474,3.058474,1000
69801,0.000544746,0.544746,1000
69802,0.003234922,3.234922,1000
69803,0.003138058,3.138058,1000
69804,0.000847082,0.847082,1000
69805,0.008041549,8.041549,1000
69806,0.00299135,2.99135,1000
69807,0.00277684,2.77684,1000
69808,0.000764748,0.764748,1000
69809,0.001315818,1.315818,1000
69810,0.00107938,1.07938,1000
69811,0.00040916,0.40916,1000
69812,0.020000405,20.000405,1000
69813,0.001040495,1.040495,1000
69814,0.001042288,1.042288,1000
69815,0.000825988,0.825988,1000
69816,0.002110203,2.110203,1000
69817,0.001798959,1.798959,1000
69818,0.001015484,1.015484,1000
69819,0.004481669,4.481669,1000
69820,0.001829714,1.829714,1000
69821,0.000869029,0.869029,1000
69822,0.012950917,12.950917,1000
69823,0.00112596,1.12596,1000
69824,0.001143068,1.143068,1000
69825,0.001523648,1.523648,1000
69826,0.000963771,0.963771,1000
69827,0.000692347,0.692347,1000
69828,0.000844566,0.844566,1000
69829,0.001024048,1.024048,1000
69830,0.000878839,0.878839,1000
69831,0.000709344,0.709344,1000
69832,0.000801323,0.801323,1000
69833,0.002842348,2.842348,1000
69834,0.000858191,0.858191,1000
69835,0.000956262,0.956262,1000
69836,0.000946783,0.946783,1000
69837,0.001134926,1.134926,1000
69838,0.000995922,0.995922,1000
69839,0.199218632,199.218632,1000
69840,0.001260314,1.260314,1000
69841,0.027628191,27.628191,1000
69842,0.000627774,0.627774,1000
69843,0.014769477,14.769477,1000
69844,0.001044721,1.044721,1000
69845,0.001071133,1.071133,1000
69846,0.015936575,15.936575,1000
69847,0.038417552,38.417552,1000
69848,0.000943105,0.943105,1000
69849,0.001217744,1.217744,1000
69850,0.001829909,1.829909,1000
69851,0.015867704,15.867704,1000
69852,0.000875807,0.875807,1000
69853,0.008386245,8.386245,1000
69854,0.005875405,5.875405,1000
69855,0.00346201,3.46201,1000
69856,0.000670377,0.670377,1000
69857,0.030067431,30.067431,1000
69858,0.000591355,0.591355,1000
69859,0.001164126,1.164126,1000
69860,0.001359885,1.359885,1000
69861,0.000843518,0.843518,1000
69862,0.00158555,1.58555,1000
69863,0.001505839,1.505839,1000
69864,0.00101827,1.01827,1000
69865,0.000368006,0.368006,1000
69867,0.017342821,17.342821,1000
69868,0.0180944,18.0944,1000
69869,0.001218077,1.218077,1000
69870,0.000919862,0.919862,1000
69871,0.003367427,3.367427,1000
69872,0.002937057,2.937057,1000
69873,0.000807176,0.807176,1000
69874,0.000819685,0.819685,1000
69875,0.00081312,0.81312,1000
69876,0.001062502,1.062502,1000
69877,0.011685657,11.685657,1000
69878,0.002025662,2.025662,1000
69879,0.000808706,0.808706,1000
69880,0.000890207,0.890207,1000
69881,0.003056722,3.056722,1000
69882,0.002016736,2.016736,1000
69883,0.000795181,0.795181,1000
69884,0.000729071,0.729071,1000
69885,0.000647429,0.647429,1000
69886,0.000691027,0.691027,1000
69887,0.006031407,6.031407,1000
69888,0.001613775,1.613775,1000
69889,0.00078378,0.78378,1000
69890,0.001062519,1.062519,1000
69891,0.001785088,1.785088,1000
69892,0.001530334,1.530334,1000
69893,0.000931347,0.931347,1000
69894,0.00046054,0.46054,1000
69895,0.001002329,1.002329,1000
69896,0.000970748,0.970748,1000
69897,0.000757843,0.757843,1000
69898,0.000936137,0.936137,1000
69899,0.000494329,0.494329,1000
69900,0.00129342,1.29342,1000
69901,0.001696505,1.696505,1000
69902,0.001062379,1.062379,1000
69903,0.001071105,1.071105,1000
69904,0.004018029,4.018029,1000
69905,0.000740819,0.740819,1000
69906,0.001053819,1.053819,1000
69907,0.002735885,2.735885,1000
69908,0.001161645,1.161645,1000
69909,0.06457589,64.57589,1000
69910,0.003781132,3.781132,1000
69911,0.001363244,1.363244,1000
69912,0.00104294,1.04294,1000
69913,0.000963771,0.963771,1000
69914,0.000587235,0.587235,1000
69915,0.002796848,2.796848,1000
69916,0.000621929,0.621929,1000
69917,0.001830823,1.830823,1000
69918,0.00081312,0.81312,1000
69919,0.00157043,1.57043,1000
69920,0.000900705,0.900705,1000
69921,0.001137476,1.137476,1000
69922,0.001497512,1.497512,1000
69923,0.001293421,1.293421,1000
69924,0.00101079,1.01079,1000
69925,0.000778765,0.778765,1000
69926,0.001630828,1.630828,1000
69927,0.001110864,1.110864,1000
69928,0.000682,0.682,1000
69929,0.086433806,86.433806,1000
69930,0.000568759,0.568759,1000
69931,0.001404069,1.404069,1000
69932,0.00081312,0.81312,1000
69933,0.031257318,31.257318,1000
69934,0.000565796,0.565796,1000
69935,0.000810106,0.810106,1000
69936,0.000857177,0.857177,1000
69937,0.008387644,8.387644,1000
69938,0.003491975,3.491975,1000
69939,0.000668249,0.668249,1000
69940,0.001245536,1.245536,1000
69941,0.000460992,0.460992,1000
69942,0.00074683,0.74683,1000
69943,0.001141219,1.141219,1000
69944,0.595283003,595.283003,1000
69945,0.00105043,1.05043,1000
69946,0.000706562,0.706562,1000
69947,0.001505839,1.505839,1000
69948,0.001088496,1.088496,1000
69949,0.003014926,3.014926,1000
69950,0.001043365,1.043365,1000
69951,0.000940127,0.940127,1000
69952,0.003258763,3.258763,1000
69953,0.000646515,0.646515,1000
69954,0.00162568,1.62568,1000
69955,0.000860277,0.860277,1000
69956,0.001152866,1.152866,1000
69957,0.001088611,1.088611,1000
69958,0.001197196,1.197196,1000
69959,0.001059811,1.059811,1000
69960,0.000787887,0.787887,1000
69961,0.097412772,97.412772,1000
69962,0.004149643,4.149643,1000
69963,0.001520493,1.520493,1000
69964,0.00085825,0.85825,1000
69965,0.005775232,5.775232,1000
69966,0.002226739,2.226739,1000
69967,0.000965633,0.965633,1000
69968,0.001227119,1.227119,1000
69969,0.000858413,0.858413,1000
69970,0.001006165,1.006165,1000
69971,0.009627347,9.627347,1000
69972,0.000830964,0.830964,1000
69973,0.001044721,1.044721,1000
69974,0.009791057,9.791057,1000
69975,0.005170476,5.170476,1000
69976,0.00081312,0.81312,1000
69977,0.023354144,23.354144,1000
69978,0.001525076,1.525076,1000
69979,0.000636328,0.636328,1000
69980,0.000820698,0.820698,1000
69981,0.000895333,0.895333,1000
69982,0.000701013,0.701013,1000
69983,0.00419718,4.19718,1000
69984,0.000832517,0.832517,1000
69985,0.001523523,1.523523,1000
69986,0.00112596,1.12596,1000
69987,0.001151997,1.151997,1000
69988,0.000681218,0.681218,1000
69989,0.000729071,0.729071,1000
69990,0.000368183,0.368183,1000
69991,0.001523569,1.523569,1000
69992,0.00138256,1.38256,1000
69993,0.000538936,0.538936,1000
69994,0.001071083,1.071083,1000
69995,0.001376162,1.376162,1000
69996,0.001397416,1.397416,1000
69997,0.000957136,0.957136,1000
69998,0.00115367,1.15367,1000
69999,0.002081459,2.081459,1000
70000,0.000718785,0.718785,1000
70001,0.000814038,0.814038,1000
70002,0.001006165,1.006165,1000
70003,0.001011874,1.011874,1000
70004,0.000999406,0.999406,1000
70005,0.000584543,0.584543,1000
70006,0.001693946,1.693946,1000
70007,0.000500868,0.500868,1000
70008,0.178464916,178.464916,1000
70009,0.000937243,0.937243,1000
70010,0.001094706,1.094706,1000
70011,0.00101185,1.01185,1000
70012,0.001116018,1.116018,1000
70013,0.000537153,0.537153,1000
70014,0.000729071,0.729071,1000
70015,0.008626151,8.626151,1000
70016,0.000935513,0.935513,1000
70017,0.001042957,1.042957,1000
70018,0.00165565,1.65565,1000
70019,0.001548993,1.548993,1000
70020,0.003815224,3.815224,1000
70021,0.001050437,1.050437,1000
70022,0.025328258,25.328258,1000
70023,0.001480218,1.480218,1000
70024,0.001222316,1.222316,1000
70025,0.026587427,26.587427,1000
70026,0.002513766,2.513766,1000
70027,0.003579879,3.579879,1000
70028,0.00069547,0.69547,1000
70029,0.00092148,0.92148,1000
70030,0.000667605,0.667605,1000
70031,0.000724813,0.724813,1000
70032,0.001100989,1.100989,1000
70033,0.000761674,0.761674,1000
70034,0.000631857,0.631857,1000
70035,0.000694851,0.694851,1000
70036,0.001072675,1.072675,1000
70037,0.001011936,1.011936,1000
70038,0.008021248,8.021248,1000
70039,0.00110841,1.10841,1000
70040,0.000783777,0.783777,1000
70041,0.002169962,2.169962,1000
70042,0.040557369,40.557369,1000
70043,0.595286263,595.286263,1000
70044,0.000715192,0.715192,1000
70045,0.000985995,0.985995,1000
70046,0.000379703,0.379703,1000
70047,0.001016315,1.016315,1000
70048,0.00133568,1.33568,1000
70049,0.00084879,0.84879,1000
70050,0.000795187,0.795187,1000
70051,0.000762017,0.762017,1000
70052,0.001046744,1.046744,1000
70053,0.000797347,0.797347,1000
70055,0.000632843,0.632843,1000
70056,0.005290508,5.290508,1000
70057,0.000839191,0.839191,1000
70058,0.001327975,1.327975,1000
70059,0.000959777,0.959777,1000
70060,0.002092519,2.092519,1000
70061,0.001821889,1.821889,1000
70062,0.001011936,1.011936,1000
70063,0.00081312,0.81312,1000
70064,0.001570576,1.570576,1000
70065,0.001030221,1.030221,1000
70066,0.001097456,1.097456,1000
70067,0.000825966,0.825966,1000
70068,0.00031704,0.31704,1000
70069,0.00088783,0.88783,1000
70070,0.003443279,3.443279,1000
70071,0.001062519,1.062519,1000
70072,0.000898832,0.898832,1000
70073,0.000829653,0.829653,1000
70074,0.000493315,0.493315,1000
70075,0.038251071,38.251071,1000
70076,0.001541894,1.541894,1000
70077,0.000834682,0.834682,1000
70078,0.001042817,1.042817,1000
70079,0.000875784,0.875784,1000
70080,0.000468916,0.468916,1000
70081,0.004649917,4.649917,1000
70082,0.000837703,0.837703,1000
70083,0.001223171,1.223171,1000
70084,0.000970839,0.970839,1000
70085,0.001453666,1.453666,1000
70086,0.000924355,0.924355,1000
70087,0.000648269,0.648269,1000
70088,0.001419549,1.419549,1000
70089,0.002755836,2.755836,1000
70090,0.00114016,1.14016,1000
70091,0.000595243,0.595243,1000
70092,0.003677079,3.677079,1000
70093,0.000835218,0.835218,1000
70094,0.016064071,16.064071,1000
70095,0.001151,1.151,1000
70096,0.001698872,1.698872,1000
70097,0.026771491,26.771491,1000
70098,0.002876449,2.876449,1000
70099,0.002828276,2.828276,1000
70100,0.001522992,1.522992,1000
70101,0.000718189,0.718189,1000
70102,0.000687797,0.687797,1000
70103,0.001049846,1.049846,1000
70104,0.002867141,2.867141,1000
70105,0.022717269,22.717269,1000
70106,0.001453099,1.453099,1000
70107,0.00158555,1.58555,1000
70108,0.001151422,1.151422,1000
70109,0.003525148,3.525148,1000
70110,0.000960613,0.960613,1000
70111,0.00085937,0.85937,1000
70112,0.000593809,0.593809,1000
70113,0.001681571,1.681571,1000
70114,0.005863339,5.863339,1000
70115,0.001134919,1.134919,1000
70116,0.00179465,1.79465,1000
70117,0.016186903,16.186903,1000
70118,0.000993186,0.993186,1000
70119,0.001873722,1.873722,1000
70120,0.001367492,1.367492,1000
70121,0.001636809,1.636809,1000
70122,0.000832326,0.832326,1000
70123,0.000775959,0.775959,1000
70124,0.000468098,0.468098,1000
70125,0.000703884,0.703884,1000
70126,0.000683512,0.683512,1000
70127,0.000813867,0.813867,1000
70128,0.000762934,0.762934,1000
70129,0.000907465,0.907465,1000
70130,0.000628815,0.628815,1000
70131,0.001682999,1.682999,1000
70132,0.000490783,0.490783,1000
70133,0.000376519,0.376519,1000
70134,0.000872794,0.872794,1000
70135,0.000767646,0.767646,1000
70136,0.000973905,0.973905,1000
70137,0.004035791,4.035791,1000
70138,0.001081154,1.081154,1000
70139,0.001159546,1.159546,1000
70140,0.0007976,0.7976,1000
70141,0.000549933,0.549933,1000
70142,0.018842202,18.842202,1000
70143,0.000879315,0.879315,1000
70144,0.000416147,0.416147,1000
70145,0.000801006,0.801006,1000
70146,0.001053846,1.053846,1000
70147,0.00098232,0.98232,1000
70148,0.000556835,0.556835,1000
70149,0.002784428,2.784428,1000
70150,0.004688784,4.688784,1000
70151,0.002491245,2.491245,1000
70152,0.000747728,0.747728,1000
70153,0.001141186,1.141186,1000
70154,0.0008181,0.8181,1000
70155,0.000472339,0.472339,1000
70156,0.002580677,2.580677,1000
70157,0.001670348,1.670348,1000
70158,0.00235347,2.35347,1000
70159,0.12154491,121.54491,1000
70160,0.000917001,0.917001,1000
70161,0.000819685,0.819685,1000
70162,0.00102107,1.02107,1000
70163,0.001505839,1.505839,1000
70164,0.00079376,0.79376,1000
70165,0.000912074,0.912074,1000
70166,0.005744989,5.744989,1000
70167,0.000945045,0.945045,1000
70168,0.000769291,0.769291,1000
70169,0.000912322,0.912322,1000
70170,0.000772554,0.772554,1000
70171,0.002207987,2.207987,1000
70172,0.000841052,0.841052,1000
70173,0.000793594,0.793594,1000
70174,0.000825969,0.825969,1000
70175,0.008213772,8.213772,1000
70176,0.000603075,0.603075,1000
70177,0.000744755,0.744755,1000
70178,0.002144048,2.144048,1000
70179,0.000825857,0.825857,1000
70180,0.001397397,1.397397,1000
70181,0.06457915,64.57915,1000
70182,0.00023095,0.23095,1000
70183,0.00081312,0.81312,1000
70184,0.000817633,0.817633,1000
70185,0.000948733,0.948733,1000
70186,0.003091402,3.091402,1000
70187,0.000739413,0.739413,1000
70188,0.000456828,0.456828,1000
70189,0.001039351,1.039351,1000
70190,0.001006165,1.006165,1000
70191,0.002079501,2.079501,1000
70192,0.00101211,1.01211,1000
70193,0.001369533,1.369533,1000
70194,0.003000888,3.000888,1000
70195,0.002211248,2.211248,1000
70196,0.003264583,3.264583,1000
70197,0.000612248,0.612248,1000
70198,0.000336403,0.336403,1000
70199,0.00090078,0.90078,1000
70200,0.00114543,1.14543,1000
70201,0.000948554,0.948554,1000
70202,0.000375702,0.375702,1000
70203,0.000779717,0.779717,1000
70204,0.010258134,10.258134,1000
70205,0.023261992,23.261992,1000
70206,0.015227911,15.227911,1000
70207,0.001208255,1.208255,1000
70208,0.002836935,2.836935,1000
70209,0.000993124,0.993124,1000
70210,0.000874924,0.874924,1000
70211,0.002227237,2.227237,1000
70212,0.003710502,3.710502,1000
70213,0.001081154,1.081154,1000
70214,0.000589799,0.589799,1000
70215,0.016801243,16.801243,1000
70216,0.001317245,1.317245,1000
70217,0.001400733,1.400733,1000
70218,0.000925167,0.925167,1000
70219,0.001809721,1.809721,1000
70220,0.008189642,8.189642,1000
70221,0.001176921,1.176921,1000
70222,0.001118094,1.118094,1000
70223,0.001139001,1.139001,1000
70224,0.002067888,2.067888,1000
70225,0.595283003,595.283003,1000
70226,0.026870139,26.870139,1000
70227,0.000562736,0.562736,1000
70228,0.00114016,1.14016,1000
70229,0.001701024,1.701024,1000
70230,0.001071832,1.071832,1000
70231,0.001224451,1.224451,1000
70232,0.00168807,1.68807,1000
70233,0.001042957,1.042957,1000
70234,0.000993186,0.993186,1000
70235,0.000859728,0.859728,1000
70236,0.211009787,211.009787,1000
70237,0.002747293,2.747293,1000
70238,0.001194001,1.194001,1000
70239,0.001053381,1.053381,1000
70240,0.000830527,0.830527,1000
70241,0.001481927,1.481927,1000
70242,0.011937538,11.937538,1000
70243,0.000648598,0.648598,1000
70244,0.001720136,1.720136,1000
70245,0.001083985,1.083985,1000
70246,0.000616516,0.616516,1000
70247,0.009432522,9.432522,1000
70248,0.001043007,1.043007,1000
70249,0.000702205,0.702205,1000
70250,0.008630678,8.630678,1000
70252,0.001071105,1.071105,1000
70253,0.000728992,0.728992,1000
70254,0.000719142,0.719142,1000
70255,0.327080399,327.080399,1000
70256,0.001009332,1.009332,1000
70257,0.001420497,1.420497,1000
70258,0.010983691,10.983691,1000
70259,0.007482998,7.482998,1000
70260,0.001152443,1.152443,1000
70261,0.00069945,0.69945,1000
70262,0.001510527,1.510527,1000
70263,0.00033335,0.33335,1000
70264,0.000677265,0.677265,1000
70265,0.023036381,23.036381,1000
70266,0.000324002,0.324002,1000
70267,0.000786269,0.786269,1000
70268,0.00132093,1.32093,1000
70269,0.001151,1.151,1000
70270,0.006741502,6.741502,1000
70271,0.000879042,0.879042,1000
70272,0.003798504,3.798504,1000
70273,0.001238869,1.238869,1000
70274,0.002787215,2.787215,1000
70275,0.00148978,1.48978,1000
70276,0.000585491,0.585491,1000
70277,0.026595376,26.595376,1000
70278,0.014345547,14.345547,1000
70279,0.000777715,0.777715,1000
70280,0.178502313,178.502313,1000
70281,0.001769158,1.769158,1000
70282,0.00365852,3.65852,1000
70283,0.002703213,2.703213,1000
70284,0.001028516,1.028516,1000
70285,0.000732835,0.732835,1000
70286,0.00145218,1.45218,1000
70287,0.001505839,1.505839,1000
70288,0.0007726,0.7726,1000
70289,0.001062502,1.062502,1000
70290,0.001497512,1.497512,1000
70291,0.001004256,1.004256,1000
70292,0.006645251,6.645251,1000
70293,0.000962427,0.962427,1000
70294,0.001149588,1.149588,1000
70295,0.001548993,1.548993,1000
70296,0.001505839,1.505839,1000
70297,0.000855852,0.855852,1000
70298,0.000986746,0.986746,1000
70299,0.001548993,1.548993,1000
70300,0.003232694,3.232694,1000
70301,0.000587228,0.587228,1000
70302,0.000731451,0.731451,1000
70303,0.000480867,0.480867,1000
70304,0.000827018,0.827018,1000
70305,0.001505839,1.505839,1000
70306,0.00085569,0.85569,1000
70307,0.001850262,1.850262,1000
70308,0.026773868,26.773868,1000
70309,0.001080932,1.080932,1000
70310,0.000879912,0.879912,1000
70311,0.000878349,0.878349,1000
70312,0.00522911,5.22911,1000
70313,0.001024751,1.024751,1000
70314,0.000634092,0.634092,1000
70315,0.000980763,0.980763,1000
70316,0.000281701,0.281701,1000
70317,0.000598833,0.598833,1000
70318,0.00309259,3.09259,1000
70319,0.001554702,1.554702,1000
70320,0.001826577,1.826577,1000
70321,0.000993186,0.993186,1000
70322,0.016225912,16.225912,1000
70323,0.000597263,0.597263,1000
70324,0.001042817,1.042817,1000
70325,0.000549456,0.549456,1000
70326,0.001097456,1.097456,1000
70327,0.001633611,1.633611,1000
70328,0.002923686,2.923686,1000
70329,0.000955867,0.955867,1000
70330,0.000969508,0.969508,1000
70331,0.001192164,1.192164,1000
70332,0.423032935,423.032935,1000
70333,0.001134919,1.134919,1000
70334,0.009680326,9.680326,1000
70335,0.001000921,1.000921,1000
70336,0.179253412,179.253412,1000
70337,0.000699086,0.699086,1000
70338,0.001696552,1.696552,1000
70339,0.001012929,1.012929,1000
70340,0.001480195,1.480195,1000
70341,0.001510527,1.510527,1000
70342,0.0011608,1.1608,1000
70343,0.05706792,57.06792,1000
70344,0.000954263,0.954263,1000
70345,0.019622118,19.622118,1000
70346,0.001081154,1.081154,1000
70347,0.00081182,0.81182,1000
70348,0.000773886,0.773886,1000
70349,0.00117582,1.17582,1000
70350,0.000581126,0.581126,1000
70351,0.000899314,0.899314,1000
70352,0.32586054,325.86054,1000
70353,0.001835967,1.835967,1000
70354,0.011675727,11.675727,1000
70355,0.00164172,1.64172,1000
70356,0.00109628,1.09628,1000
70357,0.001059837,1.059837,1000
70358,0.001567404,1.567404,1000
70359,0.001996841,1.996841,1000
70360,0.000655322,0.655322,1000
70361,0.001011936,1.011936,1000
70362,0.002846884,2.846884,1000
70363,0.000466552,0.466552,1000
70364,0.000357436,0.357436,1000
70365,0.001514107,1.514107,1000
70366,0.001030047,1.030047,1000
70367,0.000314317,0.314317,1000
70368,0.012809709,12.809709,1000
70369,0.004138447,4.138447,1000
70370,0.00125455,1.25455,1000
70371,0.000825966,0.825966,1000
70372,0.000921887,0.921887,1000
70373,0.00072543,0.72543,1000
70374,0.000764405,0.764405,1000
70375,0.000839211,0.839211,1000
70376,0.000283108,0.283108,1000
70377,0.001124004,1.124004,1000
70378,0.000995563,0.995563,1000
70379,0.001749879,1.749879,1000
70380,0.000825969,0.825969,1000
70381,0.001197828,1.197828,1000
70382,0.001334072,1.334072,1000
70383,0.00105501,1.05501,1000
70384,0.00080813,0.80813,1000
70385,0.001526762,1.526762,1000
70386,0.00093889,0.93889,1000
70387,0.049738286,49.738286,1000
70388,0.000510359,0.510359,1000
70389,0.003759858,3.759858,1000
70390,0.0083005,8.3005,1000
70391,0.001993221,1.993221,1000
70392,0.000834547,0.834547,1000
70393,0.001029014,1.029014,1000
70394,0.056351446,56.351446,1000
70395,0.001142313,1.142313,1000
70396,0.005574685,5.574685,1000
70397,0.00103168,1.03168,1000
70398,0.007622905,7.622905,1000
70399,0.001011936,1.011936,1000
70400,0.000735295,0.735295,1000
70401,0.002934286,2.934286,1000
70402,0.096988596,96.988596,1000
70403,0.06457589,64.57589,1000
70404,0.000802857,0.802857,1000
70405,0.026707666,26.707666,1000
70406,0.000798789,0.798789,1000
70407,0.000976813,0.976813,1000
70408,0.001963704,1.963704,1000
70409,0.000993186,0.993186,1000
70410,0.000971291,0.971291,1000
70411,0.008205647,8.205647,1000
70412,0.001042957,1.042957,1000
70413,0.001647308,1.647308,1000
70414,0.000681933,0.681933,1000
70415,0.007956669,7.956669,1000
70416,0.000861027,0.861027,1000
70417,0.000937311,0.937311,1000
70418,0.000937184,0.937184,1000
70419,0.000660761,0.660761,1000
70420,0.000628374,0.628374,1000
70421,0.001525076,1.525076,1000
70422,0.000749973,0.749973,1000
70423,0.001006227,1.006227,1000
70424,0.002929349,2.929349,1000
70425,0.001012042,1.012042,1000
70426,0.002796533,2.796533,1000
70427,0.001890818,1.890818,1000
70428,0.000920943,0.920943,1000
70429,0.001096676,1.096676,1000
70430,0.00050474,0.50474,1000
70431,0.001144266,1.144266,1000
70432,0.056311271,56.311271,1000
70433,0.000494356,0.494356,1000
70434,0.001227722,1.227722,1000
70435,0.000745046,0.745046,1000
70436,0.001318435,1.318435,1000
70437,0.001107191,1.107191,1000
70438,0.001330082,1.330082,1000
70439,0.002449567,2.449567,1000
70440,0.000526289,0.526289,1000
70441,0.001378196,1.378196,1000
70442,0.000901293,0.901293,1000
70443,0.008468337,8.468337,1000
70444,0.001200876,1.200876,1000
70445,0.001578781,1.578781,1000
70446,0.000578763,0.578763,1000
70447,0.001040814,1.040814,1000
70448,0.096823298,96.823298,1000
70449,0.000963771,0.963771,1000
70450,0.001406651,1.406651,1000
70451,0.415166124,415.166124,1000
70452,0.000824468,0.824468,1000
70453,0.00202898,2.02898,1000
70454,0.001229309,1.229309,1000
70455,0.001520388,1.520388,1000
70456,0.001518345,1.518345,1000
70457,0.000743914,0.743914,1000
70458,0.002137613,2.137613,1000
70459,0.000743772,0.743772,1000
70460,0.000385059,0.385059,1000
70461,0.001086444,1.086444,1000
70462,0.001747913,1.747913,1000
70463,0.001006227,1.006227,1000
70464,0.001345224,1.345224,1000
70465,0.001707683,1.707683,1000
70466,0.00255953,2.55953,1000
70467,0.001019898,1.019898,1000
70468,0.284376687,284.376687,1000
70469,0.012132043,12.132043,1000
70470,0.000962443,0.962443,1000
70471,0.000791131,0.791131,1000
70472,0.001471135,1.471135,1000
70473,0.000964082,0.964082,1000
70474,0.001011936,1.011936,1000
70475,0.00117409,1.17409,1000
70476,0.000752727,0.752727,1000
70477,0.001475108,1.475108,1000
70478,0.002001001,2.001001,1000
70479,0.000760131,0.760131,1000
70480,0.000725435,0.725435,1000
70481,0.000776377,0.776377,1000
70482,0.001159537,1.159537,1000
70483,0.000900633,0.900633,1000
70484,0.000827164,0.827164,1000
70485,0.000754722,0.754722,1000
70486,0.000712108,0.712108,1000
70487,0.000845666,0.845666,1000
70488,0.00104294,1.04294,1000
70489,0.001300178,1.300178,1000
70490,0.000544475,0.544475,1000
70491,0.002508805,2.508805,1000
70492,0.000925403,0.925403,1000
70493,0.001114339,1.114339,1000
70494,0.000705707,0.705707,1000
70495,0.001680523,1.680523,1000
70496,0.001044721,1.044721,1000
70497,0.000501205,0.501205,1000
70498,0.000882665,0.882665,1000
70499,0.000745021,0.745021,1000
70500,0.000543433,0.543433,1000
70501,0.000551561,0.551561,1000
70502,0.000291094,0.291094,1000
70503,0.003564565,3.564565,1000
70504,0.00066083,0.66083,1000
70505,0.001006227,1.006227,1000
70506,0.001308846,1.308846,1000
70507,0.004210769,4.210769,1000
70508,0.001019915,1.019915,1000
70509,0.001279671,1.279671,1000
70510,0.001143068,1.143068,1000
70511,0.000700223,0.700223,1000
70512,0.000623774,0.623774,1000
70513,0.001298277,1.298277,1000
70514,0.000973311,0.973311,1000
70515,0.000739368,0.739368,1000
70516,0.000774944,0.774944,1000
70517,0.008090676,8.090676,1000
70518,0.001134312,1.134312,1000
70519,0.004168422,4.168422,1000
70520,0.005016998,5.016998,1000
70521,0.000993124,0.993124,1000
70522,0.00117674,1.17674,1000
70523,0.00103168,1.03168,1000
70524,0.000625948,0.625948,1000
70525,0.00149573,1.49573,1000
70526,0.056335251,56.335251,1000
70527,0.056199739,56.199739,1000
70528,0.000720678,0.720678,1000
70529,0.003385571,3.385571,1000
70530,0.121137708,121.137708,1000
70531,0.003369568,3.369568,1000
70532,0.00086821,0.86821,1000
70533,0.056339241,56.339241,1000
70534,0.022303519,22.303519,1000
70535,0.000920676,0.920676,1000
70536,0.001006227,1.006227,1000
70537,0.001345823,1.345823,1000
70538,0.000939017,0.939017,1000
70539,0.001462868,1.462868,1000
70540,0.001206161,1.206161,1000
70541,0.000804105,0.804105,1000
70542,0.008028661,8.028661,1000
70543,0.001832295,1.832295,1000
70544,0.000726009,0.726009,1000
70545,0.000782448,0.782448,1000
70546,0.001011936,1.011936,1000
70547,0.001037679,1.037679,1000
70548,0.001099294,1.099294,1000
70549,0.008375015,8.375015,1000
70550,0.00153539,1.53539,1000
70551,0.003548161,3.548161,1000
70552,0.000897099,0.897099,1000
70553,0.000777035,0.777035,1000
70554,0.000395591,0.395591,1000
70555,0.001523648,1.523648,1000
70556,0.001243232,1.243232,1000
70557,0.000695354,0.695354,1000
70558,0.001276228,1.276228,1000
70559,0.002760694,2.760694,1000
70560,0.001337652,1.337652,1000
70561,0.00104106,1.04106,1000
70562,0.056404914,56.404914,1000
70563,0.000623798,0.623798,1000
70564,0.001134919,1.134919,1000
70565,0.001582133,1.582133,1000
70566,0.000449525,0.449525,1000
70567,0.01397434,13.97434,1000
70568,0.01350061,13.50061,1000
70569,0.030471518,30.471518,1000
70570,0.001505839,1.505839,1000
70571,0.001382615,1.382615,1000
70572,0.001010464,1.010464,1000
70573,0.001129235,1.129235,1000
70574,0.000896137,0.896137,1000
70575,0.001126925,1.126925,1000
70576,0.001107875,1.107875,1000
70577,0.001275338,1.275338,1000
70578,0.0042422,4.2422,1000
70579,0.00086749,0.86749,1000
70580,0.000829814,0.829814,1000
70581,0.001062541,1.062541,1000
70582,0.003919443,3.919443,1000
70583,0.00131162,1.31162,1000
70584,0.000722295,0.722295,1000
70585,0.000703933,0.703933,1000
70586,0.000647979,0.647979,1000
70588,0.009378868,9.378868,1000
70589,0.015168551,15.168551,1000
70590,0.000619671,0.619671,1000
70591,0.000755561,0.755561,1000
70592,0.000753252,0.753252,1000
70593,0.001108042,1.108042,1000
70594,0.000547455,0.547455,1000
70595,0.005291332,5.291332,1000
70596,0.000825161,0.825161,1000
70597,0.001398475,1.398475,1000
70598,0.001114855,1.114855,1000
70599,0.001019869,1.019869,1000
70600,0.000600173,0.600173,1000
70601,0.00103397,1.03397,1000
70602,0.006621161,6.621161,1000
70603,0.00103168,1.03168,1000
70604,0.000589565,0.589565,1000
70605,0.001356059,1.356059,1000
70606,0.001006227,1.006227,1000
70607,0.000925328,0.925328,1000
70608,0.000811621,0.811621,1000
70609,0.001505839,1.505839,1000
70610,0.002772802,2.772802,1000
70611,0.000789369,0.789369,1000
70612,0.001159882,1.159882,1000
70613,0.001445339,1.445339,1000
70614,0.000783777,0.783777,1000
70615,0.001821889,1.821889,1000
70616,0.000729588,0.729588,1000
70617,0.000666095,0.666095,1000
70618,0.001484906,1.484906,1000
70619,0.001231268,1.231268,1000
70620,0.001204648,1.204648,1000
70621,0.00396873,3.96873,1000
70622,0.000840609,0.840609,1000
70623,0.001153141,1.153141,1000
70624,0.000359628,0.359628,1000
70625,0.000825966,0.825966,1000
70626,0.000321887,0.321887,1000
70627,0.01062855,10.62855,1000
70628,0.00081312,0.81312,1000
70629,0.000717996,0.717996,1000
70630,0.000948384,0.948384,1000
70631,0.001018268,1.018268,1000
70632,0.001507926,1.507926,1000
70633,0.000954263,0.954263,1000
70634,0.000632959,0.632959,1000
70635,0.001007212,1.007212,1000
70636,0.000794367,0.794367,1000
70637,0.00114796,1.14796,1000
70638,0.001114409,1.114409,1000
70639,0.001134919,1.134919,1000
70640,0.000993186,0.993186,1000
70641,0.000731735,0.731735,1000
70643,0.027030811,27.030811,1000
70644,0.025034536,25.034536,1000
70645,0.000738975,0.738975,1000
70646,0.000905896,0.905896,1000
70647,0.002700787,2.700787,1000
70648,0.000341961,0.341961,1000
70649,0.00056461,0.56461,1000
70650,0.000988119,0.988119,1000
70651,0.006349588,6.349588,1000
70652,0.00104638,1.04638,1000
70653,0.000297528,0.297528,1000
70654,0.001041872,1.041872,1000
70655,0.001104592,1.104592,1000
70656,0.004295026,4.295026,1000
70657,0.003674954,3.674954,1000
70658,0.000994018,0.994018,1000
70659,0.001324896,1.324896,1000
70660,0.002487591,2.487591,1000
70661,0.004358164,4.358164,1000
70662,0.001181421,1.181421,1000
70663,0.010210618,10.210618,1000
70664,0.002227583,2.227583,1000
70665,0.001006165,1.006165,1000
70666,0.010622379,10.622379,1000
70667,0.009759737,9.759737,1000
70668,0.00103168,1.03168,1000
70669,0.002126459,2.126459,1000
70670,0.001505839,1.505839,1000
70671,0.367375352,367.375352,1000
70672,0.001042979,1.042979,1000
70673,0.978555895,978.555895,1000
70674,0.001598572,1.598572,1000
70675,0.000772579,0.772579,1000
70676,0.011156692,11.156692,1000
70677,0.001071083,1.071083,1000
70678,0.001468643,1.468643,1000
70679,0.001057519,1.057519,1000
70680,0.000595385,0.595385,1000
70681,0.000534722,0.534722,1000
70682,0.000927585,0.927585,1000
70683,0.000987274,0.987274,1000
70684,0.001147339,1.147339,1000
70685,0.000939134,0.939134,1000
70686,0.001062502,1.062502,1000
70687,0.000930221,0.930221,1000
70688,0.015226994,15.226994,1000
70689,0.001062519,1.062519,1000
70690,0.000382808,0.382808,1000
70691,0.000743839,0.743839,1000
70692,0.001119232,1.119232,1000
70693,0.00105043,1.05043,1000
70694,0.000768075,0.768075,1000
70695,0.000751563,0.751563,1000
70696,0.000732119,0.732119,1000
70697,0.001062541,1.062541,1000
70698,0.00123555,1.23555,1000
70699,0.096885049,96.885049,1000
70700,0.000542373,0.542373,1000
70701,0.000601605,0.601605,1000
70702,0.00081312,0.81312,1000
70703,0.001398811,1.398811,1000
70704,0.001029247,1.029247,1000
70705,0.001320853,1.320853,1000
70706,0.001081154,1.081154,1000
70707,0.000859882,0.859882,1000
70708,0.001012194,1.012194,1000
70709,0.000516998,0.516998,1000
70710,0.000783265,0.783265,1000
70711,0.013752673,13.752673,1000
70712,0.001209327,1.209327,1000
70713,0.003427366,3.427366,1000
70714,0.017392068,17.392068,1000
70715,0.000734507,0.734507,1000
70716,0.00096367,0.96367,1000
70717,0.026886978,26.886978,1000
70718,0.001323584,1.323584,1000
70719,0.017841316,17.841316,1000
70720,0.001523042,1.523042,1000
70721,0.003558162,3.558162,1000
70722,0.007937717,7.937717,1000
70723,0.000772579,0.772579,1000
70724,0.000716511,0.716511,1000
70725,0.007632621,7.632621,1000
70726,0.023172191,23.172191,1000
70727,0.002770889,2.770889,1000
70728,0.001164798,1.164798,1000
70729,0.00065446,0.65446,1000
70730,0.010484591,10.484591,1000
70731,0.132765435,132.765435,1000
70732,0.000400393,0.400393,1000
70733,0.000930297,0.930297,1000
70734,0.00158379,1.58379,1000
70735,0.009093308,9.093308,1000
70736,0.000641051,0.641051,1000
70737,0.003722483,3.722483,1000
70738,0.000793094,0.793094,1000
70739,0.000600519,0.600519,1000
70740,0.002540311,2.540311,1000
70741,0.001071066,1.071066,1000
70742,0.000973047,0.973047,1000
70743,0.003779255,3.779255,1000
70744,0.097746286,97.746286,1000
70745,0.00167186,1.67186,1000
70746,0.001260212,1.260212,1000
70747,0.001609087,1.609087,1000
70748,0.00123633,1.23633,1000
70749,0.000689763,0.689763,1000
70750,0.000993124,0.993124,1000
70751,0.00103168,1.03168,1000
70752,0.000772584,0.772584,1000
70753,0.000837371,0.837371,1000
70754,0.001767571,1.767571,1000
70755,0.000988925,0.988925,1000
70756,0.000896631,0.896631,1000
70757,0.000812422,0.812422,1000
70758,0.000825966,0.825966,1000
70759,0.00087251,0.87251,1000
70760,0.000726665,0.726665,1000
70761,0.001205656,1.205656,1000
70762,0.000842772,0.842772,1000
70763,0.000783777,0.783777,1000
70764,0.000995922,0.995922,1000
70765,0.00081312,0.81312,1000
70766,0.000993186,0.993186,1000
70767,0.000707769,0.707769,1000
70768,0.00081312,0.81312,1000
70769,0.000674288,0.674288,1000
70770,0.000880642,0.880642,1000
70771,0.000637062,0.637062,1000
70772,0.003192482,3.192482,1000
70773,0.000824148,0.824148,1000
70774,0.003591546,3.591546,1000
70775,0.001339263,1.339263,1000
70776,0.001168425,1.168425,1000
70777,0.001180799,1.180799,1000
70778,0.002167333,2.167333,1000
70779,0.000555774,0.555774,1000
70780,0.000956985,0.956985,1000
70781,0.016018615,16.018615,1000
70782,0.000978383,0.978383,1000
70783,0.003974774,3.974774,1000
70784,0.000882747,0.882747,1000
70785,0.003412553,3.412553,1000
70786,0.002207987,2.207987,1000
70787,0.000730678,0.730678,1000
70788,0.000716176,0.716176,1000
70789,0.00073682,0.73682,1000
70790,0.01019578,10.19578,1000
70791,0.001024048,1.024048,1000
70792,0.041477754,41.477754,1000
70793,0.000953672,0.953672,1000
70794,0.01304392,13.04392,1000
70795,0.000702278,0.702278,1000
70796,0.043682212,43.682212,1000
70797,0.001041789,1.041789,1000
70798,0.000618884,0.618884,1000
70799,0.000993186,0.993186,1000
70800,0.000748375,0.748375,1000
70801,0.001182533,1.182533,1000
70802,0.019879715,19.879715,1000
70803,0.000909015,0.909015,1000
70804,0.001609087,1.609087,1000
70805,0.000279534,0.279534,1000
70806,0.00115367,1.15367,1000
70807,0.001071133,1.071133,1000
70808,0.00109536,1.09536,1000
70809,0.001505839,1.505839,1000
70810,0.000654625,0.654625,1000
70811,0.038248964,38.248964,1000
70812,0.001044721,1.044721,1000
70813,0.001315761,1.315761,1000
70814,0.000783777,0.783777,1000
70815,0.00114796,1.14796,1000
70816,0.002873587,2.873587,1000
70817,0.001029247,1.029247,1000
70818,0.00058434,0.58434,1000
70819,0.001623754,1.623754,1000
70820,0.001063893,1.063893,1000
70821,0.003247897,3.247897,1000
70822,0.000768161,0.768161,1000
70823,0.001088726,1.088726,1000
70824,0.001195765,1.195765,1000
70825,0.000818583,0.818583,1000
70826,0.000657006,0.657006,1000
70827,0.001578031,1.578031,1000
70828,0.001555514,1.555514,1000
70829,0.001006227,1.006227,1000
70830,0.000718412,0.718412,1000
70831,0.001185315,1.185315,1000
70832,0.001881815,1.881815,1000
70833,0.000523292,0.523292,1000
70834,0.002054636,2.054636,1000
70835,0.000726049,0.726049,1000
70836,0.001161099,1.161099,1000
70837,0.004092974,4.092974,1000
70838,0.000961679,0.961679,1000
70839,0.000371893,0.371893,1000
70840,0.00806961,8.06961,1000
70841,0.006806703,6.806703,1000
70842,0.000954263,0.954263,1000
70843,0.003281441,3.281441,1000
70844,0.000995922,0.995922,1000
70845,0.002396848,2.396848,1000
70846,0.002880436,2.880436,1000
70847,0.003240153,3.240153,1000
70848,0.001162939,1.162939,1000
70849,0.029982949,29.982949,1000
70850,0.000820115,0.820115,1000
70851,0.005738997,5.738997,1000
70852,0.000765797,0.765797,1000
70853,0.00119927,1.19927,1000
70854,0.000825966,0.825966,1000
70855,0.016741171,16.741171,1000
70856,0.000719419,0.719419,1000
70857,0.000947413,0.947413,1000
70858,0.000947815,0.947815,1000
70859,0.000572585,0.572585,1000
70860,0.000918245,0.918245,1000
70861,0.595283003,595.283003,1000
70862,0.001596857,1.596857,1000
70863,0.000993186,0.993186,1000
70864,0.002354836,2.354836,1000
70865,0.000715649,0.715649,1000
70866,0.001134919,1.134919,1000
70867,0.001141219,1.141219,1000
70868,0.001367925,1.367925,1000
70869,0.004489194,4.489194,1000
70870,0.008565795,8.565795,1000
70871,0.000235092,0.235092,1000
70872,0.004259286,4.259286,1000
70873,0.000847082,0.847082,1000
70874,0.00104294,1.04294,1000
70875,0.001062519,1.062519,1000
70876,0.000901727,0.901727,1000
70877,0.001305549,1.305549,1000
70878,0.004006489,4.006489,1000
70879,0.001007951,1.007951,1000
70880,0.002734642,2.734642,1000
70881,0.000616268,0.616268,1000
70882,0.000869724,0.869724,1000
70883,0.000776616,0.776616,1000
70884,0.00089579,0.89579,1000
70885,0.001335977,1.335977,1000
70886,0.00105043,1.05043,1000
70887,0.00078117,0.78117,1000
70888,0.075672363,75.672363,1000
70889,0.003407981,3.407981,1000
70890,0.000620388,0.620388,1000
70891,0.001002201,1.002201,1000
70892,0.000679588,0.679588,1000
70893,0.001209105,1.209105,1000
70894,0.000931951,0.931951,1000
70895,0.001080643,1.080643,1000
70896,0.001004655,1.004655,1000
70897,0.001396109,1.396109,1000
70898,0.000983435,0.983435,1000
70899,0.001025608,1.025608,1000
70900,0.000669556,0.669556,1000
70901,0.000411868,0.411868,1000
70902,0.000885948,0.885948,1000
70903,0.001497512,1.497512,1000
70904,0.001275281,1.275281,1000
70905,0.000910526,0.910526,1000
70906,0.001245336,1.245336,1000
70907,0.001280728,1.280728,1000
70908,0.06457589,64.57589,1000
70909,0.001391237,1.391237,1000
70910,0.000648634,0.648634,1000
70911,0.000630506,0.630506,1000
70912,0.00103168,1.03168,1000
70913,0.000624226,0.624226,1000
70914,0.096545174,96.545174,1000
70915,0.001028472,1.028472,1000
70916,0.008138915,8.138915,1000
70917,0.001075344,1.075344,1000
70918,0.00104396,1.04396,1000
70919,0.001120919,1.120919,1000
70920,0.002487268,2.487268,1000
70921,0.000751989,0.751989,1000
70922,0.000708396,0.708396,1000
70923,0.000316363,0.316363,1000
70924,0.00081312,0.81312,1000
70925,0.099320852,99.320852,1000
70926,0.001174811,1.174811,1000
70927,0.246219214,246.219214,1000
70928,0.000693497,0.693497,1000
70929,0.000814605,0.814605,1000
70930,0.00202008,2.02008,1000
70931,0.001019264,1.019264,1000
70932,0.01681602,16.81602,1000
70933,0.018940635,18.940635,1000
70934,0.000646378,0.646378,1000
70935,0.001505839,1.505839,1000
70936,0.000875833,0.875833,1000
70937,0.000895448,0.895448,1000
70938,0.001062502,1.062502,1000
70939,0.000772979,0.772979,1000
70940,0.003123418,3.123418,1000
70941,0.000950413,0.950413,1000
70942,0.000621249,0.621249,1000
70943,0.017995934,17.995934,1000
70944,0.001826668,1.826668,1000
70945,0.000993186,0.993186,1000
70946,0.000811011,0.811011,1000
70947,0.001375932,1.375932,1000
70948,0.816914366,816.914366,1000
70949,0.001010701,1.010701,1000
70950,0.000798789,0.798789,1000
70951,0.000364183,0.364183,1000
70952,0.000848629,0.848629,1000
70953,0.001099195,1.099195,1000
70954,0.001121658,1.121658,1000
70955,0.001042817,1.042817,1000
70956,0.000800291,0.800291,1000
70957,0.008093898,8.093898,1000
70958,0.001221487,1.221487,1000
70959,0.000876431,0.876431,1000
70960,0.004819393,4.819393,1000
70961,0.003706376,3.706376,1000
70962,0.001019373,1.019373,1000
70963,0.041369474,41.369474,1000
70964,0.001093087,1.093087,1000
70965,0.001845772,1.845772,1000
70966,0.00099491,0.99491,1000
70967,0.001623754,1.623754,1000
70968,0.00059929,0.59929,1000
70969,0.0010574,1.0574,1000
70970,0.000777706,0.777706,1000
70971,0.000449747,0.449747,1000
70972,0.001284641,1.284641,1000
70973,0.016054449,16.054449,1000
70974,0.000595737,0.595737,1000
70975,0.000576767,0.576767,1000
70976,0.001042979,1.042979,1000
70977,0.001750714,1.750714,1000
70978,0.001141219,1.141219,1000
70979,0.000641451,0.641451,1000
70980,0.000907692,0.907692,1000
70981,0.001000921,1.000921,1000
70982,0.00104919,1.04919,1000
70983,0.000983435,0.983435,1000
70984,0.001711458,1.711458,1000
70985,0.016429808,16.429808,1000
70986,0.001011936,1.011936,1000
70987,0.000738031,0.738031,1000
70988,0.36890246,368.90246,1000
70989,0.000857913,0.857913,1000
70990,0.000923872,0.923872,1000
70991,0.000769842,0.769842,1000
70992,0.000476196,0.476196,1000
70993,0.00067402,0.67402,1000
70994,0.000840174,0.840174,1000
70995,0.00087961,0.87961,1000
70996,0.000936071,0.936071,1000
70997,0.001042215,1.042215,1000
70998,0.001115363,1.115363,1000
70999,0.010196505,10.196505,1000
71000,0.000801922,0.801922,1000
71001,0.00304101,3.04101,1000
71002,0.00082325,0.82325,1000
71003,0.001402009,1.402009,1000
71004,0.000560299,0.560299,1000
71005,0.214879289,214.879289,1000
71006,0.077527597,77.527597,1000
71007,0.000963771,0.963771,1000
71008,0.000883259,0.883259,1000
71009,0.001259134,1.259134,1000
71010,0.003834192,3.834192,1000
71011,0.00072727,0.72727,1000
71012,0.001042957,1.042957,1000
71013,0.000767365,0.767365,1000
71014,0.00327254,3.27254,1000
71015,0.001201021,1.201021,1000
71016,0.060902338,60.902338,1000
71017,0.000520164,0.520164,1000
71018,0.000713622,0.713622,1000
71019,0.001581453,1.581453,1000
71020,0.002404267,2.404267,1000
71021,0.001042817,1.042817,1000
71022,0.016162886,16.162886,1000
71023,0.000868526,0.868526,1000
71024,0.02929169,29.29169,1000
71025,0.000739686,0.739686,1000
71026,0.00093377,0.93377,1000
71027,0.001315818,1.315818,1000
71028,0.000768225,0.768225,1000
71029,0.016512931,16.512931,1000
71030,0.000993186,0.993186,1000
71031,0.000811668,0.811668,1000
71032,0.056788916,56.788916,1000
71033,0.080200847,80.200847,1000
71034,0.262393709,262.393709,1000
71035,0.00088815,0.88815,1000
71036,0.001703666,1.703666,1000
71037,0.001187818,1.187818,1000
71038,0.016343822,16.343822,1000
71039,0.000964089,0.964089,1000
71040,0.003832286,3.832286,1000
71041,0.000774047,0.774047,1000
71042,0.01167143,11.67143,1000
71043,0.000998084,0.998084,1000
71044,0.003297694,3.297694,1000
71045,0.00105043,1.05043,1000
71046,0.001004655,1.004655,1000
71047,0.001335208,1.335208,1000
71048,0.003541515,3.541515,1000
71049,0.001495657,1.495657,1000
71050,0.011570744,11.570744,1000
71051,0.000868006,0.868006,1000
71052,0.000825966,0.825966,1000
71053,0.001152443,1.152443,1000
71054,0.000808337,0.808337,1000
71055,0.000640634,0.640634,1000
71056,0.000773789,0.773789,1000
71057,0.000864125,0.864125,1000
71058,0.000825966,0.825966,1000
71059,0.008183661,8.183661,1000
71060,0.000450514,0.450514,1000
71061,0.001071133,1.071133,1000
71062,0.000540286,0.540286,1000
71063,0.178208165,178.208165,1000
71064,0.001330889,1.330889,1000
71065,0.000829178,0.829178,1000
71066,0.001388931,1.388931,1000
71067,0.001005736,1.005736,1000
71068,0.000850931,0.850931,1000
71069,0.00159543,1.59543,1000
71070,0.001661774,1.661774,1000
71071,0.00068307,0.68307,1000
71072,0.001131665,1.131665,1000
71073,0.001509573,1.509573,1000
71074,0.000829243,0.829243,1000
71075,0.000710097,0.710097,1000
71076,0.001056594,1.056594,1000
71077,0.001043045,1.043045,1000
71078,0.001771133,1.771133,1000
71079,0.007262222,7.262222,1000
71080,0.000623402,0.623402,1000
71081,0.002942063,2.942063,1000
71082,0.001400202,1.400202,1000
71083,0.000993124,0.993124,1000
71084,0.001042957,1.042957,1000
71085,0.000817778,0.817778,1000
71086,0.001081154,1.081154,1000
71087,0.019831235,19.831235,1000
71088,0.004625547,4.625547,1000
71089,0.000813736,0.813736,1000
71090,0.000715579,0.715579,1000
71091,0.009564145,9.564145,1000
71092,0.000772561,0.772561,1000
71093,0.001029247,1.029247,1000
71094,0.000691475,0.691475,1000
71095,0.000749176,0.749176,1000
71096,0.001212513,1.212513,1000
71097,0.008734339,8.734339,1000
71098,0.001097456,1.097456,1000
71099,0.000900815,0.900815,1000
71100,0.033984433,33.984433,1000
71101,0.001609087,1.609087,1000
71102,0.003356463,3.356463,1000
71103,0.001076091,1.076091,1000
71104,0.010772074,10.772074,1000
71105,0.000993186,0.993186,1000
71106,0.001613775,1.613775,1000
71107,0.000673069,0.673069,1000
71108,0.001204708,1.204708,1000
71109,0.001746026,1.746026,1000
71110,0.001462746,1.462746,1000
71111,0.000546979,0.546979,1000
71112,0.000878348,0.878348,1000
71113,0.001592079,1.592079,1000
71114,0.000722028,0.722028,1000
71115,0.052409036,52.409036,1000
71116,0.002090152,2.090152,1000
71117,0.003135597,3.135597,1000
71118,0.000832852,0.832852,1000
71119,0.004074668,4.074668,1000
71120,0.003375079,3.375079,1000
71121,0.000926774,0.926774,1000
71122,0.001672678,1.672678,1000
71123,0.001453099,1.453099,1000
71124,0.001069915,1.069915,1000
71125,0.000599559,0.599559,1000
71126,0.001026114,1.026114,1000
71127,0.000772707,0.772707,1000
71128,0.000608119,0.608119,1000
71129,0.001095051,1.095051,1000
71130,0.00091371,0.91371,1000
71131,0.000823009,0.823009,1000
71132,0.000961569,0.961569,1000
71133,0.008211908,8.211908,1000
71134,0.00805615,8.05615,1000
71135,0.000652773,0.652773,1000
71136,0.015962604,15.962604,1000
71137,0.0006265,0.6265,1000
71138,0.000724007,0.724007,1000
71139,0.000829338,0.829338,1000
71140,0.011981626,11.981626,1000
71141,0.000421525,0.421525,1000
71142,0.000886862,0.886862,1000
71143,0.001070167,1.070167,1000
71144,0.001026647,1.026647,1000
71145,0.004899832,4.899832,1000
71146,0.000599873,0.599873,1000
71147,0.001042957,1.042957,1000
71148,0.000555919,0.555919,1000
71149,0.001352148,1.352148,1000
71150,0.001373496,1.373496,1000
71151,0.001024529,1.024529,1000
71152,0.001041718,1.041718,1000
71153,0.001018785,1.018785,1000
71154,0.003593864,3.593864,1000
71155,0.000895794,0.895794,1000
71156,0.002897617,2.897617,1000
71157,0.002985219,2.985219,1000
71158,0.001100676,1.100676,1000
71159,0.000445504,0.445504,1000
71160,0.000469758,0.469758,1000
71161,0.000764287,0.764287,1000
71162,0.007497241,7.497241,1000
71163,0.000385433,0.385433,1000
71164,0.000956602,0.956602,1000
71165,0.001827984,1.827984,1000
71166,0.001396182,1.396182,1000
71167,0.000680876,0.680876,1000
71168,0.003088001,3.088001,1000
71169,0.000860367,0.860367,1000
71170,0.001175241,1.175241,1000
71171,0.001633535,1.633535,1000
71172,0.000427707,0.427707,1000
71173,0.064580577,64.580577,1000
71174,0.001336247,1.336247,1000
71175,0.00081312,0.81312,1000
71176,0.00051613,0.51613,1000
71177,0.000783777,0.783777,1000
71178,0.001609087,1.609087,1000
71179,0.000640067,0.640067,1000
71180,0.000930821,0.930821,1000
71181,0.000735843,0.735843,1000
71182,0.000957904,0.957904,1000
71183,0.007774355,7.774355,1000
71184,0.000775263,0.775263,1000
71185,0.000783777,0.783777,1000
71186,0.001207558,1.207558,1000
71187,0.000989412,0.989412,1000
71188,0.001153677,1.153677,1000
71189,0.000372072,0.372072,1000
71190,0.001142578,1.142578,1000
71191,0.00081312,0.81312,1000
71192,0.001044721,1.044721,1000
71193,0.000378688,0.378688,1000
71194,0.001049553,1.049553,1000
71195,0.001505839,1.505839,1000
71196,0.000981935,0.981935,1000
71197,0.000836597,0.836597,1000
71198,0.001205656,1.205656,1000
71199,0.000858908,0.858908,1000
71200,0.000943105,0.943105,1000
71201,0.000896687,0.896687,1000
71202,0.000842507,0.842507,1000
71203,0.000548235,0.548235,1000
71204,0.000459946,0.459946,1000
71205,0.003283494,3.283494,1000
71206,0.001153677,1.153677,1000
71207,0.00081312,0.81312,1000
71208,0.000606444,0.606444,1000
71209,0.001006227,1.006227,1000
71210,0.000914762,0.914762,1000
71211,0.001020296,1.020296,1000
71212,0.00130409,1.30409,1000
71213,0.001376094,1.376094,1000
71214,0.000826144,0.826144,1000
71215,0.003777933,3.777933,1000
71216,0.001536543,1.536543,1000
71217,0.000760087,0.760087,1000
71218,0.001162805,1.162805,1000
71219,0.000983963,0.983963,1000
71220,0.001480476,1.480476,1000
71221,0.000840552,0.840552,1000
71222,0.000893937,0.893937,1000
71223,0.000856867,0.856867,1000
71224,0.001167402,1.167402,1000
71225,0.001525181,1.525181,1000
71226,0.001497556,1.497556,1000
71227,0.00110337,1.10337,1000
71228,0.012681169,12.681169,1000
71229,0.001411285,1.411285,1000
71230,0.001750714,1.750714,1000
71231,0.000832465,0.832465,1000
71232,0.002725202,2.725202,1000
71233,0.000739125,0.739125,1000
71234,0.001167018,1.167018,1000
71235,0.001078167,1.078167,1000
71236,0.000434927,0.434927,1000
71237,0.000850385,0.850385,1000
71238,0.001116044,1.116044,1000
71239,0.00056385,0.56385,1000
71240,0.00031529,0.31529,1000
71241,0.00069142,0.69142,1000
71242,0.007932616,7.932616,1000
71243,0.008684998,8.684998,1000
71244,0.00896288,8.96288,1000
71245,0.001019238,1.019238,1000
71246,0.001104592,1.104592,1000
71247,0.00085035,0.85035,1000
71248,0.001221411,1.221411,1000
71249,0.001537418,1.537418,1000
71250,0.007999204,7.999204,1000
71251,0.001054504,1.054504,1000
71252,0.000493455,0.493455,1000
71253,0.001088157,1.088157,1000
71254,0.000977938,0.977938,1000
71255,0.007144121,7.144121,1000
71256,0.000516538,0.516538,1000
71257,0.001321031,1.321031,1000
71258,0.003384654,3.384654,1000
71259,0.004522292,4.522292,1000
71260,0.001122776,1.122776,1000
71261,0.001383784,1.383784,1000
71262,0.000993186,0.993186,1000
71263,0.000856496,0.856496,1000
71264,0.001609436,1.609436,1000
71265,0.000809061,0.809061,1000
71266,0.001138033,1.138033,1000
71267,0.000700028,0.700028,1000
71268,0.001062519,1.062519,1000
71269,0.000900329,0.900329,1000
71270,0.000694712,0.694712,1000
71271,0.000636788,0.636788,1000
71272,0.000595829,0.595829,1000
71273,0.000663345,0.663345,1000
71274,0.000715708,0.715708,1000
71275,0.001186347,1.186347,1000
71276,0.001211739,1.211739,1000
71277,0.000718508,0.718508,1000
71278,0.000772691,0.772691,1000
71279,0.001557247,1.557247,1000
71280,0.01812663,18.12663,1000
71281,0.00057178,0.57178,1000
71282,0.000754154,0.754154,1000
71283,0.000948319,0.948319,1000
71284,0.001115667,1.115667,1000
71285,0.00113203,1.13203,1000
71286,0.000639517,0.639517,1000
71287,0.001524997,1.524997,1000
71288,0.000764115,0.764115,1000
71289,0.000721065,0.721065,1000
71290,0.000870849,0.870849,1000
71291,0.000662082,0.662082,1000
71292,0.00073697,0.73697,1000
71293,0.001118037,1.118037,1000
71294,0.001510527,1.510527,1000
71295,0.001340398,1.340398,1000
71296,0.001146936,1.146936,1000
71297,0.000749762,0.749762,1000
71298,0.000396597,0.396597,1000
71299,0.000529438,0.529438,1000
71300,0.001144711,1.144711,1000
71301,0.000953171,0.953171,1000
71302,0.001301959,1.301959,1000
71303,0.003264405,3.264405,1000
71304,0.005743685,5.743685,1000
71305,0.000847937,0.847937,1000
71306,0.002604979,2.604979,1000
71307,0.000423389,0.423389,1000
71308,0.00559096,5.59096,1000
71309,0.000825966,0.825966,1000
71310,0.00105043,1.05043,1000
71311,0.009394584,9.394584,1000
71312,0.03462208,34.62208,1000
71313,0.000385582,0.385582,1000
71314,0.000953485,0.953485,1000
71315,0.001176191,1.176191,1000
71316,0.000700774,0.700774,1000
71317,0.00074967,0.74967,1000
71318,0.001005527,1.005527,1000
71319,0.000628434,0.628434,1000
71320,0.000396257,0.396257,1000
71321,0.001292021,1.292021,1000
71322,0.002974442,2.974442,1000
71323,0.000796904,0.796904,1000
71324,0.002821691,2.821691,1000
71325,0.000911121,0.911121,1000
71326,0.001006227,1.006227,1000
71327,0.001157907,1.157907,1000
71328,0.000555341,0.555341,1000
71329,0.005938649,5.938649,1000
71330,0.001231268,1.231268,1000
71331,0.000809,0.809,1000
71332,0.000810208,0.810208,1000
71333,0.001160066,1.160066,1000
71334,0.001767384,1.767384,1000
71335,0.000386864,0.386864,1000
71336,0.002759249,2.759249,1000
71337,0.000564546,0.564546,1000
71338,0.00105043,1.05043,1000
71339,0.000856852,0.856852,1000
71340,0.003249989,3.249989,1000
71341,0.004700942,4.700942,1000
71342,0.02269939,22.69939,1000
71343,0.001000308,1.000308,1000
71344,0.000901253,0.901253,1000
71345,0.00077402,0.77402,1000
71346,0.001032882,1.032882,1000
71347,0.000825966,0.825966,1000
71348,0.000781396,0.781396,1000
71349,0.006116022,6.116022,1000
71350,0.00033482,0.33482,1000
71351,0.000958455,0.958455,1000
71352,0.001097456,1.097456,1000
71353,0.001071105,1.071105,1000
71354,0.002665466,2.665466,1000
71355,0.000534461,0.534461,1000
71356,0.007389599,7.389599,1000
71357,0.000948554,0.948554,1000
71358,0.000927585,0.927585,1000
71359,0.000658053,0.658053,1000
71360,0.001151318,1.151318,1000
71361,0.000737012,0.737012,1000
71362,0.001193164,1.193164,1000
71363,0.000809407,0.809407,1000
71364,0.001457786,1.457786,1000
71365,0.000976668,0.976668,1000
71366,0.000631252,0.631252,1000
71367,0.000989015,0.989015,1000
71368,0.000954324,0.954324,1000
71369,0.001316146,1.316146,1000
71370,0.00120363,1.20363,1000
71371,0.002909887,2.909887,1000
71372,0.001609087,1.609087,1000
71373,0.00078378,0.78378,1000
71374,0.001826577,1.826577,1000
71375,0.000901102,0.901102,1000
71376,0.00046208,0.46208,1000
71377,0.000465593,0.465593,1000
71378,0.000899835,0.899835,1000
71379,0.000712864,0.712864,1000
71380,0.000367209,0.367209,1000
71381,0.000621216,0.621216,1000
71382,0.001169797,1.169797,1000
71383,0.000753947,0.753947,1000
71384,0.001525076,1.525076,1000
71385,0.001750714,1.750714,1000
71386,0.000969043,0.969043,1000
71387,0.001133128,1.133128,1000
71388,0.001371893,1.371893,1000
71389,0.000993186,0.993186,1000
71390,0.000983055,0.983055,1000
71391,0.001515348,1.515348,1000
71392,0.000985173,0.985173,1000
71393,0.000850063,0.850063,1000
71394,0.00112596,1.12596,1000
71395,0.001037749,1.037749,1000
71396,0.001508059,1.508059,1000
71397,0.000737448,0.737448,1000
71398,0.148584972,148.584972,1000
71399,0.001305222,1.305222,1000
71400,0.000784782,0.784782,1000
71401,0.001205656,1.205656,1000
71402,0.000852437,0.852437,1000
71403,0.005615206,5.615206,1000
71404,0.000993186,0.993186,1000
71405,0.001276058,1.276058,1000
71406,0.04433136,44.33136,1000
71407,0.018337463,18.337463,1000
71408,0.009012558,9.012558,1000
71409,0.008607466,8.607466,1000
71410,0.002967558,2.967558,1000
71411,0.001047251,1.047251,1000
71412,0.002062408,2.062408,1000
71413,0.000655059,0.655059,1000
71414,0.00072873,0.72873,1000
71415,0.000976813,0.976813,1000
71416,0.000800819,0.800819,1000
71417,0.002270047,2.270047,1000
71418,0.00077991,0.77991,1000
71419,0.001430035,1.430035,1000
71420,0.099358389,99.358389,1000
71421,0.00768973,7.68973,1000
71422,0.00092364,0.92364,1000
71423,0.00116989,1.16989,1000
71424,0.01055551,10.55551,1000
71425,0.000375838,0.375838,1000
71426,0.001003282,1.003282,1000
71427,0.001635447,1.635447,1000
71428,0.000937396,0.937396,1000
71429,0.000662571,0.662571,1000
71430,0.000577403,0.577403,1000
71431,0.001068791,1.068791,1000
71432,0.000916276,0.916276,1000
71433,0.00165643,1.65643,1000
71434,0.001006227,1.006227,1000
71435,0.001330889,1.330889,1000
71436,0.001001006,1.001006,1000
71437,0.17536394,175.36394,1000
71438,0.00101272,1.01272,1000
71439,0.001611942,1.611942,1000
71440,0.001656428,1.656428,1000
71441,0.001592071,1.592071,1000
71442,0.001042979,1.042979,1000
71443,0.001191984,1.191984,1000
71444,0.000916458,0.916458,1000
71445,0.000964089,0.964089,1000
71446,0.001072372,1.072372,1000
71447,0.000800111,0.800111,1000
71448,0.001062502,1.062502,1000
71449,0.001136676,1.136676,1000
71450,0.000825966,0.825966,1000
71451,0.005103143,5.103143,1000
71452,0.001750714,1.750714,1000
71453,0.0015091,1.5091,1000
71454,0.008297888,8.297888,1000
71455,0.003642292,3.642292,1000
71456,0.001720871,1.720871,1000
71457,0.001523648,1.523648,1000
71458,0.000768733,0.768733,1000
71459,0.000783777,0.783777,1000
71460,0.000563782,0.563782,1000
71461,0.000852551,0.852551,1000
71462,0.001750714,1.750714,1000
71463,0.000821606,0.821606,1000
71464,0.001365197,1.365197,1000
71465,0.001242754,1.242754,1000
71466,0.001036175,1.036175,1000
71467,0.000455133,0.455133,1000
71468,0.003509463,3.509463,1000
71469,0.000824911,0.824911,1000
71470,0.007105973,7.105973,1000
71471,0.001006165,1.006165,1000
71472,0.001218698,1.218698,1000
71473,0.001027318,1.027318,1000
71474,0.001988862,1.988862,1000
71475,0.000707464,0.707464,1000
71476,0.001604209,1.604209,1000
71477,0.000739323,0.739323,1000
71478,0.001785445,1.785445,1000
71479,0.000748918,0.748918,1000
71480,0.001717711,1.717711,1000
71481,0.000714139,0.714139,1000
71482,0.000655425,0.655425,1000
71483,0.001114833,1.114833,1000
71484,0.001167046,1.167046,1000
71485,0.001181532,1.181532,1000
71486,0.001179788,1.179788,1000
71487,0.001016193,1.016193,1000
71488,0.006223348,6.223348,1000
71489,0.000612945,0.612945,1000
71490,0.001335576,1.335576,1000
71491,0.003124071,3.124071,1000
71492,0.002878718,2.878718,1000
71493,0.001006227,1.006227,1000
71494,0.001367882,1.367882,1000
71495,0.000685073,0.685073,1000
71496,0.016555527,16.555527,1000
71497,0.001534684,1.534684,1000
71498,0.003087102,3.087102,1000
71499,0.00104294,1.04294,1000
71500,0.000645301,0.645301,1000
71501,0.000953545,0.953545,1000
71502,0.001394028,1.394028,1000
71503,0.000894097,0.894097,1000
71504,0.000783777,0.783777,1000
71505,0.00117517,1.17517,1000
71506,0.001523648,1.523648,1000
71507,0.000773157,0.773157,1000
71508,0.008307248,8.307248,1000
71509,0.00104294,1.04294,1000
71510,0.000757621,0.757621,1000
71511,0.000883288,0.883288,1000
71512,0.000581114,0.581114,1000
71513,0.001445168,1.445168,1000
71514,0.000384113,0.384113,1000
71515,0.001159223,1.159223,1000
71516,0.001925529,1.925529,1000
71517,0.00077719,0.77719,1000
71518,0.002306489,2.306489,1000
71519,0.000783777,0.783777,1000
71520,0.000728099,0.728099,1000
71521,0.001020518,1.020518,1000
71522,0.000601893,0.601893,1000
71523,0.001148358,1.148358,1000
71524,0.000993186,0.993186,1000
71525,0.001454204,1.454204,1000
71526,0.00277907,2.77907,1000
71527,0.000872678,0.872678,1000
71528,0.001720347,1.720347,1000
71529,0.001487009,1.487009,1000
71530,0.016731684,16.731684,1000
71531,0.000652889,0.652889,1000
71532,0.000957008,0.957008,1000
71533,0.000894193,0.894193,1000
71534,0.001306719,1.306719,1000
71535,0.000808843,0.808843,1000
71536,0.002704047,2.704047,1000
71537,0.000800962,0.800962,1000
71538,0.000817744,0.817744,1000
71539,0.00110654,1.10654,1000
71540,0.000667641,0.667641,1000
71541,0.000972433,0.972433,1000
71542,0.00040161,0.40161,1000
71543,0.001039377,1.039377,1000
71544,0.001273253,1.273253,1000
71545,0.003920081,3.920081,1000
71546,0.00969659,9.69659,1000
71547,0.000814426,0.814426,1000
71548,0.001088018,1.088018,1000
71549,0.000783777,0.783777,1000
71550,0.014813533,14.813533,1000
71551,0.00028956,0.28956,1000
71552,0.001342238,1.342238,1000
71553,0.000839213,0.839213,1000
71554,0.002451722,2.451722,1000
71555,0.002009207,2.009207,1000
71556,0.006839438,6.839438,1000
71557,0.000861813,0.861813,1000
71558,0.001597145,1.597145,1000
71559,0.007892547,7.892547,1000
71560,0.00036804,0.36804,1000
71561,0.000776916,0.776916,1000
71562,0.003992251,3.992251,1000
71563,0.000549816,0.549816,1000
71564,0.00081312,0.81312,1000
71565,0.008887361,8.887361,1000
71566,0.000828416,0.828416,1000
71567,0.002890642,2.890642,1000
71568,0.003209619,3.209619,1000
71569,0.002975462,2.975462,1000
71570,0.004644957,4.644957,1000
71571,0.001071105,1.071105,1000
71572,0.000920651,0.920651,1000
71573,0.000813867,0.813867,1000
71574,0.000769933,0.769933,1000
71575,0.000668838,0.668838,1000
71576,0.001164208,1.164208,1000
71577,0.00081312,0.81312,1000
71578,0.000812051,0.812051,1000
71579,0.000775947,0.775947,1000
71580,0.000821437,0.821437,1000
71581,0.000899398,0.899398,1000
71582,0.00394028,3.94028,1000
71583,0.000733143,0.733143,1000
71584,0.001595339,1.595339,1000
71585,0.272107721,272.107721,1000
71586,0.013787507,13.787507,1000
71587,0.000899894,0.899894,1000
71588,0.002547017,2.547017,1000
71589,0.003616832,3.616832,1000
71590,0.000813123,0.813123,1000
71591,0.001006227,1.006227,1000
71592,0.000778575,0.778575,1000
71593,0.001527317,1.527317,1000
71594,0.000750706,0.750706,1000
71595,0.001606087,1.606087,1000
71596,0.001483134,1.483134,1000
71597,0.001540769,1.540769,1000
71598,0.002697223,2.697223,1000
71599,0.001666066,1.666066,1000
71600,0.000666889,0.666889,1000
71601,0.000788534,0.788534,1000
71602,0.010178682,10.178682,1000
71603,0.000911029,0.911029,1000
71604,0.00083824,0.83824,1000
71605,0.001108828,1.108828,1000
71606,0.001018774,1.018774,1000
71607,0.001044721,1.044721,1000
71608,0.000962374,0.962374,1000
71609,0.001826577,1.826577,1000
71610,0.001399846,1.399846,1000
71611,0.001081154,1.081154,1000
71612,0.00127698,1.27698,1000
71613,0.000647303,0.647303,1000
71614,0.001149588,1.149588,1000
71615,0.001409221,1.409221,1000
71616,0.005086928,5.086928,1000
71617,0.001826577,1.826577,1000
71618,0.001231268,1.231268,1000
71619,0.001016392,1.016392,1000
71620,0.00064052,0.64052,1000
71621,0.001666066,1.666066,1000
71622,0.001133924,1.133924,1000
71623,0.000801904,0.801904,1000
71624,0.000834291,0.834291,1000
71625,0.002285447,2.285447,1000
71626,0.002274021,2.274021,1000
71627,0.002131437,2.131437,1000
71628,0.000766548,0.766548,1000
71629,0.001659688,1.659688,1000
71630,0.00057872,0.57872,1000
71631,0.001040399,1.040399,1000
71632,0.000597612,0.597612,1000
71633,0.00154718,1.54718,1000
71634,0.001120065,1.120065,1000
71635,0.002826352,2.826352,1000
71636,0.001042817,1.042817,1000
71637,0.003040488,3.040488,1000
71638,0.00078862,0.78862,1000
71639,0.001085367,1.085367,1000
71640,0.000935513,0.935513,1000
71641,0.000763902,0.763902,1000
71642,0.001168745,1.168745,1000
71643,0.001188891,1.188891,1000
71644,0.000798355,0.798355,1000
71645,0.000790787,0.790787,1000
71646,0.001071105,1.071105,1000
71647,0.000903105,0.903105,1000
71648,0.060111929,60.111929,1000
71649,0.003721964,3.721964,1000
71650,0.00070691,0.70691,1000
71651,0.0009055,0.9055,1000
71652,0.000773789,0.773789,1000
71653,0.000986592,0.986592,1000
71654,0.000960681,0.960681,1000
71655,0.000880969,0.880969,1000
71656,0.002821531,2.821531,1000
71657,0.00057195,0.57195,1000
71658,0.001523648,1.523648,1000
71659,0.001203396,1.203396,1000
71660,0.000803351,0.803351,1000
71661,0.00103168,1.03168,1000
71662,0.001905846,1.905846,1000
71663,0.001361177,1.361177,1000
71664,0.000825966,0.825966,1000
71665,0.000839546,0.839546,1000
71666,0.001050804,1.050804,1000
71667,0.001438897,1.438897,1000
71668,0.006641096,6.641096,1000
71669,0.001633535,1.633535,1000
71670,0.000977668,0.977668,1000
71671,0.000834175,0.834175,1000
71672,0.001071083,1.071083,1000
71673,0.000865144,0.865144,1000
71674,0.000825966,0.825966,1000
71675,0.001385546,1.385546,1000
71676,0.001088611,1.088611,1000
71677,0.001037313,1.037313,1000
71678,0.000869383,0.869383,1000
71679,0.003942244,3.942244,1000
71680,0.008080338,8.080338,1000
71681,0.000963861,0.963861,1000
71682,0.003485229,3.485229,1000
71683,0.000368958,0.368958,1000
71684,0.06457589,64.57589,1000
71685,0.000739022,0.739022,1000
71686,0.000954263,0.954263,1000
71687,0.000556122,0.556122,1000
71688,0.000560479,0.560479,1000
71689,0.001062569,1.062569,1000
71690,0.000705593,0.705593,1000
71691,0.001268915,1.268915,1000
71692,0.000850512,0.850512,1000
71693,0.001038923,1.038923,1000
71694,0.00062122,0.62122,1000
71695,0.001144141,1.144141,1000
71696,0.001950063,1.950063,1000
71697,0.000733162,0.733162,1000
71699,0.0033311,3.3311,1000
71700,0.001400861,1.400861,1000
71701,0.000599784,0.599784,1000
71702,0.001147309,1.147309,1000
71703,0.001573555,1.573555,1000
71704,0.000430041,0.430041,1000
71705,0.001986924,1.986924,1000
71706,0.000693803,0.693803,1000
71707,0.000825966,0.825966,1000
71708,0.000821058,0.821058,1000
71709,0.001153642,1.153642,1000
71710,0.000532091,0.532091,1000
71711,0.00792058,7.92058,1000
71712,0.004629952,4.629952,1000
71713,0.000874474,0.874474,1000
71714,0.000864625,0.864625,1000
71715,0.001547647,1.547647,1000
71716,0.000625136,0.625136,1000
71717,0.000626014,0.626014,1000
71718,0.027888569,27.888569,1000
71719,0.000794893,0.794893,1000
71720,0.001010701,1.010701,1000
71721,0.00098725,0.98725,1000
71722,0.178175645,178.175645,1000
71723,0.001038957,1.038957,1000
71724,0.007981265,7.981265,1000
71725,0.000775278,0.775278,1000
71726,0.008406988,8.406988,1000
71727,0.002705474,2.705474,1000
71728,0.008039635,8.039635,1000
71729,0.000978076,0.978076,1000
71730,0.000767461,0.767461,1000
71731,0.001456359,1.456359,1000
71732,0.000552878,0.552878,1000
71733,0.001042957,1.042957,1000
71734,0.000635087,0.635087,1000
71735,0.001470287,1.470287,1000
71736,0.00097051,0.97051,1000
71737,0.001286166,1.286166,1000
71738,0.001219157,1.219157,1000
71739,0.001202887,1.202887,1000
71740,0.000751941,0.751941,1000
71741,0.000790572,0.790572,1000
71742,0.001007951,1.007951,1000
71743,0.0011411,1.1411,1000
71744,0.000357593,0.357593,1000
71745,0.008413692,8.413692,1000
71746,0.000767766,0.767766,1000
71747,0.001322548,1.322548,1000
71748,0.000638759,0.638759,1000
71749,0.001343645,1.343645,1000
71750,0.000826026,0.826026,1000
71751,0.000758849,0.758849,1000
71752,0.064562328,64.562328,1000
71753,0.00103168,1.03168,1000
71754,0.000785951,0.785951,1000
71755,0.001097456,1.097456,1000
71756,0.000713265,0.713265,1000
71757,0.001168305,1.168305,1000
71758,0.004015758,4.015758,1000
71759,0.000798277,0.798277,1000
71760,0.001385469,1.385469,1000
71761,0.000726663,0.726663,1000
71763,0.001004731,1.004731,1000
71764,0.001017882,1.017882,1000
71765,0.000978076,0.978076,1000
71766,0.000825966,0.825966,1000
71767,0.002769468,2.769468,1000
71768,0.000622505,0.622505,1000
71769,0.000641794,0.641794,1000
71770,0.001018268,1.018268,1000
71771,0.000882214,0.882214,1000
71772,0.000653774,0.653774,1000
71773,0.006052594,6.052594,1000
71774,0.000731498,0.731498,1000
71775,0.002887872,2.887872,1000
71776,0.001385415,1.385415,1000
71777,0.001006227,1.006227,1000
71778,0.001200208,1.200208,1000
71779,0.001062379,1.062379,1000
71780,0.000803211,0.803211,1000
71781,0.00059877,0.59877,1000
71782,0.000849202,0.849202,1000
71783,0.000893946,0.893946,1000
71784,0.00234261,2.34261,1000
71785,0.001187419,1.187419,1000
71786,0.003195173,3.195173,1000
71787,0.002940358,2.940358,1000
71788,0.001420977,1.420977,1000
71789,0.000784557,0.784557,1000
71790,0.004158213,4.158213,1000
71791,0.002280573,2.280573,1000
71792,0.000704415,0.704415,1000
71793,0.000715456,0.715456,1000
71794,0.007605078,7.605078,1000
71795,0.000719371,0.719371,1000
71796,0.001018268,1.018268,1000
71797,0.00081312,0.81312,1000
71798,0.000783777,0.783777,1000
71799,0.001613775,1.613775,1000
71800,0.000783777,0.783777,1000
71801,0.000531643,0.531643,1000
71802,0.00455572,4.55572,1000
71803,0.00078378,0.78378,1000
71804,0.000913962,0.913962,1000
71805,0.001748165,1.748165,1000
71806,0.000813867,0.813867,1000
71807,0.00123329,1.23329,1000
71808,0.000960809,0.960809,1000
71809,0.001536735,1.536735,1000
71810,0.000528046,0.528046,1000
71811,0.000768685,0.768685,1000
71812,0.00081312,0.81312,1000
71813,0.000927663,0.927663,1000
71814,0.000609377,0.609377,1000
71815,0.000953474,0.953474,1000
71816,0.006790964,6.790964,1000
71817,0.001375999,1.375999,1000
71818,0.001397893,1.397893,1000
71819,0.06457589,64.57589,1000
71820,0.015099976,15.099976,1000
71821,0.001505839,1.505839,1000
71822,0.000795305,0.795305,1000
71823,0.001017219,1.017219,1000
71824,0.000696901,0.696901,1000
71825,0.004321194,4.321194,1000
71826,0.001475799,1.475799,1000
71827,0.000387652,0.387652,1000
71828,0.003066093,3.066093,1000
71829,0.000695947,0.695947,1000
71830,0.000520306,0.520306,1000
71831,0.000583545,0.583545,1000
71832,0.000783777,0.783777,1000
71833,0.001042979,1.042979,1000
71834,0.000738262,0.738262,1000
71835,0.001042957,1.042957,1000
71836,0.001020211,1.020211,1000
71837,0.000825966,0.825966,1000
71838,0.002588255,2.588255,1000
71839,0.001746026,1.746026,1000
71840,0.000751977,0.751977,1000
71841,0.000880017,0.880017,1000
71842,0.000518614,0.518614,1000
71843,0.005964962,5.964962,1000
71844,0.000724705,0.724705,1000
71845,0.000551751,0.551751,1000
71846,0.000696661,0.696661,1000
71847,0.000836474,0.836474,1000
71848,0.000508558,0.508558,1000
71849,0.000730499,0.730499,1000
71850,0.001629378,1.629378,1000
71851,0.008015057,8.015057,1000
71852,0.000628528,0.628528,1000
71853,0.00114796,1.14796,1000
71854,0.001167729,1.167729,1000
71855,0.000875027,0.875027,1000
71856,0.000424293,0.424293,1000
71857,0.062559403,62.559403,1000
71858,0.00115367,1.15367,1000
71859,0.001192176,1.192176,1000
71860,0.001992504,1.992504,1000
71861,0.001104592,1.104592,1000
71862,0.000471629,0.471629,1000
71863,0.075089775,75.089775,1000
71864,0.000449657,0.449657,1000
71865,0.000691892,0.691892,1000
71866,0.001456359,1.456359,1000
71867,0.000993186,0.993186,1000
71868,0.002037289,2.037289,1000
71869,0.000953613,0.953613,1000
71870,0.00302033,3.02033,1000
71871,0.000707636,0.707636,1000
71872,0.19459321,194.59321,1000
71873,0.000440492,0.440492,1000
71874,0.001749287,1.749287,1000
71875,0.000876586,0.876586,1000
71876,0.001006165,1.006165,1000
71877,0.002803819,2.803819,1000
71878,0.000926492,0.926492,1000
71879,0.001039508,1.039508,1000
71880,0.000619941,0.619941,1000
71881,0.000399717,0.399717,1000
71882,0.000742326,0.742326,1000
71883,0.00103531,1.03531,1000
71884,0.001264566,1.264566,1000
71885,0.00076521,0.76521,1000
71886,0.001386924,1.386924,1000
71887,0.00086911,0.86911,1000
71888,0.001002329,1.002329,1000
71889,0.000674924,0.674924,1000
71890,0.000918746,0.918746,1000
71891,0.001250967,1.250967,1000
71892,0.000932084,0.932084,1000
71893,0.001195546,1.195546,1000
71894,0.001750714,1.750714,1000
71895,0.001167304,1.167304,1000
71896,0.001044721,1.044721,1000
71897,0.000973107,0.973107,1000
71898,0.000938429,0.938429,1000
71899,0.000746663,0.746663,1000
71900,0.000833696,0.833696,1000
71901,0.001176933,1.176933,1000
71902,0.008074915,8.074915,1000
71903,0.0064842,6.4842,1000
71904,0.00165695,1.65695,1000
71905,0.000857325,0.857325,1000
71906,0.000762175,0.762175,1000
71907,0.0033261,3.3261,1000
71908,0.001042957,1.042957,1000
71909,0.006076857,6.076857,1000
71910,0.000883822,0.883822,1000
71911,0.00228501,2.28501,1000
71912,0.000982787,0.982787,1000
71913,0.000819852,0.819852,1000
71914,0.000534953,0.534953,1000
71915,0.001292392,1.292392,1000
71916,0.002974431,2.974431,1000
71917,0.010369844,10.369844,1000
71918,0.000472726,0.472726,1000
71919,0.000839936,0.839936,1000
71920,0.001314838,1.314838,1000
71921,0.001042957,1.042957,1000
71922,0.001069915,1.069915,1000
71923,0.00172916,1.72916,1000
71924,0.00082575,0.82575,1000
71925,0.000930471,0.930471,1000
71926,0.001200442,1.200442,1000
71927,0.000965633,0.965633,1000
71928,0.000875403,0.875403,1000
71929,0.001055984,1.055984,1000
71930,0.000845587,0.845587,1000
71931,0.000744705,0.744705,1000
71932,0.000577536,0.577536,1000
71933,0.000472468,0.472468,1000
71934,0.000993751,0.993751,1000
71935,0.001197236,1.197236,1000
71936,0.004168145,4.168145,1000
71937,0.000792423,0.792423,1000
71938,0.000602413,0.602413,1000
71939,0.000698557,0.698557,1000
71940,0.000817292,0.817292,1000
71941,0.000988925,0.988925,1000
71942,0.002786117,2.786117,1000
71943,0.001071133,1.071133,1000
71944,0.001097456,1.097456,1000
71945,0.001280613,1.280613,1000
71946,0.009390197,9.390197,1000
71947,0.000795105,0.795105,1000
71948,0.000730827,0.730827,1000
71949,0.000700993,0.700993,1000
71950,0.001550084,1.550084,1000
71951,0.000485471,0.485471,1000
71952,0.000960084,0.960084,1000
71953,0.001344375,1.344375,1000
71954,0.002446377,2.446377,1000
71955,0.00162086,1.62086,1000
71956,0.022718601,22.718601,1000
71957,0.000806392,0.806392,1000
71958,0.000834015,0.834015,1000
71959,0.00081312,0.81312,1000
71960,0.001116622,1.116622,1000
71961,0.000628707,0.628707,1000
71962,0.000568725,0.568725,1000
71963,0.001210505,1.210505,1000
71964,0.001520662,1.520662,1000
71965,0.000845344,0.845344,1000
71966,0.001071083,1.071083,1000
71967,0.000867398,0.867398,1000
71968,0.000782939,0.782939,1000
71969,0.013789507,13.789507,1000
71970,0.001443589,1.443589,1000
71971,0.000952509,0.952509,1000
71972,0.000776244,0.776244,1000
71973,0.001148601,1.148601,1000
71974,0.000300245,0.300245,1000
71975,0.001066765,1.066765,1000
71976,0.000935513,0.935513,1000
71977,0.009533764,9.533764,1000
71978,0.000953613,0.953613,1000
71979,0.000584182,0.584182,1000
71980,0.000993186,0.993186,1000
71981,0.012753291,12.753291,1000
71982,0.001071105,1.071105,1000
71983,0.001681304,1.681304,1000
71984,0.000782611,0.782611,1000
71985,0.000272878,0.272878,1000
71986,0.00132615,1.32615,1000
71987,0.001277363,1.277363,1000
71988,0.001356057,1.356057,1000
71989,0.001231268,1.231268,1000
71990,0.001216576,1.216576,1000
71991,0.001629378,1.629378,1000
71992,0.001486462,1.486462,1000
71993,0.002148603,2.148603,1000
71994,0.00112596,1.12596,1000
71995,0.003706376,3.706376,1000
71996,0.002874377,2.874377,1000
71997,0.000429301,0.429301,1000
71998,0.000369983,0.369983,1000
71999,0.000349771,0.349771,1000
72000,0.000737172,0.737172,1000
72001,0.000813867,0.813867,1000
72002,0.00078378,0.78378,1000
72003,0.001746026,1.746026,1000
72004,0.001071133,1.071133,1000
72005,0.001071083,1.071083,1000
72006,0.000663943,0.663943,1000
72007,0.001323321,1.323321,1000
72008,0.000772579,0.772579,1000
72009,0.000636152,0.636152,1000
72010,0.00064211,0.64211,1000
72011,0.000831085,0.831085,1000
72012,0.000916974,0.916974,1000
72013,0.000634727,0.634727,1000
72014,0.003974383,3.974383,1000
72015,0.001062502,1.062502,1000
72016,0.001545833,1.545833,1000
72017,0.000812819,0.812819,1000
72018,0.0008878,0.8878,1000
72019,0.000934997,0.934997,1000
72020,0.000328809,0.328809,1000
72021,0.001104592,1.104592,1000
72022,0.000260809,0.260809,1000
72023,0.009931607,9.931607,1000
72024,0.000681358,0.681358,1000
72027,0.00163102,1.63102,1000
72028,0.001184955,1.184955,1000
72030,0.001169824,1.169824,1000
72031,0.001044721,1.044721,1000
72032,0.000546267,0.546267,1000
72033,0.002705474,2.705474,1000
72034,0.000961054,0.961054,1000
72035,0.000899158,0.899158,1000
72036,0.071142592,71.142592,1000
72037,0.000783777,0.783777,1000
72038,0.001191676,1.191676,1000
72039,0.003769177,3.769177,1000
72040,0.001014983,1.014983,1000
72041,0.007940963,7.940963,1000
72042,0.00039973,0.39973,1000
72043,0.000589331,0.589331,1000
72044,0.001505839,1.505839,1000
72045,0.000929795,0.929795,1000
72046,0.001042979,1.042979,1000
72047,0.003375048,3.375048,1000
72048,0.000855219,0.855219,1000
72049,0.000800103,0.800103,1000
72050,0.000821888,0.821888,1000
72051,0.000243098,0.243098,1000
72052,0.001522992,1.522992,1000
72053,0.001955114,1.955114,1000
72054,0.001071083,1.071083,1000
72055,0.001300018,1.300018,1000
72056,0.000721897,0.721897,1000
72057,0.000726049,0.726049,1000
72058,0.026714933,26.714933,1000
72059,0.000313391,0.313391,1000
72060,0.002518856,2.518856,1000
72061,0.008201837,8.201837,1000
72062,0.000535785,0.535785,1000
72063,0.002921878,2.921878,1000
72064,0.001774365,1.774365,1000
72065,0.000792631,0.792631,1000
72066,0.000588733,0.588733,1000
72067,0.000670402,0.670402,1000
72068,0.000786317,0.786317,1000
72069,0.000476742,0.476742,1000
72070,0.00068285,0.68285,1000
72071,0.001534423,1.534423,1000
72072,0.001505839,1.505839,1000
72073,0.001164977,1.164977,1000
72074,0.001000921,1.000921,1000
72075,0.000785705,0.785705,1000
72076,0.000781537,0.781537,1000
72077,0.000819283,0.819283,1000
72078,0.001037936,1.037936,1000
72079,0.001032322,1.032322,1000
72080,0.000716943,0.716943,1000
72081,0.000844553,0.844553,1000
72082,0.001665866,1.665866,1000
72083,0.003810943,3.810943,1000
72084,0.002863333,2.863333,1000
72085,0.003971118,3.971118,1000
72086,0.007966995,7.966995,1000
72087,0.002007907,2.007907,1000
72088,0.000633072,0.633072,1000
72089,0.000777241,0.777241,1000
72090,0.001180083,1.180083,1000
72091,0.000587995,0.587995,1000
72092,0.000829258,0.829258,1000
72093,0.000400098,0.400098,1000
72094,0.00076988,0.76988,1000
72095,0.000687537,0.687537,1000
72096,0.000731137,0.731137,1000
72097,0.001008195,1.008195,1000
72098,0.000638367,0.638367,1000
72099,0.002244041,2.244041,1000
72100,0.000710937,0.710937,1000
72101,0.000606555,0.606555,1000
72102,0.003104279,3.104279,1000
72103,0.00043035,0.43035,1000
72104,0.008166761,8.166761,1000
72105,0.001335576,1.335576,1000
72106,0.001339782,1.339782,1000
72107,0.001428267,1.428267,1000
72108,0.000602769,0.602769,1000
72109,0.001389731,1.389731,1000
72110,0.002959472,2.959472,1000
72111,0.000686456,0.686456,1000
72112,0.00103746,1.03746,1000
72113,0.001124571,1.124571,1000
72114,0.001018268,1.018268,1000
72115,0.000874553,0.874553,1000
72116,0.001520309,1.520309,1000
72117,0.001042957,1.042957,1000
72118,0.001286442,1.286442,1000
72119,0.00100261,1.00261,1000
72120,0.001803304,1.803304,1000
72121,0.001071074,1.071074,1000
72122,0.001442162,1.442162,1000
72123,0.004259574,4.259574,1000
72124,0.00390776,3.90776,1000
72125,0.009024507,9.024507,1000
72126,0.000817798,0.817798,1000
72127,0.001084631,1.084631,1000
72128,0.001062519,1.062519,1000
72129,0.001636809,1.636809,1000
72130,0.000956286,0.956286,1000
72131,0.001868702,1.868702,1000
72132,0.000850312,0.850312,1000
72133,0.000804977,0.804977,1000
72134,0.001388892,1.388892,1000
72135,0.001375999,1.375999,1000
72136,0.006198431,6.198431,1000
72137,0.002700787,2.700787,1000
72138,0.000380152,0.380152,1000
72139,0.008128625,8.128625,1000
72140,0.003134899,3.134899,1000
72141,0.002907107,2.907107,1000
72142,0.015943098,15.943098,1000
72143,0.001042381,1.042381,1000
72144,0.000954871,0.954871,1000
72145,0.001354618,1.354618,1000
72146,0.001494401,1.494401,1000
72147,0.016239147,16.239147,1000
72148,0.000670409,0.670409,1000
72149,0.003091935,3.091935,1000
72150,0.002870484,2.870484,1000
72151,0.001519616,1.519616,1000
72152,0.001042957,1.042957,1000
72153,0.001062541,1.062541,1000
72154,0.001548993,1.548993,1000
72155,0.000697987,0.697987,1000
72156,0.001373057,1.373057,1000
72157,0.001448654,1.448654,1000
72158,0.001381621,1.381621,1000
72159,0.000819287,0.819287,1000
72160,0.001102048,1.102048,1000
72161,0.001347703,1.347703,1000
72162,0.000889334,0.889334,1000
72163,0.003018748,3.018748,1000
72164,0.000362388,0.362388,1000
72165,0.001212215,1.212215,1000
72166,0.001669389,1.669389,1000
72167,0.001336371,1.336371,1000
72168,0.001071105,1.071105,1000
72169,0.000721094,0.721094,1000
72170,0.00105043,1.05043,1000
72171,0.001042979,1.042979,1000
72172,0.010425061,10.425061,1000
72173,0.001369533,1.369533,1000
72174,0.001044721,1.044721,1000
72175,0.000820702,0.820702,1000
72176,0.001523648,1.523648,1000
72177,0.000756946,0.756946,1000
72178,0.000839508,0.839508,1000
72179,0.001385415,1.385415,1000
72180,0.000848874,0.848874,1000
72181,0.000730765,0.730765,1000
72182,0.000570016,0.570016,1000
72183,0.00138256,1.38256,1000
72184,0.000593932,0.593932,1000
72185,0.001166456,1.166456,1000
72186,0.000825934,0.825934,1000
72187,0.00104294,1.04294,1000
72188,0.000879848,0.879848,1000
72189,0.000900601,0.900601,1000
72190,0.000715451,0.715451,1000
72191,0.000730404,0.730404,1000
72192,0.001095288,1.095288,1000
72193,0.000727594,0.727594,1000
72194,0.000432987,0.432987,1000
72195,0.003254453,3.254453,1000
72196,0.000373678,0.373678,1000
72197,0.002265292,2.265292,1000
72198,0.000879233,0.879233,1000
72199,0.001071641,1.071641,1000
72200,0.000954326,0.954326,1000
72201,0.00048114,0.48114,1000
72202,0.001090857,1.090857,1000
72203,0.00092803,0.92803,1000
72204,0.001692001,1.692001,1000
72205,0.001020245,1.020245,1000
72206,0.00104294,1.04294,1000
72207,0.002921036,2.921036,1000
72208,0.001202342,1.202342,1000
72209,0.008934973,8.934973,1000
72210,0.000963511,0.963511,1000
72211,0.001520493,1.520493,1000
72212,0.000853855,0.853855,1000
72213,0.000868913,0.868913,1000
72214,0.006022597,6.022597,1000
72215,0.000861592,0.861592,1000
72216,0.0015091,1.5091,1000
72217,0.006276409,6.276409,1000
72218,0.001729521,1.729521,1000
72219,0.001071066,1.071066,1000
72220,0.001342914,1.342914,1000
72221,0.003515453,3.515453,1000
72222,0.001242516,1.242516,1000
72223,0.003475119,3.475119,1000
72224,0.00101079,1.01079,1000
72225,0.001047998,1.047998,1000
72226,0.000409988,0.409988,1000
72227,0.00138256,1.38256,1000
72228,0.001262069,1.262069,1000
72229,0.001044721,1.044721,1000
72230,0.000374087,0.374087,1000
72231,0.001134926,1.134926,1000
72232,0.000831378,0.831378,1000
72233,0.000639455,0.639455,1000
72234,0.001116056,1.116056,1000
72235,0.001071066,1.071066,1000
72236,0.001134483,1.134483,1000
72237,0.003162641,3.162641,1000
72238,0.001246497,1.246497,1000
72239,0.000703643,0.703643,1000
72240,0.018235944,18.235944,1000
72241,0.000793675,0.793675,1000
72242,0.001810129,1.810129,1000
72243,0.000924143,0.924143,1000
72244,0.000614108,0.614108,1000
72245,0.009008793,9.008793,1000
72246,0.001062541,1.062541,1000
72247,0.002921315,2.921315,1000
72248,0.003118304,3.118304,1000
72249,0.001011936,1.011936,1000
72250,0.001108191,1.108191,1000
72251,0.016195462,16.195462,1000
72252,0.003819179,3.819179,1000
72253,0.000350086,0.350086,1000
72254,0.000271748,0.271748,1000
72255,0.231862044,231.862044,1000
72256,0.000773932,0.773932,1000
72257,0.00059453,0.59453,1000
72258,0.000908226,0.908226,1000
72259,0.000707132,0.707132,1000
72260,0.001010807,1.010807,1000
72261,0.003489882,3.489882,1000
72262,0.000783777,0.783777,1000
72263,0.000916856,0.916856,1000
72264,0.000666423,0.666423,1000
72265,0.000803322,0.803322,1000
72266,0.001062658,1.062658,1000
72267,0.000770383,0.770383,1000
72268,0.001006227,1.006227,1000
72269,0.000816479,0.816479,1000
72270,0.001062502,1.062502,1000
72271,0.000857943,0.857943,1000
72272,0.001051699,1.051699,1000
72273,0.000806634,0.806634,1000
72274,0.001137962,1.137962,1000
72275,0.000914156,0.914156,1000
72276,0.000694657,0.694657,1000
72277,0.005158756,5.158756,1000
72278,0.001743478,1.743478,1000
72279,0.000758693,0.758693,1000
72280,0.009251701,9.251701,1000
72281,0.001825268,1.825268,1000
72282,0.001417541,1.417541,1000
72283,0.000774328,0.774328,1000
72284,0.001249267,1.249267,1000
72285,0.000906849,0.906849,1000
72286,0.001000681,1.000681,1000
72287,0.00081312,0.81312,1000
72288,0.000583552,0.583552,1000
72289,0.001804199,1.804199,1000
72290,0.001481473,1.481473,1000
72291,0.001255059,1.255059,1000
72292,0.001062519,1.062519,1000
72293,0.001070943,1.070943,1000
72294,0.000787027,0.787027,1000
72295,0.0007812,0.7812,1000
72296,0.007368203,7.368203,1000
72297,0.002078623,2.078623,1000
72298,0.001082047,1.082047,1000
72299,0.001163809,1.163809,1000
72300,0.001075104,1.075104,1000
72301,0.000702887,0.702887,1000
72302,0.000708086,0.708086,1000
72303,0.000718826,0.718826,1000
72304,0.000770152,0.770152,1000
72305,0.001114356,1.114356,1000
72306,0.001160689,1.160689,1000
72307,0.001329755,1.329755,1000
72308,0.000422129,0.422129,1000
72309,0.001042957,1.042957,1000
72310,0.000653788,0.653788,1000
72311,0.000851146,0.851146,1000
72312,0.001042957,1.042957,1000
72313,0.000862146,0.862146,1000
72314,0.000819849,0.819849,1000
72315,0.001568479,1.568479,1000
72316,0.001071083,1.071083,1000
72317,0.001462858,1.462858,1000
72318,0.000861726,0.861726,1000
72319,0.00067517,0.67517,1000
72320,0.015973929,15.973929,1000
72321,0.002991762,2.991762,1000
72322,0.001142961,1.142961,1000
72323,0.00080711,0.80711,1000
72324,0.008205378,8.205378,1000
72325,0.001548089,1.548089,1000
72326,0.003667201,3.667201,1000
72327,0.00324099,3.24099,1000
72328,0.000756482,0.756482,1000
72329,0.001169966,1.169966,1000
72330,0.000673091,0.673091,1000
72331,0.000961016,0.961016,1000
72332,0.000651287,0.651287,1000
72333,0.001457786,1.457786,1000
72334,0.002902929,2.902929,1000
72335,0.00073219,0.73219,1000
72336,0.002705474,2.705474,1000
72337,0.000725019,0.725019,1000
72338,0.01225024,12.25024,1000
72339,0.000711021,0.711021,1000
72340,0.000506918,0.506918,1000
72341,0.001071105,1.071105,1000
72342,0.000965241,0.965241,1000
72343,0.000946957,0.946957,1000
72344,0.000761416,0.761416,1000
72345,0.000612704,0.612704,1000
72346,0.002812047,2.812047,1000
72347,0.0018548,1.8548,1000
72348,0.004230547,4.230547,1000
72349,0.038217188,38.217188,1000
72350,0.001244335,1.244335,1000
72351,0.001006227,1.006227,1000
72352,0.000368446,0.368446,1000
72353,0.000951906,0.951906,1000
72354,0.000677744,0.677744,1000
72355,0.001484246,1.484246,1000
72356,0.009285852,9.285852,1000
72357,0.001159397,1.159397,1000
72358,0.001105937,1.105937,1000
72359,0.06457589,64.57589,1000
72360,0.007322131,7.322131,1000
72361,0.000514457,0.514457,1000
72362,0.01616881,16.16881,1000
72363,0.000898989,0.898989,1000
72364,0.00805084,8.05084,1000
72365,0.001309828,1.309828,1000
72366,0.001187419,1.187419,1000
72367,0.000919093,0.919093,1000
72368,0.001015988,1.015988,1000
72369,0.001071105,1.071105,1000
72370,0.001612347,1.612347,1000
72371,0.001225214,1.225214,1000
72372,0.008782085,8.782085,1000
72373,0.00522839,5.22839,1000
72374,0.005751029,5.751029,1000
72375,0.000680689,0.680689,1000
72376,0.000775838,0.775838,1000
72377,0.154809337,154.809337,1000
72378,0.001238449,1.238449,1000
72379,0.061147171,61.147171,1000
72380,0.000622892,0.622892,1000
72381,0.000617451,0.617451,1000
72382,0.000673153,0.673153,1000
72383,0.00091124,0.91124,1000
72384,0.001186742,1.186742,1000
72385,0.000855516,0.855516,1000
72386,0.001104592,1.104592,1000
72387,0.000766307,0.766307,1000
72388,0.001525076,1.525076,1000
72389,0.000987802,0.987802,1000
72390,0.000923364,0.923364,1000
72391,0.001216101,1.216101,1000
72392,0.000866049,0.866049,1000
72393,0.002909808,2.909808,1000
72394,0.000674488,0.674488,1000
72395,0.000701253,0.701253,1000
72396,0.000954534,0.954534,1000
72397,0.000770215,0.770215,1000
72398,0.001071083,1.071083,1000
72399,0.000637606,0.637606,1000
72400,0.000553697,0.553697,1000
72401,0.001284429,1.284429,1000
72402,0.001251909,1.251909,1000
72403,0.000848933,0.848933,1000
72404,0.001095288,1.095288,1000
72405,0.000999163,0.999163,1000
72406,0.001221487,1.221487,1000
72407,0.000551847,0.551847,1000
72408,0.000824566,0.824566,1000
72409,0.000762367,0.762367,1000
72410,0.00115367,1.15367,1000
72411,0.00174529,1.74529,1000
72412,0.003777354,3.777354,1000
72413,0.001231268,1.231268,1000
72414,0.001105937,1.105937,1000
72415,0.000908717,0.908717,1000
72416,0.022387748,22.387748,1000
72417,0.000806106,0.806106,1000
72418,0.000664438,0.664438,1000
72419,0.002933577,2.933577,1000
72420,0.00089466,0.89466,1000
72421,0.003901395,3.901395,1000
72422,0.248168956,248.168956,1000
72423,0.021037093,21.037093,1000
72424,0.000437848,0.437848,1000
72425,0.005317894,5.317894,1000
72426,0.001131756,1.131756,1000
72427,0.002835152,2.835152,1000
72428,0.001432543,1.432543,1000
72429,0.000823681,0.823681,1000
72430,0.000632165,0.632165,1000
72431,0.000834547,0.834547,1000
72432,0.01227739,12.27739,1000
72433,0.000363089,0.363089,1000
72434,0.001624985,1.624985,1000
72435,0.001352393,1.352393,1000
72436,0.008131836,8.131836,1000
72437,0.000975716,0.975716,1000
72438,0.008203791,8.203791,1000
72439,0.002947576,2.947576,1000
72440,0.001071066,1.071066,1000
72441,0.00817345,8.17345,1000
72442,0.000993186,0.993186,1000
72443,0.008094803,8.094803,1000
72444,0.00826016,8.26016,1000
72445,0.007917371,7.917371,1000
72446,0.000970875,0.970875,1000
72447,0.141993255,141.993255,1000
72448,0.001042957,1.042957,1000
72449,0.000993186,0.993186,1000
72450,0.003101892,3.101892,1000
72451,0.001160756,1.160756,1000
72452,0.001546099,1.546099,1000
72453,0.001041789,1.041789,1000
72454,0.001621932,1.621932,1000
72455,0.003420933,3.420933,1000
72456,0.000864606,0.864606,1000
72457,0.000609662,0.609662,1000
72458,0.001161662,1.161662,1000
72459,0.000973428,0.973428,1000
72460,0.000898222,0.898222,1000
72461,0.000905586,0.905586,1000
72462,0.000946783,0.946783,1000
72463,0.001679779,1.679779,1000
72464,0.309434582,309.434582,1000
72465,0.000763522,0.763522,1000
72466,0.000923692,0.923692,1000
72467,0.000611033,0.611033,1000
72468,0.000761378,0.761378,1000
72469,0.00057157,0.57157,1000
72470,0.001219505,1.219505,1000
72471,0.001132731,1.132731,1000
72472,0.003755952,3.755952,1000
72473,0.001370657,1.370657,1000
72474,0.001925744,1.925744,1000
72475,0.00280319,2.80319,1000
72476,0.000798116,0.798116,1000
72477,0.000904246,0.904246,1000
72478,0.001071083,1.071083,1000
72479,0.00076155,0.76155,1000
72480,0.000993186,0.993186,1000
72481,0.000865531,0.865531,1000
72482,0.00124302,1.24302,1000
72483,0.000971319,0.971319,1000
72484,0.013034618,13.034618,1000
72485,0.000828628,0.828628,1000
72486,0.001510527,1.510527,1000
72487,0.000797924,0.797924,1000
72488,0.000361218,0.361218,1000
72489,0.000640033,0.640033,1000
72490,0.000729924,0.729924,1000
72491,0.000471813,0.471813,1000
72492,0.001062519,1.062519,1000
72493,0.00149761,1.49761,1000
72494,0.000798408,0.798408,1000
72495,0.000311309,0.311309,1000
72496,0.000471675,0.471675,1000
72497,0.001273725,1.273725,1000
72498,0.000976376,0.976376,1000
72499,0.001300797,1.300797,1000
72500,0.00103168,1.03168,1000
72501,0.001633611,1.633611,1000
72502,0.004388993,4.388993,1000
72503,0.000811425,0.811425,1000
72504,0.000656939,0.656939,1000
72505,0.002498092,2.498092,1000
72506,0.00112596,1.12596,1000
72507,0.001796661,1.796661,1000
72508,0.002207267,2.207267,1000
72509,0.000671625,0.671625,1000
72510,0.000795935,0.795935,1000
72511,0.000959521,0.959521,1000
72512,0.000795546,0.795546,1000
72513,0.000847082,0.847082,1000
72514,0.000850396,0.850396,1000
72515,0.000868532,0.868532,1000
72516,0.001633535,1.633535,1000
72517,0.003071475,3.071475,1000
72518,0.001228364,1.228364,1000
72519,0.06457915,64.57915,1000
72520,0.001044721,1.044721,1000
72521,0.001502355,1.502355,1000
72522,0.001555514,1.555514,1000
72523,0.000564616,0.564616,1000
72524,0.000878135,0.878135,1000
72525,0.000927134,0.927134,1000
72526,0.001164551,1.164551,1000
72527,0.000811955,0.811955,1000
72528,0.001376094,1.376094,1000
72529,0.000780803,0.780803,1000
72530,0.003187664,3.187664,1000
72531,0.001045276,1.045276,1000
72532,0.000912785,0.912785,1000
72533,0.001309828,1.309828,1000
72534,0.000646336,0.646336,1000
72535,0.002771339,2.771339,1000
72536,0.008061775,8.061775,1000
72537,0.002375826,2.375826,1000
72538,0.02862985,28.62985,1000
72539,0.001172525,1.172525,1000
72540,0.00098284,0.98284,1000
72541,0.001963931,1.963931,1000
72542,0.001037387,1.037387,1000
72543,0.000783777,0.783777,1000
72544,0.001225828,1.225828,1000
72545,0.001243912,1.243912,1000
72546,0.001681926,1.681926,1000
72547,0.00064512,0.64512,1000
72548,0.000803146,0.803146,1000
72549,0.000606517,0.606517,1000
72550,0.003596952,3.596952,1000
72551,0.003096373,3.096373,1000
72552,0.002229378,2.229378,1000
72553,0.001749287,1.749287,1000
72554,0.000840515,0.840515,1000
72555,0.000619116,0.619116,1000
72556,0.000435458,0.435458,1000
72557,0.00091106,0.91106,1000
72558,0.005783285,5.783285,1000
72559,0.015893236,15.893236,1000
72560,0.000923271,0.923271,1000
72561,0.003473813,3.473813,1000
72562,0.001314482,1.314482,1000
72563,0.001220518,1.220518,1000
72564,0.001243804,1.243804,1000
72565,0.001023212,1.023212,1000
72566,0.001505839,1.505839,1000
72567,0.001043273,1.043273,1000
72568,0.001139001,1.139001,1000
72569,0.001146941,1.146941,1000
72570,0.000704552,0.704552,1000
72571,0.000572518,0.572518,1000
72572,0.002700787,2.700787,1000
72573,0.00104294,1.04294,1000
72574,0.006921844,6.921844,1000
72575,0.000931999,0.931999,1000
72576,0.000784595,0.784595,1000
72577,0.000849206,0.849206,1000
72578,0.062638813,62.638813,1000
72579,0.003695405,3.695405,1000
72580,0.001717017,1.717017,1000
72581,0.004586717,4.586717,1000
72582,0.000781459,0.781459,1000
72583,0.001411439,1.411439,1000
72584,0.00094354,0.94354,1000
72585,0.001980496,1.980496,1000
72586,0.009025686,9.025686,1000
72587,0.001231114,1.231114,1000
72588,0.010397075,10.397075,1000
72589,0.000691267,0.691267,1000
72590,0.000963771,0.963771,1000
72591,0.001624543,1.624543,1000
72592,0.101409909,101.409909,1000
72593,0.056256379,56.256379,1000
72594,0.001230204,1.230204,1000
72595,0.000900299,0.900299,1000
72596,0.000410079,0.410079,1000
72597,0.003195884,3.195884,1000
72598,0.001349175,1.349175,1000
72599,0.00686235,6.86235,1000
72600,0.000657945,0.657945,1000
72601,0.008667922,8.667922,1000
72602,0.001505839,1.505839,1000
72603,0.000866391,0.866391,1000
72604,0.002639345,2.639345,1000
72605,0.002989609,2.989609,1000
72606,0.001159882,1.159882,1000
72607,0.001042979,1.042979,1000
72608,0.002660183,2.660183,1000
72609,0.00153765,1.53765,1000
72610,0.001134352,1.134352,1000
72611,0.005536006,5.536006,1000
72612,0.000508867,0.508867,1000
72613,0.00157591,1.57591,1000
72614,0.001089797,1.089797,1000
72615,0.002321947,2.321947,1000
72616,0.002575938,2.575938,1000
72617,0.000856637,0.856637,1000
72618,0.000984897,0.984897,1000
72619,0.002898495,2.898495,1000
72620,0.000723855,0.723855,1000
72621,0.000992853,0.992853,1000
72622,0.000768039,0.768039,1000
72623,0.003911366,3.911366,1000
72624,0.000778305,0.778305,1000
72625,0.00093264,0.93264,1000
72626,0.001038733,1.038733,1000
72627,0.002474365,2.474365,1000
72628,0.016813656,16.813656,1000
72629,0.000840843,0.840843,1000
72630,0.005774783,5.774783,1000
72631,0.008355235,8.355235,1000
72632,0.000299987,0.299987,1000
72633,0.00114796,1.14796,1000
72634,0.026376879,26.376879,1000
72635,0.000792152,0.792152,1000
72636,0.000809407,0.809407,1000
72637,0.000681496,0.681496,1000
72638,0.000553851,0.553851,1000
72639,0.001505839,1.505839,1000
72640,0.000706384,0.706384,1000
72641,0.003414406,3.414406,1000
72642,0.000782405,0.782405,1000
72643,0.000700095,0.700095,1000
72644,0.003280152,3.280152,1000
72645,0.001186718,1.186718,1000
72646,0.001749287,1.749287,1000
72647,0.001360677,1.360677,1000
72648,0.001515315,1.515315,1000
72649,0.000949916,0.949916,1000
72650,0.000956262,0.956262,1000
72651,0.005080644,5.080644,1000
72652,0.000604687,0.604687,1000
72653,0.002007642,2.007642,1000
72654,0.001349213,1.349213,1000
72655,0.001097456,1.097456,1000
72656,0.000385521,0.385521,1000
72657,0.001750714,1.750714,1000
72658,0.000612447,0.612447,1000
72659,0.001523753,1.523753,1000
72660,0.000471869,0.471869,1000
72661,0.000725341,0.725341,1000
72662,0.000755526,0.755526,1000
72663,0.000719409,0.719409,1000
72664,0.001749287,1.749287,1000
72665,0.002888977,2.888977,1000
72666,0.003069958,3.069958,1000
72667,0.004110327,4.110327,1000
72668,0.000518304,0.518304,1000
72669,0.001749287,1.749287,1000
72670,0.002704047,2.704047,1000
72671,0.003340629,3.340629,1000
72672,0.001095822,1.095822,1000
72673,0.000716064,0.716064,1000
72674,0.000436155,0.436155,1000
72675,0.001750714,1.750714,1000
72676,0.000769526,0.769526,1000
72677,0.000848783,0.848783,1000
72678,0.00050869,0.50869,1000
72679,0.00117837,1.17837,1000
72680,0.001451096,1.451096,1000
72681,0.001487009,1.487009,1000
72682,0.000746207,0.746207,1000
72683,0.001100026,1.100026,1000
72684,0.002942844,2.942844,1000
72685,0.001457786,1.457786,1000
72686,0.000856008,0.856008,1000
72687,0.004011177,4.011177,1000
72688,0.000630966,0.630966,1000
72689,0.000981465,0.981465,1000
72690,0.000783777,0.783777,1000
72691,0.001097456,1.097456,1000
72692,0.00138239,1.38239,1000
72693,0.001071133,1.071133,1000
72694,0.000945032,0.945032,1000
72695,0.00137604,1.37604,1000
72696,0.000764968,0.764968,1000
72697,0.001753681,1.753681,1000
72698,0.000499238,0.499238,1000
72699,0.002700875,2.700875,1000
72700,0.000761952,0.761952,1000
72701,0.000822319,0.822319,1000
72702,0.06457589,64.57589,1000
72703,0.006703721,6.703721,1000
72704,0.001061351,1.061351,1000
72705,0.000813406,0.813406,1000
72706,0.000842266,0.842266,1000
72707,0.000813867,0.813867,1000
72708,0.000579293,0.579293,1000
72709,0.000780803,0.780803,1000
72710,0.003058559,3.058559,1000
72711,0.001134926,1.134926,1000
72712,0.000645627,0.645627,1000
72713,0.001071105,1.071105,1000
72714,0.006926105,6.926105,1000
72715,0.000920443,0.920443,1000
72716,0.001062379,1.062379,1000
72717,0.006258108,6.258108,1000
72718,0.001454237,1.454237,1000
72719,0.000678173,0.678173,1000
72720,0.001062502,1.062502,1000
72721,0.000839156,0.839156,1000
72722,0.000345543,0.345543,1000
72723,0.000333737,0.333737,1000
72724,0.000448689,0.448689,1000
72725,0.001042957,1.042957,1000
72726,0.000444543,0.444543,1000
72727,0.0007726,0.7726,1000
72728,0.001057135,1.057135,1000
72729,0.002342599,2.342599,1000
72730,0.000911928,0.911928,1000
72731,0.010663993,10.663993,1000
72732,0.00212687,2.12687,1000
72733,0.006998227,6.998227,1000
72734,0.001011936,1.011936,1000
72735,0.001733211,1.733211,1000
72736,0.002975836,2.975836,1000
72737,0.000633101,0.633101,1000
72738,0.002706911,2.706911,1000
72739,0.000633593,0.633593,1000
72740,0.003022464,3.022464,1000
72741,0.001596857,1.596857,1000
72742,0.000960618,0.960618,1000
72743,0.000421629,0.421629,1000
72744,0.000663214,0.663214,1000
72745,0.002791511,2.791511,1000
72746,0.00114689,1.14689,1000
72747,0.000604696,0.604696,1000
72748,0.001062541,1.062541,1000
72749,0.001111977,1.111977,1000
72750,0.001505839,1.505839,1000
72751,0.000825966,0.825966,1000
72752,0.001385415,1.385415,1000
72753,0.001977469,1.977469,1000
72754,0.0005928,0.5928,1000
72755,0.000846659,0.846659,1000
72756,0.001141795,1.141795,1000
72757,0.000609004,0.609004,1000
72758,0.001575771,1.575771,1000
72759,0.000665988,0.665988,1000
72760,0.000523314,0.523314,1000
72761,0.007453733,7.453733,1000
72762,0.001055099,1.055099,1000
72763,0.00097808,0.97808,1000
72764,0.000948918,0.948918,1000
72765,0.001700601,1.700601,1000
72766,0.000689908,0.689908,1000
72767,0.001088653,1.088653,1000
72768,0.00101398,1.01398,1000
72769,0.000962869,0.962869,1000
72770,0.001450195,1.450195,1000
72771,0.001001139,1.001139,1000
72772,0.001062519,1.062519,1000
72773,0.000695024,0.695024,1000
72774,0.000373402,0.373402,1000
72775,0.001746026,1.746026,1000
72776,0.002731275,2.731275,1000
72777,0.004822653,4.822653,1000
72778,0.001039669,1.039669,1000
72779,0.017160655,17.160655,1000
72780,0.001063424,1.063424,1000
72781,0.000845857,0.845857,1000
72782,0.001365081,1.365081,1000
72783,0.000921575,0.921575,1000
72784,0.001460524,1.460524,1000
72785,0.000860503,0.860503,1000
72786,0.000813123,0.813123,1000
72787,0.00082893,0.82893,1000
72788,0.000810113,0.810113,1000
72789,0.003682155,3.682155,1000
72790,0.000655156,0.655156,1000
72791,0.03447892,34.47892,1000
72792,0.00115367,1.15367,1000
72793,0.000378395,0.378395,1000
72794,0.00816253,8.16253,1000
72795,0.001448967,1.448967,1000
72796,0.001656285,1.656285,1000
72797,0.000903779,0.903779,1000
72798,0.001071105,1.071105,1000
72799,0.000820045,0.820045,1000
72800,0.001364684,1.364684,1000
72801,0.001032487,1.032487,1000
72802,0.000512156,0.512156,1000
72803,0.000726006,0.726006,1000
72804,0.001038242,1.038242,1000
72805,0.002837935,2.837935,1000
72806,0.001062519,1.062519,1000
72807,0.001061707,1.061707,1000
72808,0.006496718,6.496718,1000
72809,0.00137236,1.37236,1000
72810,0.000904815,0.904815,1000
72811,0.013135927,13.135927,1000
72812,0.001313098,1.313098,1000
72813,0.000677984,0.677984,1000
72814,0.003912334,3.912334,1000
72815,0.000863748,0.863748,1000
72816,0.001637817,1.637817,1000
72817,0.000589576,0.589576,1000
72818,0.000988611,0.988611,1000
72819,0.000973905,0.973905,1000
72820,0.00059341,0.59341,1000
72821,0.001091954,1.091954,1000
72822,0.002549239,2.549239,1000
72823,0.001099781,1.099781,1000
72824,0.064543003,64.543003,1000
72825,0.002137027,2.137027,1000
72826,0.000677262,0.677262,1000
72827,0.000678753,0.678753,1000
72828,0.000298091,0.298091,1000
72829,0.000908391,0.908391,1000
72830,0.012295004,12.295004,1000
72831,0.000688824,0.688824,1000
72832,0.000707824,0.707824,1000
72833,0.00153175,1.53175,1000
72834,0.006173291,6.173291,1000
72835,0.00079064,0.79064,1000
72836,0.000770868,0.770868,1000
72837,0.000887288,0.887288,1000
72838,0.001152443,1.152443,1000
72839,0.001000921,1.000921,1000
72840,0.00162638,1.62638,1000
72841,0.008396397,8.396397,1000
72842,0.000581146,0.581146,1000
72843,0.001114045,1.114045,1000
72844,0.012641339,12.641339,1000
72845,0.001071066,1.071066,1000
72846,0.007200086,7.200086,1000
72847,0.000584303,0.584303,1000
72848,0.001158069,1.158069,1000
72849,0.000872643,0.872643,1000
72850,0.00104294,1.04294,1000
72851,0.001159722,1.159722,1000
72852,0.001523648,1.523648,1000
72853,0.001099781,1.099781,1000
72854,0.000835803,0.835803,1000
72855,0.006830035,6.830035,1000
72856,0.000755546,0.755546,1000
72857,0.000859036,0.859036,1000
72858,0.001854658,1.854658,1000
72859,0.001107598,1.107598,1000
72860,0.00065465,0.65465,1000
72861,0.001097456,1.097456,1000
72862,0.001062519,1.062519,1000
72863,0.000795512,0.795512,1000
72864,0.147569499,147.569499,1000
72865,0.009075176,9.075176,1000
72866,0.001432862,1.432862,1000
72867,0.013194441,13.194441,1000
72868,0.00073511,0.73511,1000
72869,0.000307809,0.307809,1000
72870,0.000772787,0.772787,1000
72871,0.003056553,3.056553,1000
72872,0.001042979,1.042979,1000
72873,0.001311921,1.311921,1000
72874,0.001523648,1.523648,1000
72875,0.001141178,1.141178,1000
72876,0.002042122,2.042122,1000
72877,0.000847875,0.847875,1000
72878,0.002828752,2.828752,1000
72879,0.001464344,1.464344,1000
72880,0.001369774,1.369774,1000
72881,0.000801904,0.801904,1000
72882,0.00090718,0.90718,1000
72883,0.001059799,1.059799,1000
72884,0.000882786,0.882786,1000
72885,0.00081312,0.81312,1000
72886,0.001482891,1.482891,1000
72887,0.00203045,2.03045,1000
72888,0.001445415,1.445415,1000
72889,0.000683419,0.683419,1000
72890,0.002204438,2.204438,1000
72891,0.003220087,3.220087,1000
72892,0.000799245,0.799245,1000
72893,0.000915178,0.915178,1000
72894,0.000573725,0.573725,1000
72895,0.000614547,0.614547,1000
72896,0.001286202,1.286202,1000
72897,0.00081881,0.81881,1000
72898,0.003557111,3.557111,1000
72899,0.000521518,0.521518,1000
72900,0.001366266,1.366266,1000
72901,0.00046049,0.46049,1000
72902,0.000892347,0.892347,1000
72903,0.017686174,17.686174,1000
72904,0.002736717,2.736717,1000
72905,0.000457731,0.457731,1000
72906,0.00125294,1.25294,1000
72908,0.000592927,0.592927,1000
72909,0.004900742,4.900742,1000
72910,0.000493064,0.493064,1000
72911,0.000683062,0.683062,1000
72912,0.000593956,0.593956,1000
72913,0.002725057,2.725057,1000
72914,0.002553801,2.553801,1000
72915,0.001625641,1.625641,1000
72916,0.000852424,0.852424,1000
72917,0.000795512,0.795512,1000
72918,0.003351279,3.351279,1000
72919,0.001162015,1.162015,1000
72920,0.001255314,1.255314,1000
72921,0.001062519,1.062519,1000
72922,0.00123555,1.23555,1000
72923,0.000849862,0.849862,1000
72924,0.000896049,0.896049,1000
72925,0.000719185,0.719185,1000
72926,0.001335128,1.335128,1000
72927,0.003344323,3.344323,1000
72928,0.017452239,17.452239,1000
72929,0.000248684,0.248684,1000
72930,0.001549696,1.549696,1000
72931,0.001149667,1.149667,1000
72932,0.000781718,0.781718,1000
72933,0.000643841,0.643841,1000
72934,0.001239597,1.239597,1000
72935,0.002732188,2.732188,1000
72936,0.001042957,1.042957,1000
72937,0.000626025,0.626025,1000
72938,0.000887185,0.887185,1000
72939,0.00033709,0.33709,1000
72940,0.000667628,0.667628,1000
72941,0.000953613,0.953613,1000
72942,0.001071066,1.071066,1000
72943,0.001334072,1.334072,1000
72944,0.003458259,3.458259,1000
72945,0.000746206,0.746206,1000
72946,0.001139436,1.139436,1000
72947,0.00323102,3.23102,1000
72948,0.001523885,1.523885,1000
72949,0.000593869,0.593869,1000
72950,0.000622543,0.622543,1000
72951,0.000596393,0.596393,1000
72952,0.000822982,0.822982,1000
72953,0.000905193,0.905193,1000
72954,0.001693982,1.693982,1000
72955,0.001491057,1.491057,1000
72956,0.000353958,0.353958,1000
72957,0.00138101,1.38101,1000
72958,0.000503606,0.503606,1000
72959,0.00133325,1.33325,1000
72960,0.0015091,1.5091,1000
72961,0.000492982,0.492982,1000
72962,0.001081388,1.081388,1000
72963,0.00167435,1.67435,1000
72964,0.000377589,0.377589,1000
72965,0.00086139,0.86139,1000
72966,0.001134483,1.134483,1000
72967,0.000954263,0.954263,1000
72968,0.000898779,0.898779,1000
72969,0.001062502,1.062502,1000
72970,0.001315818,1.315818,1000
72971,0.000561665,0.561665,1000
72972,0.001152123,1.152123,1000
72973,0.000907177,0.907177,1000
72974,0.000458605,0.458605,1000
72975,0.000937179,0.937179,1000
72976,0.001707242,1.707242,1000
72977,0.595286263,595.286263,1000
72978,0.008144111,8.144111,1000
72979,0.000887211,0.887211,1000
72980,0.000655997,0.655997,1000
72981,0.002879623,2.879623,1000
72982,0.001062519,1.062519,1000
72983,0.001041469,1.041469,1000
72984,0.001088611,1.088611,1000
72985,0.001211468,1.211468,1000
72986,0.000799301,0.799301,1000
72987,0.003013034,3.013034,1000
72988,0.000704467,0.704467,1000
72989,0.001011936,1.011936,1000
72990,0.000783777,0.783777,1000
72991,0.002564912,2.564912,1000
72992,0.00028541,0.28541,1000
72993,0.001223117,1.223117,1000
72994,0.00072733,0.72733,1000
72995,0.000768268,0.768268,1000
72996,0.003350327,3.350327,1000
72997,0.001042805,1.042805,1000
72998,0.001037851,1.037851,1000
72999,0.001071066,1.071066,1000
73000,0.000593956,0.593956,1000
73001,0.00196572,1.96572,1000
73002,0.001109143,1.109143,1000
73003,0.000960809,0.960809,1000
73004,0.001523648,1.523648,1000
73005,0.000422972,0.422972,1000
73006,0.00136015,1.36015,1000
73007,0.000768225,0.768225,1000
73008,0.00132328,1.32328,1000
73009,0.00116871,1.16871,1000
73010,0.002826724,2.826724,1000
73011,0.012531591,12.531591,1000
73012,0.002951911,2.951911,1000
73013,0.001071105,1.071105,1000
73014,0.001012805,1.012805,1000
73015,0.001505839,1.505839,1000
73016,0.000904218,0.904218,1000
73017,0.001821889,1.821889,1000
73018,0.001062569,1.062569,1000
73019,0.001062379,1.062379,1000
73020,0.00081312,0.81312,1000
73021,0.001099195,1.099195,1000
73022,0.001229941,1.229941,1000
73023,0.001042957,1.042957,1000
73024,0.000340947,0.340947,1000
73025,0.001196943,1.196943,1000
73026,0.001153092,1.153092,1000
73027,0.001062502,1.062502,1000
73028,0.000641938,0.641938,1000
73029,0.000679735,0.679735,1000
73030,0.014126379,14.126379,1000
73031,0.006083439,6.083439,1000
73032,0.000524744,0.524744,1000
73033,0.006639573,6.639573,1000
73034,0.000590378,0.590378,1000
73035,0.001214134,1.214134,1000
73036,0.000779457,0.779457,1000
73037,0.001151154,1.151154,1000
73038,0.001341224,1.341224,1000
73039,0.000930162,0.930162,1000
73040,0.000329367,0.329367,1000
73041,0.000890003,0.890003,1000
73042,0.001080926,1.080926,1000
73043,0.000957096,0.957096,1000
73044,0.000911282,0.911282,1000
73045,0.001018248,1.018248,1000
73046,0.001024048,1.024048,1000
73047,0.000564635,0.564635,1000
73048,0.018654223,18.654223,1000
73049,0.004959082,4.959082,1000
73050,0.002363701,2.363701,1000
73051,0.00108188,1.08188,1000
73052,0.000854407,0.854407,1000
73053,0.000594808,0.594808,1000
73054,0.008270684,8.270684,1000
73055,0.001749287,1.749287,1000
73056,0.00104294,1.04294,1000
73057,0.000793758,0.793758,1000
73058,0.001042957,1.042957,1000
73059,0.000466946,0.466946,1000
73060,0.002779242,2.779242,1000
73061,0.007873382,7.873382,1000
73062,0.001035653,1.035653,1000
73063,0.001084165,1.084165,1000
73064,0.002638972,2.638972,1000
73065,0.001104592,1.104592,1000
73066,0.056337808,56.337808,1000
73067,0.001244047,1.244047,1000
73068,0.000831205,0.831205,1000
73069,0.002997243,2.997243,1000
73070,0.001825353,1.825353,1000
73071,0.001260194,1.260194,1000
73072,0.011602266,11.602266,1000
73073,0.000587192,0.587192,1000
73074,0.001523648,1.523648,1000
73075,0.001523569,1.523569,1000
73076,0.000882371,0.882371,1000
73077,0.00087322,0.87322,1000
73078,0.00058928,0.58928,1000
73079,0.011441639,11.441639,1000
73080,0.001710813,1.710813,1000
73081,0.008368014,8.368014,1000
73082,0.000845045,0.845045,1000
73083,0.001019495,1.019495,1000
73084,0.001026647,1.026647,1000
73085,0.001144266,1.144266,1000
73086,0.000911681,0.911681,1000
73087,0.000686569,0.686569,1000
73088,0.00069763,0.69763,1000
73089,0.00148147,1.48147,1000
73090,0.00105014,1.05014,1000
73091,0.001867599,1.867599,1000
73092,0.000833091,0.833091,1000
73093,0.001092224,1.092224,1000
73094,0.001188395,1.188395,1000
73095,0.00078378,0.78378,1000
73096,0.000813123,0.813123,1000
73097,0.005655558,5.655558,1000
73098,0.000569556,0.569556,1000
73099,0.005690365,5.690365,1000
73100,0.001062519,1.062519,1000
73101,0.001121696,1.121696,1000
73102,0.001000921,1.000921,1000
73103,0.001457786,1.457786,1000
73104,0.000592857,0.592857,1000
73105,0.000798548,0.798548,1000
73106,0.001062519,1.062519,1000
73107,0.000570669,0.570669,1000
73108,0.00081312,0.81312,1000
73109,0.002454087,2.454087,1000
73110,0.000694543,0.694543,1000
73111,0.068119903,68.119903,1000
73112,0.002262018,2.262018,1000
73113,0.001131756,1.131756,1000
73114,0.000568723,0.568723,1000
73115,0.000802985,0.802985,1000
73116,0.001506826,1.506826,1000
73117,0.06457589,64.57589,1000
73118,0.001510527,1.510527,1000
73119,0.000910722,0.910722,1000
73120,0.00131992,1.31992,1000
73121,0.001329302,1.329302,1000
73122,0.000529659,0.529659,1000
73123,0.000474091,0.474091,1000
73124,0.00057219,0.57219,1000
73125,0.001081154,1.081154,1000
73126,0.000981935,0.981935,1000
73127,0.001510527,1.510527,1000
73128,0.000451048,0.451048,1000
73129,0.001055984,1.055984,1000
73130,0.001334149,1.334149,1000
73131,0.005719053,5.719053,1000
73132,0.00230729,2.30729,1000
73133,0.001018717,1.018717,1000
73134,0.000919485,0.919485,1000
73135,0.00079031,0.79031,1000
73136,0.001376715,1.376715,1000
73137,0.001011536,1.011536,1000
73138,0.000715262,0.715262,1000
73139,0.001039418,1.039418,1000
73140,0.000937396,0.937396,1000
73141,0.003305444,3.305444,1000
73142,0.00114796,1.14796,1000
73143,0.001071074,1.071074,1000
73144,0.001794936,1.794936,1000
73145,0.004754126,4.754126,1000
73146,0.000983792,0.983792,1000
73147,0.001096003,1.096003,1000
73148,0.070271377,70.271377,1000
73149,0.0018238,1.8238,1000
73150,0.000650603,0.650603,1000
73151,0.002852982,2.852982,1000
73152,0.000781718,0.781718,1000
73153,0.001468353,1.468353,1000
73154,0.001520662,1.520662,1000
73155,0.001222601,1.222601,1000
73156,0.005676585,5.676585,1000
73157,0.000373075,0.373075,1000
73158,0.000949322,0.949322,1000
73159,0.002983733,2.983733,1000
73160,0.00052973,0.52973,1000
73161,0.001115427,1.115427,1000
73162,0.000813867,0.813867,1000
73163,0.00080465,0.80465,1000
73164,0.00113232,1.13232,1000
73165,0.00081312,0.81312,1000
73166,0.000783777,0.783777,1000
73167,0.003118513,3.118513,1000
73168,0.000771409,0.771409,1000
73169,0.001556529,1.556529,1000
73170,0.000703993,0.703993,1000
73171,0.00081312,0.81312,1000
73172,0.00031524,0.31524,1000
73173,0.006669725,6.669725,1000
73174,0.00118789,1.18789,1000
73175,0.000924992,0.924992,1000
73176,0.00117751,1.17751,1000
73177,0.001757599,1.757599,1000
73178,0.000860224,0.860224,1000
73179,0.00081101,0.81101,1000
73180,0.000789119,0.789119,1000
73181,0.00537172,5.37172,1000
73182,0.000504101,0.504101,1000
73183,0.001779565,1.779565,1000
73184,0.001376094,1.376094,1000
73185,0.01059647,10.59647,1000
73186,0.002882179,2.882179,1000
73187,0.001555514,1.555514,1000
73188,0.001115427,1.115427,1000
73189,0.001750714,1.750714,1000
73190,0.014158323,14.158323,1000
73191,0.000539327,0.539327,1000
73192,0.000993186,0.993186,1000
73193,0.000908981,0.908981,1000
73194,0.012123692,12.123692,1000
73195,0.000715108,0.715108,1000
73196,0.001626412,1.626412,1000
73197,0.002821614,2.821614,1000
73198,0.003741469,3.741469,1000
73199,0.299824961,299.824961,1000
73200,0.000749925,0.749925,1000
73201,0.0079527,7.9527,1000
73202,0.000960681,0.960681,1000
73203,0.000926543,0.926543,1000
73204,0.000393671,0.393671,1000
73205,0.000323273,0.323273,1000
73206,0.001011936,1.011936,1000
73207,0.000855611,0.855611,1000
73208,0.00081312,0.81312,1000
73209,0.001339297,1.339297,1000
73210,0.001011874,1.011874,1000
73211,0.002341277,2.341277,1000
73212,0.0010419,1.0419,1000
73213,0.000915184,0.915184,1000
73214,0.000755685,0.755685,1000
73215,0.000841122,0.841122,1000
73216,0.001415668,1.415668,1000
73217,0.001013581,1.013581,1000
73218,0.000827114,0.827114,1000
73219,0.003308297,3.308297,1000
73220,0.002706715,2.706715,1000
73221,0.000688431,0.688431,1000
73222,0.001049744,1.049744,1000
73223,0.000750882,0.750882,1000
73224,0.001059346,1.059346,1000
73225,0.000783777,0.783777,1000
73226,0.001602139,1.602139,1000
73227,0.000813123,0.813123,1000
73228,0.001041789,1.041789,1000
73229,0.001483455,1.483455,1000
73230,0.001047998,1.047998,1000
73231,0.022525186,22.525186,1000
73232,0.001178614,1.178614,1000
73233,0.00081312,0.81312,1000
73234,0.000582781,0.582781,1000
73235,0.001215205,1.215205,1000
73236,0.000447502,0.447502,1000
73237,0.000358545,0.358545,1000
73238,0.000939156,0.939156,1000
73239,0.001754277,1.754277,1000
73240,0.000792879,0.792879,1000
73241,0.001045457,1.045457,1000
73242,0.002440929,2.440929,1000
73243,0.001385415,1.385415,1000
73244,0.00104294,1.04294,1000
73245,0.001279311,1.279311,1000
73246,0.000646072,0.646072,1000
73247,0.00092781,0.92781,1000
73248,0.000780725,0.780725,1000
73249,0.000736028,0.736028,1000
73250,0.001044721,1.044721,1000
73251,0.001313143,1.313143,1000
73252,0.001558369,1.558369,1000
73253,0.000541405,0.541405,1000
73254,0.000745844,0.745844,1000
73255,0.001115427,1.115427,1000
73256,0.001011936,1.011936,1000
73257,0.000888115,0.888115,1000
73258,0.00072488,0.72488,1000
73259,0.001322781,1.322781,1000
73260,0.004195318,4.195318,1000
73261,0.000748061,0.748061,1000
73262,0.001006873,1.006873,1000
73263,0.000695922,0.695922,1000
73264,0.000989863,0.989863,1000
73265,0.001310472,1.310472,1000
73266,0.001510527,1.510527,1000
73267,0.008830102,8.830102,1000
73268,0.000861789,0.861789,1000
73269,0.001048437,1.048437,1000
73270,0.00100213,1.00213,1000
73271,0.001303152,1.303152,1000
73272,0.00101412,1.01412,1000
73273,0.001443885,1.443885,1000
73274,0.000617048,0.617048,1000
73275,0.001044715,1.044715,1000
73276,0.010921477,10.921477,1000
73278,0.003140419,3.140419,1000
73279,0.000837416,0.837416,1000
73280,0.000312196,0.312196,1000
73281,0.000962569,0.962569,1000
73282,0.001171566,1.171566,1000
73284,0.000760663,0.760663,1000
73285,0.001504033,1.504033,1000
73286,0.00431113,4.31113,1000
73288,0.000748249,0.748249,1000
73289,0.000709383,0.709383,1000
73290,0.001254738,1.254738,1000
73291,0.000682127,0.682127,1000
73292,0.001620575,1.620575,1000
73293,0.000774809,0.774809,1000
73294,0.00127254,1.27254,1000
73295,0.000712358,0.712358,1000
73296,0.000948554,0.948554,1000
73297,0.001778924,1.778924,1000
73298,0.000908547,0.908547,1000
73299,0.001277805,1.277805,1000
73300,0.003231003,3.231003,1000
73301,0.000703432,0.703432,1000
73302,0.001044721,1.044721,1000
73303,0.000703697,0.703697,1000
73304,0.00080959,0.80959,1000
73305,0.000715015,0.715015,1000
73306,0.000906162,0.906162,1000
73307,0.000964089,0.964089,1000
73308,0.00085182,0.85182,1000
73309,0.007984196,7.984196,1000
73310,0.001155537,1.155537,1000
73311,0.003081248,3.081248,1000
73312,0.000966563,0.966563,1000
73313,0.001242039,1.242039,1000
73314,0.001519731,1.519731,1000
73315,0.000703647,0.703647,1000
73316,0.001612347,1.612347,1000
73317,0.000362118,0.362118,1000
73318,0.000978517,0.978517,1000
73319,0.002441565,2.441565,1000
73320,0.001042957,1.042957,1000
73321,0.001451994,1.451994,1000
73322,0.001443885,1.443885,1000
73323,0.001639571,1.639571,1000
73324,0.000645786,0.645786,1000
73325,0.004999205,4.999205,1000
73326,0.001074939,1.074939,1000
73327,0.002029926,2.029926,1000
73328,0.001252508,1.252508,1000
73329,0.001152443,1.152443,1000
73330,0.001139001,1.139001,1000
73331,0.000785747,0.785747,1000
73332,0.005231292,5.231292,1000
73333,0.001171504,1.171504,1000
73334,0.000849526,0.849526,1000
73335,0.001054327,1.054327,1000
73336,0.001355173,1.355173,1000
73337,0.001071083,1.071083,1000
73338,0.000770306,0.770306,1000
73339,0.000614471,0.614471,1000
73341,0.000866858,0.866858,1000
73342,0.000518958,0.518958,1000
73343,0.002447621,2.447621,1000
73344,0.000626903,0.626903,1000
73345,0.000364404,0.364404,1000
73346,0.000909008,0.909008,1000
73347,0.000696538,0.696538,1000
73348,0.000591526,0.591526,1000
73349,0.000768206,0.768206,1000
73350,0.000728732,0.728732,1000
73351,0.000573397,0.573397,1000
73352,0.001505839,1.505839,1000
73353,0.000640331,0.640331,1000
73354,0.000581479,0.581479,1000
73355,0.000993124,0.993124,1000
73356,0.00069671,0.69671,1000
73357,0.000716164,0.716164,1000
73358,0.001828488,1.828488,1000
73359,0.003212973,3.212973,1000
73360,0.001339743,1.339743,1000
73361,0.002983537,2.983537,1000
73362,0.00119102,1.19102,1000
73363,0.000903062,0.903062,1000
73364,0.019265796,19.265796,1000
73365,0.001010236,1.010236,1000
73366,0.011243768,11.243768,1000
73367,0.00077135,0.77135,1000
73368,0.001522992,1.522992,1000
73369,0.01365669,13.65669,1000
73370,0.00113895,1.13895,1000
73371,0.001720364,1.720364,1000
73372,0.004495035,4.495035,1000
73373,0.000268963,0.268963,1000
73374,0.000925476,0.925476,1000
73375,0.001017868,1.017868,1000
73376,0.000590125,0.590125,1000
73377,0.001481775,1.481775,1000
73378,0.124830545,124.830545,1000
73379,0.001746026,1.746026,1000
73380,0.001042957,1.042957,1000
73381,0.000952579,0.952579,1000
73382,0.001006227,1.006227,1000
73383,0.001215806,1.215806,1000
73384,0.000602023,0.602023,1000
73385,0.00154718,1.54718,1000
73386,0.000626214,0.626214,1000
73387,0.000827728,0.827728,1000
73388,0.001161654,1.161654,1000
73389,0.000720994,0.720994,1000
73390,0.001746026,1.746026,1000
73391,0.001613369,1.613369,1000
73392,0.00031583,0.31583,1000
73393,0.000496612,0.496612,1000
73394,0.000578478,0.578478,1000
73395,0.001041789,1.041789,1000
73396,0.000993186,0.993186,1000
73397,0.001519538,1.519538,1000
73398,0.000793587,0.793587,1000
73399,0.001457149,1.457149,1000
73400,0.001400056,1.400056,1000
73401,0.000980237,0.980237,1000
73402,0.00137495,1.37495,1000
73403,0.000767268,0.767268,1000
73404,0.000876907,0.876907,1000
73405,0.001480195,1.480195,1000
73406,0.075680311,75.680311,1000
73407,0.001313683,1.313683,1000
73408,0.00162479,1.62479,1000
73409,0.002216302,2.216302,1000
73410,0.001157252,1.157252,1000
73411,0.001056069,1.056069,1000
73412,0.000694827,0.694827,1000
73413,0.001898212,1.898212,1000
73414,0.001020087,1.020087,1000
73415,0.000650257,0.650257,1000
73416,0.00074337,0.74337,1000
73417,0.001382683,1.382683,1000
73418,0.000732204,0.732204,1000
73419,0.00103168,1.03168,1000
73420,0.000698921,0.698921,1000
73421,0.000494915,0.494915,1000
73422,0.001134919,1.134919,1000
73423,0.007541389,7.541389,1000
73424,0.00074337,0.74337,1000
73425,0.00072733,0.72733,1000
73426,0.000774479,0.774479,1000
73427,0.000993186,0.993186,1000
73428,0.000677538,0.677538,1000
73429,0.000510107,0.510107,1000
73430,0.000685658,0.685658,1000
73431,0.000564606,0.564606,1000
73432,0.000919593,0.919593,1000
73433,0.001619106,1.619106,1000
73434,0.000769904,0.769904,1000
73435,0.002198184,2.198184,1000
73436,0.000848353,0.848353,1000
73437,0.000674391,0.674391,1000
73438,0.000566574,0.566574,1000
73439,0.000963801,0.963801,1000
73440,0.000878845,0.878845,1000
73441,0.000975277,0.975277,1000
73442,0.003057668,3.057668,1000
73443,0.001184972,1.184972,1000
73444,0.001071083,1.071083,1000
73445,0.001271853,1.271853,1000
73446,0.00103168,1.03168,1000
73447,0.004678022,4.678022,1000
73448,0.000927723,0.927723,1000
73449,0.000444322,0.444322,1000
73450,0.00115367,1.15367,1000
73451,0.00104294,1.04294,1000
73452,0.000857682,0.857682,1000
73453,0.005835638,5.835638,1000
73454,0.595287691,595.287691,1000
73455,0.00105958,1.05958,1000
73456,0.001254752,1.254752,1000
73457,0.000519134,0.519134,1000
73458,0.000579851,0.579851,1000
73459,0.000461751,0.461751,1000
73460,0.001085011,1.085011,1000
73461,0.00141797,1.41797,1000
73462,0.00136836,1.36836,1000
73463,0.000585031,0.585031,1000
73464,0.000319618,0.319618,1000
73465,0.000873429,0.873429,1000
73466,0.001201499,1.201499,1000
73467,0.001071066,1.071066,1000
73468,0.001433799,1.433799,1000
73469,0.001003147,1.003147,1000
73470,0.000678256,0.678256,1000
73471,0.003138426,3.138426,1000
73472,0.001062519,1.062519,1000
73473,0.000838613,0.838613,1000
73474,0.001037872,1.037872,1000
73475,0.000708488,0.708488,1000
73476,0.000621061,0.621061,1000
73477,0.000690741,0.690741,1000
73478,0.000870373,0.870373,1000
73479,0.003667748,3.667748,1000
73480,0.000805571,0.805571,1000
73481,0.001194316,1.194316,1000
73482,0.001092773,1.092773,1000
73483,0.000687515,0.687515,1000
73484,0.000866795,0.866795,1000
73485,0.000745067,0.745067,1000
73486,0.001089852,1.089852,1000
73487,0.000266678,0.266678,1000
73488,0.00154718,1.54718,1000
73489,0.038839002,38.839002,1000
73490,0.000564031,0.564031,1000
73491,0.001071066,1.071066,1000
73492,0.001274167,1.274167,1000
73493,0.00104294,1.04294,1000
73494,0.000494406,0.494406,1000
73495,0.00087948,0.87948,1000
73496,0.002252683,2.252683,1000
73497,0.001137394,1.137394,1000
73498,0.001071083,1.071083,1000
73499,0.001801544,1.801544,1000
73500,0.000844812,0.844812,1000
73501,0.000753967,0.753967,1000
73502,0.000648346,0.648346,1000
73503,0.00149514,1.49514,1000
73504,0.000614816,0.614816,1000
73505,0.001268575,1.268575,1000
73506,0.003489848,3.489848,1000
73507,0.002457735,2.457735,1000
73508,0.001047389,1.047389,1000
73509,0.003256495,3.256495,1000
73510,0.007519367,7.519367,1000
73512,0.000516068,0.516068,1000
73513,0.000568433,0.568433,1000
73514,0.000915887,0.915887,1000
73515,0.00082275,0.82275,1000
73516,0.004227552,4.227552,1000
73517,0.000674537,0.674537,1000
73518,0.000709461,0.709461,1000
73519,0.001011936,1.011936,1000
73520,0.000837653,0.837653,1000
73521,0.001560797,1.560797,1000
73522,0.001278086,1.278086,1000
73523,0.001127419,1.127419,1000
73524,0.001166816,1.166816,1000
73525,0.00347136,3.47136,1000
73526,0.003171243,3.171243,1000
73527,0.001207062,1.207062,1000
73528,0.000575298,0.575298,1000
73529,0.001494462,1.494462,1000
73530,0.004845565,4.845565,1000
73531,0.001094232,1.094232,1000
73532,0.000634843,0.634843,1000
73533,0.001057184,1.057184,1000
73534,0.000892255,0.892255,1000
73535,0.001071083,1.071083,1000
73536,0.000744474,0.744474,1000
73537,0.00152812,1.52812,1000
73538,0.008184616,8.184616,1000
73539,0.00111753,1.11753,1000
73540,0.000604518,0.604518,1000
73541,0.004076372,4.076372,1000
73542,0.000755936,0.755936,1000
73543,0.004006489,4.006489,1000
73544,0.001149004,1.149004,1000
73545,0.001252608,1.252608,1000
73546,0.000999752,0.999752,1000
73547,0.001014233,1.014233,1000
73548,0.001153677,1.153677,1000
73549,0.000696735,0.696735,1000
73550,0.000676749,0.676749,1000
73551,0.000443179,0.443179,1000
73552,0.009695209,9.695209,1000
73553,0.001073839,1.073839,1000
73554,0.001361926,1.361926,1000
73555,0.00119748,1.19748,1000
73556,0.001307769,1.307769,1000
73557,0.00049821,0.49821,1000
73558,0.001598572,1.598572,1000
73559,0.001724534,1.724534,1000
73560,0.230538619,230.538619,1000
73561,0.001436627,1.436627,1000
73562,0.001538477,1.538477,1000
73563,0.000351925,0.351925,1000
73564,0.005372328,5.372328,1000
73565,0.000788627,0.788627,1000
73566,0.00097355,0.97355,1000
73567,0.000860319,0.860319,1000
73568,0.001060112,1.060112,1000
73569,0.001656964,1.656964,1000
73570,0.000718269,0.718269,1000
73571,0.000882912,0.882912,1000
73572,0.001316699,1.316699,1000
73573,0.017447227,17.447227,1000
73574,0.000878348,0.878348,1000
73575,0.00061284,0.61284,1000
73576,0.00569168,5.69168,1000
73577,0.001375999,1.375999,1000
73578,0.122473347,122.473347,1000
73579,0.000993124,0.993124,1000
73580,0.000445554,0.445554,1000
73581,0.002787339,2.787339,1000
73582,0.000605517,0.605517,1000
73583,0.001506826,1.506826,1000
73584,0.000587491,0.587491,1000
73585,0.001746026,1.746026,1000
73586,0.001045849,1.045849,1000
73587,0.000669843,0.669843,1000
73588,0.000641469,0.641469,1000
73589,0.001593884,1.593884,1000
73590,0.002333869,2.333869,1000
73591,0.001007328,1.007328,1000
73592,0.00064272,0.64272,1000
73593,0.000891204,0.891204,1000
73594,0.002889679,2.889679,1000
73595,0.00245724,2.45724,1000
73596,0.000394455,0.394455,1000
73597,0.001026346,1.026346,1000
73598,0.001376094,1.376094,1000
73599,0.000817257,0.817257,1000
73600,0.000332806,0.332806,1000
73601,0.000639478,0.639478,1000
73602,0.00083422,0.83422,1000
73603,0.001011936,1.011936,1000
73604,0.000643473,0.643473,1000
73605,0.000705431,0.705431,1000
73606,0.011376534,11.376534,1000
73607,0.001149013,1.149013,1000
73608,0.000773489,0.773489,1000
73609,0.000622217,0.622217,1000
73610,0.00066224,0.66224,1000
73611,0.001635382,1.635382,1000
73612,0.000875209,0.875209,1000
73613,0.001410807,1.410807,1000
73614,0.000850147,0.850147,1000
73615,0.000847654,0.847654,1000
73616,0.000312068,0.312068,1000
73617,0.000543229,0.543229,1000
73618,0.000723046,0.723046,1000
73619,0.001071105,1.071105,1000
73620,0.000634332,0.634332,1000
73621,0.000830788,0.830788,1000
73622,0.001604936,1.604936,1000
73623,0.002992867,2.992867,1000
73624,0.000805267,0.805267,1000
73625,0.000650389,0.650389,1000
73626,0.005955072,5.955072,1000
73627,0.000680459,0.680459,1000
73628,0.000560753,0.560753,1000
73629,0.000811507,0.811507,1000
73630,0.00033142,0.33142,1000
73631,0.000925359,0.925359,1000
73632,0.001418314,1.418314,1000
73633,0.000871557,0.871557,1000
73634,0.00118329,1.18329,1000
73635,0.001605656,1.605656,1000
73636,0.000628184,0.628184,1000
73637,0.000690655,0.690655,1000
73638,0.000357681,0.357681,1000
73639,0.003927818,3.927818,1000
73640,0.000480193,0.480193,1000
73641,0.000821309,0.821309,1000
73642,0.00315213,3.15213,1000
73643,0.00061648,0.61648,1000
73644,0.000800126,0.800126,1000
73645,0.001154836,1.154836,1000
73646,0.00041895,0.41895,1000
73647,0.00103776,1.03776,1000
73648,0.000414663,0.414663,1000
73649,0.001523569,1.523569,1000
73650,0.001510527,1.510527,1000
73651,0.011125241,11.125241,1000
73652,0.001038923,1.038923,1000
73653,0.001829241,1.829241,1000
73654,0.001555475,1.555475,1000
73655,0.001606238,1.606238,1000
73656,0.002393297,2.393297,1000
73657,0.00143074,1.43074,1000
73658,0.000794923,0.794923,1000
73659,0.001618399,1.618399,1000
73660,0.000954534,0.954534,1000
73661,0.000791117,0.791117,1000
73662,0.002512318,2.512318,1000
73663,0.000680305,0.680305,1000
73664,0.000883612,0.883612,1000
73665,0.002875036,2.875036,1000
73666,0.000659886,0.659886,1000
73667,0.000980359,0.980359,1000
73668,0.001847309,1.847309,1000
73669,0.000858731,0.858731,1000
73670,0.001246887,1.246887,1000
73671,0.001151982,1.151982,1000
73672,0.001290565,1.290565,1000
73673,0.000860882,0.860882,1000
73674,0.000627534,0.627534,1000
73675,0.000977404,0.977404,1000
73676,0.000581856,0.581856,1000
73677,0.000952383,0.952383,1000
73678,0.00078286,0.78286,1000
73679,0.000780505,0.780505,1000
73680,0.004390215,4.390215,1000
73681,0.000630728,0.630728,1000
73682,0.000348775,0.348775,1000
73683,0.001603065,1.603065,1000
73684,0.001159722,1.159722,1000
73685,0.001197766,1.197766,1000
73686,0.001870412,1.870412,1000
73687,0.000490806,0.490806,1000
73688,0.001505839,1.505839,1000
73689,0.000999218,0.999218,1000
73690,0.000977766,0.977766,1000
73691,0.000679916,0.679916,1000
73692,0.000656208,0.656208,1000
73693,0.003030487,3.030487,1000
73694,0.000787644,0.787644,1000
73695,0.001174572,1.174572,1000
73696,0.000581085,0.581085,1000
73697,0.010444572,10.444572,1000
73698,0.001980749,1.980749,1000
73699,0.004834686,4.834686,1000
73700,0.000830823,0.830823,1000
73701,0.000964485,0.964485,1000
73702,0.001124571,1.124571,1000
73703,0.001437361,1.437361,1000
73704,0.000720068,0.720068,1000
73705,0.000582296,0.582296,1000
73706,0.001350294,1.350294,1000
73707,0.00108631,1.08631,1000
73708,0.003762398,3.762398,1000
73709,0.003303548,3.303548,1000
73710,0.000667,0.667,1000
73711,0.003688971,3.688971,1000
73712,0.002700787,2.700787,1000
73713,0.000820275,0.820275,1000
73714,0.000748238,0.748238,1000
73715,0.000881654,0.881654,1000
73716,0.001933282,1.933282,1000
73717,0.002226514,2.226514,1000
73718,0.00057001,0.57001,1000
73719,0.003069546,3.069546,1000
73720,0.001499137,1.499137,1000
73721,0.032452732,32.452732,1000
73722,0.000666291,0.666291,1000
73723,0.000685744,0.685744,1000
73724,0.001474337,1.474337,1000
73725,0.001914664,1.914664,1000
73726,0.006818965,6.818965,1000
73727,0.000888848,0.888848,1000
73728,0.001542706,1.542706,1000
73729,0.00112596,1.12596,1000
73730,0.001637817,1.637817,1000
73731,0.000572071,0.572071,1000
73732,0.015879541,15.879541,1000
73733,0.005588173,5.588173,1000
73734,0.005687492,5.687492,1000
73735,0.000840543,0.840543,1000
73736,0.000587636,0.587636,1000
73737,0.00064912,0.64912,1000
73738,0.026785224,26.785224,1000
73739,0.066439964,66.439964,1000
73740,0.012305662,12.305662,1000
73741,0.06457589,64.57589,1000
73742,0.002870721,2.870721,1000
73743,0.001750714,1.750714,1000
73744,0.001081154,1.081154,1000
73745,0.002974367,2.974367,1000
73746,0.001098609,1.098609,1000
73747,0.001129007,1.129007,1000
73748,0.000571358,0.571358,1000
73749,0.000709607,0.709607,1000
73750,0.000695503,0.695503,1000
73751,0.000935513,0.935513,1000
73752,0.001056161,1.056161,1000
73753,0.000849344,0.849344,1000
73754,0.061402936,61.402936,1000
73755,0.007143936,7.143936,1000
73756,0.001151,1.151,1000
73757,0.001191953,1.191953,1000
73758,0.005738997,5.738997,1000
73759,0.000777473,0.777473,1000
73760,0.000729852,0.729852,1000
73761,0.055867198,55.867198,1000
73762,0.000837801,0.837801,1000
73763,0.001153677,1.153677,1000
73764,0.000935513,0.935513,1000
73765,0.000947004,0.947004,1000
73766,0.001102168,1.102168,1000
73767,0.064580577,64.580577,1000
73768,0.000778601,0.778601,1000
73769,0.001180596,1.180596,1000
73770,0.00171939,1.71939,1000
73771,0.00676999,6.76999,1000
73772,0.000981569,0.981569,1000
73773,0.001029309,1.029309,1000
73774,0.001218698,1.218698,1000
73775,0.003061123,3.061123,1000
73776,0.014810195,14.810195,1000
73777,0.001334149,1.334149,1000
73778,0.001334149,1.334149,1000
73779,0.00147124,1.47124,1000
73780,0.000909659,0.909659,1000
73781,0.00075384,0.75384,1000
73782,0.001492377,1.492377,1000
73783,0.000947916,0.947916,1000
73784,0.001815718,1.815718,1000
73785,0.016374455,16.374455,1000
73786,0.001476632,1.476632,1000
73787,0.001042957,1.042957,1000
73788,0.001072634,1.072634,1000
73789,0.002138788,2.138788,1000
73790,0.005669418,5.669418,1000
73791,0.002334427,2.334427,1000
73792,0.001399846,1.399846,1000
73793,0.000700495,0.700495,1000
73794,0.002751759,2.751759,1000
73795,0.000516778,0.516778,1000
73796,0.149348978,149.348978,1000
73797,0.001180039,1.180039,1000
73798,0.002242052,2.242052,1000
73799,0.000620376,0.620376,1000
73800,0.003822818,3.822818,1000
73801,0.000626037,0.626037,1000
73802,0.000350479,0.350479,1000
73803,0.000354013,0.354013,1000
73804,0.001293089,1.293089,1000
73805,0.008133812,8.133812,1000
73806,0.001618465,1.618465,1000
73807,0.039982788,39.982788,1000
73808,0.000632983,0.632983,1000
73809,0.026624029,26.624029,1000
73810,0.000953366,0.953366,1000
73811,0.000345195,0.345195,1000
73812,0.026694637,26.694637,1000
73813,0.04001469,40.01469,1000
73814,0.011181737,11.181737,1000
73815,0.178412635,178.412635,1000
73816,0.000869001,0.869001,1000
73817,0.00103168,1.03168,1000
73818,0.75104089,751.04089,1000
73819,0.000381539,0.381539,1000
73820,0.000622209,0.622209,1000
73821,0.000773789,0.773789,1000
73822,0.000886616,0.886616,1000
73823,0.000676052,0.676052,1000
73824,0.000923473,0.923473,1000
73825,0.001397919,1.397919,1000
73826,0.000723806,0.723806,1000
73827,0.000708977,0.708977,1000
73828,0.001387826,1.387826,1000
73829,0.000550158,0.550158,1000
73830,0.001117667,1.117667,1000
73831,0.000776558,0.776558,1000
73832,0.000993186,0.993186,1000
73833,0.001149588,1.149588,1000
73834,0.0037036,3.7036,1000
73835,0.000811759,0.811759,1000
73836,0.000821183,0.821183,1000
73837,0.000645498,0.645498,1000
73838,0.001312929,1.312929,1000
73839,0.001203276,1.203276,1000
73840,0.000889399,0.889399,1000
73841,0.001190254,1.190254,1000
73842,0.001042979,1.042979,1000
73843,0.000939517,0.939517,1000
73844,0.002628069,2.628069,1000
73845,0.001394195,1.394195,1000
73846,0.000569276,0.569276,1000
73847,0.001042817,1.042817,1000
73848,0.148700985,148.700985,1000
73849,0.000832137,0.832137,1000
73850,0.000278104,0.278104,1000
73851,0.001220914,1.220914,1000
73852,0.002044455,2.044455,1000
73853,0.000972749,0.972749,1000
73854,0.017336045,17.336045,1000
73855,0.001188915,1.188915,1000
73856,0.0060247,6.0247,1000
73857,0.000657781,0.657781,1000
73858,0.001057519,1.057519,1000
73859,0.002844435,2.844435,1000
73860,0.00104294,1.04294,1000
73861,0.002934789,2.934789,1000
73862,0.000825966,0.825966,1000
73863,0.001014983,1.014983,1000
73864,0.001042979,1.042979,1000
73865,0.030508616,30.508616,1000
73866,0.001062569,1.062569,1000
73867,0.000781225,0.781225,1000
73868,0.001691201,1.691201,1000
73869,0.000848933,0.848933,1000
73870,0.000871075,0.871075,1000
73871,0.000420206,0.420206,1000
73872,0.000659235,0.659235,1000
73873,0.003974538,3.974538,1000
73874,0.001071083,1.071083,1000
73875,0.002273914,2.273914,1000
73876,0.000660306,0.660306,1000
73877,0.001842618,1.842618,1000
73878,0.000843923,0.843923,1000
73879,0.003659495,3.659495,1000
73880,0.001767515,1.767515,1000
73881,0.00098284,0.98284,1000
73882,0.0018238,1.8238,1000
73883,0.002177361,2.177361,1000
73884,0.000813123,0.813123,1000
73885,0.015964589,15.964589,1000
73886,0.00099491,0.99491,1000
73887,0.008508691,8.508691,1000
73888,0.000759912,0.759912,1000
73889,0.001335576,1.335576,1000
73890,0.000667575,0.667575,1000
73891,0.006559053,6.559053,1000
73892,0.000550505,0.550505,1000
73893,0.028183028,28.183028,1000
73894,0.00082325,0.82325,1000
73895,0.001062519,1.062519,1000
73896,0.004064805,4.064805,1000
73897,0.0010426,1.0426,1000
73898,0.00119463,1.19463,1000
73899,0.000702232,0.702232,1000
73900,0.001217419,1.217419,1000
73901,0.00193822,1.93822,1000
73902,0.007985456,7.985456,1000
73903,0.000894567,0.894567,1000
73904,0.001006227,1.006227,1000
73905,0.00107947,1.07947,1000
73906,0.000678916,0.678916,1000
73907,0.016648764,16.648764,1000
73908,0.001008836,1.008836,1000
73909,0.000903921,0.903921,1000
73910,0.003084082,3.084082,1000
73911,0.001480195,1.480195,1000
73912,0.001319714,1.319714,1000
73913,0.016287479,16.287479,1000
73914,0.000872807,0.872807,1000
73915,0.628531611,628.531611,1000
73916,0.000767461,0.767461,1000
73917,0.000595627,0.595627,1000
73918,0.008311,8.311,1000
73919,0.020236033,20.236033,1000
73920,0.001071083,1.071083,1000
73921,0.002368814,2.368814,1000
73922,0.000763231,0.763231,1000
73923,0.001158248,1.158248,1000
73924,0.000860225,0.860225,1000
73925,0.001014514,1.014514,1000
73926,0.008146224,8.146224,1000
73927,0.000614463,0.614463,1000
73928,0.000581114,0.581114,1000
73929,0.000648812,0.648812,1000
73930,0.04399655,43.99655,1000
73931,0.001022488,1.022488,1000
73932,0.003767545,3.767545,1000
73933,0.006927301,6.927301,1000
73934,0.001617852,1.617852,1000
73935,0.000589699,0.589699,1000
73936,0.007881738,7.881738,1000
73937,0.001384813,1.384813,1000
73938,0.000779206,0.779206,1000
73939,0.005004074,5.004074,1000
73940,0.016069678,16.069678,1000
73941,0.000822321,0.822321,1000
73942,0.001084996,1.084996,1000
73943,0.00056768,0.56768,1000
73944,0.000620052,0.620052,1000
73945,0.000973369,0.973369,1000
73946,0.001600968,1.600968,1000
73947,0.00090299,0.90299,1000
73948,0.000648938,0.648938,1000
73949,0.002789702,2.789702,1000
73950,0.00098268,0.98268,1000
73951,0.003490447,3.490447,1000
73952,0.001062569,1.062569,1000
73953,0.000567934,0.567934,1000
73954,0.00158555,1.58555,1000
73955,0.000937243,0.937243,1000
73956,0.002251739,2.251739,1000
73957,0.001042979,1.042979,1000
73958,0.001071066,1.071066,1000
73959,0.001133794,1.133794,1000
73960,0.004227566,4.227566,1000
73961,0.008001202,8.001202,1000
73962,0.000333342,0.333342,1000
73963,0.28457083,284.57083,1000
73964,0.000961611,0.961611,1000
73965,0.000951725,0.951725,1000
73966,0.000739777,0.739777,1000
73967,0.039940203,39.940203,1000
73968,0.001268749,1.268749,1000
73969,0.000651388,0.651388,1000
73970,0.09676007,96.76007,1000
73971,0.001525076,1.525076,1000
73972,0.002794059,2.794059,1000
73973,0.000462456,0.462456,1000
73974,0.001575287,1.575287,1000
73975,0.001213109,1.213109,1000
73976,0.009957337,9.957337,1000
73977,0.000782611,0.782611,1000
73978,0.009951426,9.951426,1000
73979,0.001204278,1.204278,1000
73980,0.009090309,9.090309,1000
73981,0.005904068,5.904068,1000
73982,0.000634403,0.634403,1000
73983,0.064580577,64.580577,1000
73984,0.001982159,1.982159,1000
73985,0.002026145,2.026145,1000
73986,0.006620657,6.620657,1000
73987,0.015986078,15.986078,1000
73988,0.003826055,3.826055,1000
73989,0.00558221,5.58221,1000
73990,0.040155135,40.155135,1000
73991,0.001157211,1.157211,1000
73992,0.000825966,0.825966,1000
73993,0.001148693,1.148693,1000
73994,0.000969677,0.969677,1000
73995,0.096845414,96.845414,1000
73996,0.002813103,2.813103,1000
73997,0.000705178,0.705178,1000
73998,0.002903809,2.903809,1000
73999,0.001627974,1.627974,1000
74000,0.026757873,26.757873,1000
74001,0.018724234,18.724234,1000
74002,0.075372483,75.372483,1000
74003,0.000992113,0.992113,1000
74004,0.00033677,0.33677,1000
74005,0.000721251,0.721251,1000
74006,0.000661754,0.661754,1000
74007,0.003608485,3.608485,1000
74008,0.001198831,1.198831,1000
74009,0.000655604,0.655604,1000
74010,0.000775812,0.775812,1000
74011,0.000783777,0.783777,1000
74012,0.001042979,1.042979,1000
74013,0.016323544,16.323544,1000
74014,0.000727524,0.727524,1000
74015,0.000953485,0.953485,1000
74016,0.001016956,1.016956,1000
74017,0.000949171,0.949171,1000
74018,0.001021237,1.021237,1000
74019,0.000594179,0.594179,1000
74020,0.000719682,0.719682,1000
74021,0.00082765,0.82765,1000
74022,0.003743565,3.743565,1000
74023,0.000583943,0.583943,1000
74024,0.040823057,40.823057,1000
74025,0.11554605,115.54605,1000
74026,0.008681279,8.681279,1000
74027,0.000406533,0.406533,1000
74028,0.210843899,210.843899,1000
74029,0.008406357,8.406357,1000
74030,0.001588335,1.588335,1000
74031,0.000925534,0.925534,1000
74032,0.885616152,885.616152,1000
74033,0.00107935,1.07935,1000
74034,0.000935832,0.935832,1000
74035,0.002828852,2.828852,1000
74036,0.003449849,3.449849,1000
74037,0.000965994,0.965994,1000
74038,0.000953672,0.953672,1000
74039,0.001483455,1.483455,1000
74040,0.00154718,1.54718,1000
74041,0.005915155,5.915155,1000
74042,0.001505839,1.505839,1000
74043,0.000993186,0.993186,1000
74044,0.001006227,1.006227,1000
74045,0.016164764,16.164764,1000
74046,0.000471707,0.471707,1000
74047,0.000763548,0.763548,1000
74048,0.000795656,0.795656,1000
74049,0.000971256,0.971256,1000
74050,0.019292313,19.292313,1000
74052,0.000760566,0.760566,1000
74053,0.006768563,6.768563,1000
74054,0.121522454,121.522454,1000
74055,0.001199128,1.199128,1000
74056,0.000901544,0.901544,1000
74057,0.001452033,1.452033,1000
74058,0.001525076,1.525076,1000
74059,0.000656041,0.656041,1000
74060,0.00335032,3.35032,1000
74061,0.001114356,1.114356,1000
74062,0.014422334,14.422334,1000
74063,0.000906619,0.906619,1000
74064,0.000534697,0.534697,1000
74065,0.001141404,1.141404,1000
74066,0.001004655,1.004655,1000
74067,0.000718617,0.718617,1000
74068,0.000810588,0.810588,1000
74069,0.000957385,0.957385,1000
74070,0.008591778,8.591778,1000
74071,0.001353917,1.353917,1000
74072,0.001113311,1.113311,1000
74073,0.000612913,0.612913,1000
74074,0.020604342,20.604342,1000
74075,0.001087012,1.087012,1000
74076,0.001555514,1.555514,1000
74077,0.000729071,0.729071,1000
74078,0.001133506,1.133506,1000
74079,0.000438614,0.438614,1000
74080,0.001071083,1.071083,1000
74081,0.005839532,5.839532,1000
74082,0.003089989,3.089989,1000
74083,0.001582183,1.582183,1000
74084,0.000587757,0.587757,1000
74085,0.001134352,1.134352,1000
74086,0.00881744,8.81744,1000
74087,0.000796765,0.796765,1000
74088,0.750897882,750.897882,1000
74089,0.002131923,2.131923,1000
74090,0.003946004,3.946004,1000
74091,0.001703656,1.703656,1000
74092,0.00122428,1.22428,1000
74093,0.001204615,1.204615,1000
74094,0.001366961,1.366961,1000
74095,0.000571703,0.571703,1000
74096,0.048962951,48.962951,1000
74097,0.002266205,2.266205,1000
74098,0.002371785,2.371785,1000
74099,0.002393958,2.393958,1000
74100,0.04001401,40.01401,1000
74101,0.001499965,1.499965,1000
74102,0.000842929,0.842929,1000
74103,0.001649639,1.649639,1000
74104,0.003873593,3.873593,1000
74105,0.026777539,26.777539,1000
74106,0.015118162,15.118162,1000
74107,0.002212675,2.212675,1000
74108,0.00293206,2.93206,1000
74109,0.001140053,1.140053,1000
74110,0.062301422,62.301422,1000
74111,0.027190067,27.190067,1000
74112,0.000931163,0.931163,1000
74113,0.003641127,3.641127,1000
74114,0.003574677,3.574677,1000
74115,0.001340613,1.340613,1000
74116,0.000830862,0.830862,1000
74117,0.001600968,1.600968,1000
74118,0.000801545,0.801545,1000
74119,0.001143068,1.143068,1000
74120,0.000993186,0.993186,1000
74121,0.000846071,0.846071,1000
74122,0.009758583,9.758583,1000
74123,0.000968732,0.968732,1000
74124,0.000797453,0.797453,1000
74125,0.001224407,1.224407,1000
74126,0.001609087,1.609087,1000
74127,0.16089941,160.89941,1000
74128,0.008235014,8.235014,1000
74129,0.262387188,262.387188,1000
74130,0.000684276,0.684276,1000
74131,0.002869116,2.869116,1000
74132,0.000888416,0.888416,1000
74133,0.001334149,1.334149,1000
74134,0.006816086,6.816086,1000
74135,0.001331713,1.331713,1000
74136,0.000688667,0.688667,1000
74137,0.002072597,2.072597,1000
74138,0.001127086,1.127086,1000
74139,0.000695844,0.695844,1000
74140,0.001079642,1.079642,1000
74141,0.004594822,4.594822,1000
74142,0.001000744,1.000744,1000
74143,0.001681571,1.681571,1000
74144,0.001613775,1.613775,1000
74145,0.001174338,1.174338,1000
74146,0.00115367,1.15367,1000
74148,0.000820665,0.820665,1000
74149,0.001568945,1.568945,1000
74150,0.002426839,2.426839,1000
74151,0.000913473,0.913473,1000
74152,0.075244468,75.244468,1000
74153,0.128065594,128.065594,1000
74154,0.000764439,0.764439,1000
74155,0.001047795,1.047795,1000
74156,0.000785629,0.785629,1000
74157,0.016568743,16.568743,1000
74158,0.001038923,1.038923,1000
74159,0.001079497,1.079497,1000
74160,0.010922785,10.922785,1000
74161,0.001762014,1.762014,1000
74162,0.000555522,0.555522,1000
74163,0.000718948,0.718948,1000
74164,0.004055549,4.055549,1000
74165,0.000839859,0.839859,1000
74166,0.000900187,0.900187,1000
74167,0.000532253,0.532253,1000
74168,0.001382683,1.382683,1000
74169,0.002844627,2.844627,1000
74170,0.00103168,1.03168,1000
74171,0.013227244,13.227244,1000
74172,0.000852548,0.852548,1000
74173,0.001042957,1.042957,1000
74174,0.000531909,0.531909,1000
74175,0.001317245,1.317245,1000
74176,0.003550314,3.550314,1000
74177,0.628928662,628.928662,1000
74178,0.000618969,0.618969,1000
74179,0.000741828,0.741828,1000
74180,0.001905168,1.905168,1000
74181,0.000851851,0.851851,1000
74182,0.001071083,1.071083,1000
74183,0.000808681,0.808681,1000
74184,0.001153642,1.153642,1000
74185,0.002969786,2.969786,1000
74186,0.000961946,0.961946,1000
74187,0.000879045,0.879045,1000
74188,0.000993186,0.993186,1000
74189,0.016134246,16.134246,1000
74190,0.001001009,1.001009,1000
74191,0.001317245,1.317245,1000
74192,0.000656602,0.656602,1000
74193,0.001460548,1.460548,1000
74194,0.000848506,0.848506,1000
74195,0.00058326,0.58326,1000
74196,0.00137604,1.37604,1000
74197,0.000517988,0.517988,1000
74198,0.000897286,0.897286,1000
74199,0.000921876,0.921876,1000
74200,0.001143068,1.143068,1000
74201,0.033324252,33.324252,1000
74202,0.00084248,0.84248,1000
74203,0.000760502,0.760502,1000
74204,0.0015091,1.5091,1000
74205,0.00057868,0.57868,1000
74206,0.001107543,1.107543,1000
74207,0.524531407,524.531407,1000
74208,0.040337011,40.337011,1000
74209,0.000679806,0.679806,1000
74210,0.000550934,0.550934,1000
74211,0.207035869,207.035869,1000
74212,0.008509085,8.509085,1000
74213,0.007254381,7.254381,1000
74214,0.000761674,0.761674,1000
74215,0.002848993,2.848993,1000
74216,0.000657842,0.657842,1000
74217,0.001720278,1.720278,1000
74218,0.000575117,0.575117,1000
74219,0.001024048,1.024048,1000
74220,0.001523885,1.523885,1000
74221,0.000597488,0.597488,1000
74222,0.001231268,1.231268,1000
74223,0.007592993,7.592993,1000
74224,0.003319389,3.319389,1000
74225,0.001383865,1.383865,1000
74226,0.001044645,1.044645,1000
74227,0.001337636,1.337636,1000
74228,0.000818103,0.818103,1000
74229,0.001032522,1.032522,1000
74230,0.028832187,28.832187,1000
74231,0.002783183,2.783183,1000
74232,0.002864038,2.864038,1000
74233,0.000740439,0.740439,1000
74234,0.000887615,0.887615,1000
74235,0.001155282,1.155282,1000
74236,0.001289268,1.289268,1000
74237,0.0007418,0.7418,1000
74238,0.000632568,0.632568,1000
74239,0.001026919,1.026919,1000
74240,0.00086238,0.86238,1000
74241,0.004860302,4.860302,1000
74242,0.015917385,15.917385,1000
74243,0.00078378,0.78378,1000
74244,0.000586091,0.586091,1000
74245,0.067491199,67.491199,1000
74246,0.005540459,5.540459,1000
74247,0.000797537,0.797537,1000
74248,0.001638299,1.638299,1000
74249,0.003286927,3.286927,1000
74250,0.000993124,0.993124,1000
74251,0.006348568,6.348568,1000
74252,0.001042817,1.042817,1000
74253,0.000775927,0.775927,1000
74254,0.000692627,0.692627,1000
74255,0.001682999,1.682999,1000
74256,0.001848477,1.848477,1000
74257,0.010476444,10.476444,1000
74258,0.015007554,15.007554,1000
74259,0.000945424,0.945424,1000
74260,0.001138634,1.138634,1000
74261,0.000545772,0.545772,1000
74262,0.002977014,2.977014,1000
74263,0.000803211,0.803211,1000
74264,0.001017818,1.017818,1000
74265,0.000837801,0.837801,1000
74266,0.001524997,1.524997,1000
74267,0.002396472,2.396472,1000
74268,0.001522089,1.522089,1000
74269,0.001631265,1.631265,1000
74270,0.000680689,0.680689,1000
74271,0.000775663,0.775663,1000
74272,0.262396563,262.396563,1000
74273,0.000286616,0.286616,1000
74274,0.000846182,0.846182,1000
74275,0.002309108,2.309108,1000
74276,0.001198698,1.198698,1000
74277,0.06457589,64.57589,1000
74278,0.006624281,6.624281,1000
74279,0.000517881,0.517881,1000
74280,0.004299064,4.299064,1000
74281,0.001195323,1.195323,1000
74282,0.001040672,1.040672,1000
74283,0.001072804,1.072804,1000
74284,0.000651076,0.651076,1000
74285,0.000783217,0.783217,1000
74286,0.000710046,0.710046,1000
74287,0.001060954,1.060954,1000
74288,0.007920024,7.920024,1000
74289,0.001019671,1.019671,1000
74290,0.002406169,2.406169,1000
74291,0.001071105,1.071105,1000
74292,0.000805602,0.805602,1000
74293,0.00136132,1.36132,1000
74294,0.001018966,1.018966,1000
74295,0.00122695,1.22695,1000
74296,0.003009638,3.009638,1000
74297,0.000753414,0.753414,1000
74298,0.000485933,0.485933,1000
74299,0.000910928,0.910928,1000
74300,0.001015581,1.015581,1000
74301,0.00041745,0.41745,1000
74302,0.001330285,1.330285,1000
74303,0.00114796,1.14796,1000
74304,0.001919904,1.919904,1000
74305,0.000481193,0.481193,1000
74306,0.000656534,0.656534,1000
74307,0.00103168,1.03168,1000
74308,0.001126925,1.126925,1000
74309,0.001578218,1.578218,1000
74310,0.00063938,0.63938,1000
74311,0.000930838,0.930838,1000
74312,0.001252508,1.252508,1000
74313,0.000923892,0.923892,1000
74314,0.000802178,0.802178,1000
74315,0.000667956,0.667956,1000
74316,0.002901574,2.901574,1000
74317,0.002314321,2.314321,1000
74318,0.001195967,1.195967,1000
74319,0.00115956,1.15956,1000
74320,0.000667574,0.667574,1000
74321,0.001089565,1.089565,1000
74322,0.002908075,2.908075,1000
74323,0.001352947,1.352947,1000
74324,0.008161779,8.161779,1000
74325,0.000576089,0.576089,1000
74326,0.000505442,0.505442,1000
74327,0.001104592,1.104592,1000
74328,0.000611506,0.611506,1000
74329,0.000453245,0.453245,1000
74330,0.000833144,0.833144,1000
74331,0.000854084,0.854084,1000
74332,0.001064588,1.064588,1000
74333,0.006187134,6.187134,1000
74334,0.000886215,0.886215,1000
74335,0.002839829,2.839829,1000
74336,0.000630224,0.630224,1000
74337,0.000803211,0.803211,1000
74338,0.001226795,1.226795,1000
74339,0.001042957,1.042957,1000
74340,0.001006632,1.006632,1000
74341,0.001074962,1.074962,1000
74342,0.001142897,1.142897,1000
74343,0.000508274,0.508274,1000
74344,0.000543424,0.543424,1000
74345,0.000825522,0.825522,1000
74346,0.009175612,9.175612,1000
74347,0.000896843,0.896843,1000
74348,0.001201032,1.201032,1000
74349,0.001328141,1.328141,1000
74350,0.002913829,2.913829,1000
74351,0.000922223,0.922223,1000
74352,0.001000744,1.000744,1000
74353,0.000801862,0.801862,1000
74354,0.000955037,0.955037,1000
74355,0.000935513,0.935513,1000
74356,0.000455248,0.455248,1000
74357,0.001141219,1.141219,1000
74358,0.000961161,0.961161,1000
74359,0.07205849,72.05849,1000
74360,0.000588253,0.588253,1000
74361,0.000276457,0.276457,1000
74362,0.000943134,0.943134,1000
74363,0.000654544,0.654544,1000
74364,0.000729071,0.729071,1000
74365,0.00067939,0.67939,1000
74366,0.001071066,1.071066,1000
74367,0.002069628,2.069628,1000
74368,0.001358611,1.358611,1000
74369,0.001265617,1.265617,1000
74370,0.000823448,0.823448,1000
74371,0.016510904,16.510904,1000
74372,0.001368802,1.368802,1000
74373,0.001147088,1.147088,1000
74374,0.002575844,2.575844,1000
74375,0.001205656,1.205656,1000
74376,0.002030659,2.030659,1000
74377,0.001453099,1.453099,1000
74378,0.001307331,1.307331,1000
74379,0.003145473,3.145473,1000
74380,0.001141219,1.141219,1000
74381,0.009120974,9.120974,1000
74382,0.008307106,8.307106,1000
74383,0.001143068,1.143068,1000
74384,0.001232779,1.232779,1000
74385,0.00090841,0.90841,1000
74386,0.000590961,0.590961,1000
74387,0.001312558,1.312558,1000
74388,0.001597145,1.597145,1000
74389,0.000648046,0.648046,1000
74390,0.000678965,0.678965,1000
74391,0.007947822,7.947822,1000
74392,0.000730811,0.730811,1000
74393,0.000639612,0.639612,1000
74394,0.001047341,1.047341,1000
74395,0.001893263,1.893263,1000
74396,0.000949806,0.949806,1000
74397,0.000296013,0.296013,1000
74398,0.008412727,8.412727,1000
74399,0.000918659,0.918659,1000
74400,0.001194978,1.194978,1000
74401,0.000744776,0.744776,1000
74402,0.002077843,2.077843,1000
74403,0.000627066,0.627066,1000
74404,0.001121294,1.121294,1000
74405,0.001146547,1.146547,1000
74406,0.000551196,0.551196,1000
74407,0.000702723,0.702723,1000
74408,0.000677753,0.677753,1000
74409,0.000991995,0.991995,1000
74410,0.0010419,1.0419,1000
74411,0.000747154,0.747154,1000
74412,0.001081154,1.081154,1000
74413,0.003512291,3.512291,1000
74414,0.000776663,0.776663,1000
74415,0.001142425,1.142425,1000
74416,0.000926796,0.926796,1000
74417,0.028496656,28.496656,1000
74418,0.001150921,1.150921,1000
74419,0.016158611,16.158611,1000
74420,0.000826419,0.826419,1000
74421,0.004504012,4.504012,1000
74422,0.000961644,0.961644,1000
74423,0.001172865,1.172865,1000
74424,0.000769184,0.769184,1000
74425,0.001039716,1.039716,1000
74426,0.000798577,0.798577,1000
74427,0.001624953,1.624953,1000
74428,0.000959896,0.959896,1000
74429,0.001190955,1.190955,1000
74430,0.008039704,8.039704,1000
74431,0.000343754,0.343754,1000
74432,0.000820475,0.820475,1000
74433,0.001031106,1.031106,1000
74434,0.000568458,0.568458,1000
74435,0.001159599,1.159599,1000
74436,0.003306829,3.306829,1000
74437,0.015994367,15.994367,1000
74438,0.000917104,0.917104,1000
74439,0.000757934,0.757934,1000
74440,0.000359206,0.359206,1000
74441,0.002978117,2.978117,1000
74442,0.064580577,64.580577,1000
74443,0.001179337,1.179337,1000
74445,0.019682915,19.682915,1000
74446,0.000953446,0.953446,1000
74447,0.000622702,0.622702,1000
74448,0.001104592,1.104592,1000
74449,0.000912251,0.912251,1000
74450,0.75086417,750.86417,1000
74451,0.001635382,1.635382,1000
74452,0.00073905,0.73905,1000
74453,0.000835732,0.835732,1000
74454,0.000783777,0.783777,1000
74455,0.000731271,0.731271,1000
74456,0.000913068,0.913068,1000
74457,0.000562701,0.562701,1000
74458,0.001629279,1.629279,1000
74459,0.001062541,1.062541,1000
74460,0.002795692,2.795692,1000
74461,0.000981468,0.981468,1000
74462,0.001274547,1.274547,1000
74463,0.000761359,0.761359,1000
74464,0.000803513,0.803513,1000
74465,0.002163554,2.163554,1000
74466,0.000554622,0.554622,1000
74467,0.001132346,1.132346,1000
74468,0.000905432,0.905432,1000
74469,0.005622459,5.622459,1000
74470,0.001322087,1.322087,1000
74471,0.007866275,7.866275,1000
74472,0.000935513,0.935513,1000
74473,0.003920736,3.920736,1000
74474,0.000944118,0.944118,1000
74475,0.001006165,1.006165,1000
74476,0.000919567,0.919567,1000
74477,0.000824311,0.824311,1000
74478,0.000953672,0.953672,1000
74479,0.001006227,1.006227,1000
74480,0.002954112,2.954112,1000
74481,0.000737879,0.737879,1000
74482,0.000851333,0.851333,1000
74483,0.001062519,1.062519,1000
74484,0.001631915,1.631915,1000
74485,0.000897099,0.897099,1000
74486,0.001119546,1.119546,1000
74487,0.000412834,0.412834,1000
74488,0.001015976,1.015976,1000
74489,0.00143004,1.43004,1000
74491,0.001525076,1.525076,1000
74492,0.001792631,1.792631,1000
74493,0.001089802,1.089802,1000
74494,0.000594734,0.594734,1000
74495,0.001011936,1.011936,1000
74496,0.001446782,1.446782,1000
74497,0.002503767,2.503767,1000
74498,0.001429332,1.429332,1000
74499,0.002449048,2.449048,1000
74500,0.000967203,0.967203,1000
74501,0.002151524,2.151524,1000
74502,0.013518938,13.518938,1000
74503,0.000338168,0.338168,1000
74504,0.001088753,1.088753,1000
74505,0.417284637,417.284637,1000
74506,0.121974688,121.974688,1000
74507,0.00066979,0.66979,1000
74508,0.002185354,2.185354,1000
74509,0.000905999,0.905999,1000
74510,0.000915411,0.915411,1000
74511,0.000890012,0.890012,1000
74512,0.000731681,0.731681,1000
74513,0.000534387,0.534387,1000
74514,0.000822324,0.822324,1000
74515,0.009224313,9.224313,1000
74516,0.00130584,1.30584,1000
74517,0.595283003,595.283003,1000
74518,0.000747709,0.747709,1000
74519,0.001505839,1.505839,1000
74520,0.000994546,0.994546,1000
74521,0.000812963,0.812963,1000
74522,0.000916121,0.916121,1000
74523,0.002323382,2.323382,1000
74524,0.016075144,16.075144,1000
74525,0.001008262,1.008262,1000
74526,0.000688146,0.688146,1000
74527,0.001001252,1.001252,1000
74528,0.000689495,0.689495,1000
74529,0.000825966,0.825966,1000
74530,0.000748292,0.748292,1000
74531,0.011942226,11.942226,1000
74532,0.001399573,1.399573,1000
74533,0.005617841,5.617841,1000
74534,0.002707562,2.707562,1000
74535,0.001476743,1.476743,1000
74536,0.007919087,7.919087,1000
74537,0.001190197,1.190197,1000
74538,0.000980619,0.980619,1000
74539,0.000600787,0.600787,1000
74540,0.00114796,1.14796,1000
74541,0.001006227,1.006227,1000
74542,0.246858758,246.858758,1000
74543,0.001201036,1.201036,1000
74544,0.000770156,0.770156,1000
74545,0.000853142,0.853142,1000
74546,0.000727268,0.727268,1000
74547,0.001318377,1.318377,1000
74548,0.001294334,1.294334,1000
74549,0.001677847,1.677847,1000
74550,0.00164967,1.64967,1000
74551,0.001746026,1.746026,1000
74552,0.001412853,1.412853,1000
74553,0.000761588,0.761588,1000
74554,0.002574307,2.574307,1000
74555,0.000761841,0.761841,1000
74556,0.001042979,1.042979,1000
74557,0.103929954,103.929954,1000
74558,0.004898517,4.898517,1000
74559,0.003192092,3.192092,1000
74560,0.00067658,0.67658,1000
74561,0.001193572,1.193572,1000
74562,0.004538402,4.538402,1000
74563,0.001028405,1.028405,1000
74564,0.001384201,1.384201,1000
74565,0.000956262,0.956262,1000
74566,0.000878349,0.878349,1000
74567,0.000880752,0.880752,1000
74568,0.000499174,0.499174,1000
74569,0.001046724,1.046724,1000
74570,0.001505839,1.505839,1000
74571,0.001061351,1.061351,1000
74572,0.000847072,0.847072,1000
74573,0.000797997,0.797997,1000
74575,0.004567525,4.567525,1000
74576,0.000950436,0.950436,1000
74577,0.001343487,1.343487,1000
74578,0.003124644,3.124644,1000
74579,0.00117837,1.17837,1000
74580,0.000995922,0.995922,1000
74581,0.00789831,7.89831,1000
74582,0.001024048,1.024048,1000
74583,0.005472309,5.472309,1000
74584,0.000718585,0.718585,1000
74585,0.027032957,27.032957,1000
74586,0.030704587,30.704587,1000
74587,0.001366204,1.366204,1000
74588,0.000970828,0.970828,1000
74589,0.001042957,1.042957,1000
74590,0.000964089,0.964089,1000
74591,0.000847557,0.847557,1000
74592,0.004135323,4.135323,1000
74593,0.000825966,0.825966,1000
74594,0.000936678,0.936678,1000
74595,0.000734453,0.734453,1000
74596,0.00083126,0.83126,1000
74597,0.001298085,1.298085,1000
74598,0.009000646,9.000646,1000
74599,0.001054559,1.054559,1000
74600,0.001043373,1.043373,1000
74601,0.000946261,0.946261,1000
74602,0.003345833,3.345833,1000
74603,0.000796676,0.796676,1000
74604,0.000362193,0.362193,1000
74605,0.000846945,0.846945,1000
74606,0.001456381,1.456381,1000
74607,0.000857584,0.857584,1000
74608,0.000885454,0.885454,1000
74609,0.000894163,0.894163,1000
74610,0.006108506,6.108506,1000
74611,0.001553333,1.553333,1000
74612,0.001609087,1.609087,1000
74613,0.003476899,3.476899,1000
74614,0.000780787,0.780787,1000
74615,0.001891913,1.891913,1000
74616,0.001652849,1.652849,1000
74617,0.000931242,0.931242,1000
74618,0.595286263,595.286263,1000
74619,0.00090841,0.90841,1000
74620,0.000783777,0.783777,1000
74621,0.00168095,1.68095,1000
74622,0.000897099,0.897099,1000
74623,0.004097786,4.097786,1000
74624,0.001348365,1.348365,1000
74625,0.000309838,0.309838,1000
74626,0.001159621,1.159621,1000
74627,0.000409551,0.409551,1000
74628,0.000963458,0.963458,1000
74629,0.007676016,7.676016,1000
74630,0.000591538,0.591538,1000
74631,0.001513081,1.513081,1000
74632,0.000824332,0.824332,1000
74633,0.00124276,1.24276,1000
74634,0.00103558,1.03558,1000
74635,0.000969377,0.969377,1000
74636,0.003038942,3.038942,1000
74637,0.001032673,1.032673,1000
74638,0.000982522,0.982522,1000
74639,0.003486181,3.486181,1000
74640,0.00118149,1.18149,1000
74641,0.001059174,1.059174,1000
74642,0.00046757,0.46757,1000
74643,0.000720219,0.720219,1000
74644,0.001062519,1.062519,1000
74645,0.001031655,1.031655,1000
74646,0.002889573,2.889573,1000
74647,0.001145997,1.145997,1000
74648,0.001046599,1.046599,1000
74649,0.000900598,0.900598,1000
74650,0.001076936,1.076936,1000
74651,0.00034194,0.34194,1000
74652,0.000955023,0.955023,1000
74653,0.001011936,1.011936,1000
74654,0.002883763,2.883763,1000
74655,0.000783777,0.783777,1000
74656,0.001042957,1.042957,1000
74657,0.000594227,0.594227,1000
74658,0.000890947,0.890947,1000
74659,0.002042641,2.042641,1000
74660,0.001144266,1.144266,1000
74661,0.002129362,2.129362,1000
74662,0.001481717,1.481717,1000
74663,0.000849473,0.849473,1000
74664,0.000787639,0.787639,1000
74665,0.000687457,0.687457,1000
74666,0.00078378,0.78378,1000
74667,0.000783777,0.783777,1000
74668,0.001036568,1.036568,1000
74669,0.001739416,1.739416,1000
74670,0.002570998,2.570998,1000
74671,0.00137604,1.37604,1000
74672,0.000845094,0.845094,1000
74673,0.06457589,64.57589,1000
74674,0.000689183,0.689183,1000
74675,0.002888927,2.888927,1000
74676,0.000326738,0.326738,1000
74677,0.001113336,1.113336,1000
74678,0.01631987,16.31987,1000
74679,0.001000935,1.000935,1000
74680,0.001022359,1.022359,1000
74681,0.004619708,4.619708,1000
74682,0.02670712,26.70712,1000
74683,0.00114796,1.14796,1000
74684,0.003392307,3.392307,1000
74685,0.000508828,0.508828,1000
74686,0.001505839,1.505839,1000
74687,0.002810871,2.810871,1000
74688,0.008295997,8.295997,1000
74689,0.00137436,1.37436,1000
74690,0.000479073,0.479073,1000
74691,0.000803157,0.803157,1000
74692,0.004760515,4.760515,1000
74693,0.000780541,0.780541,1000
74694,0.000479199,0.479199,1000
74695,0.000992359,0.992359,1000
74696,0.000817555,0.817555,1000
74697,0.000711291,0.711291,1000
74698,0.000980631,0.980631,1000
74699,0.002773433,2.773433,1000
74700,0.000585245,0.585245,1000
74701,0.0401986,40.1986,1000
74702,0.002160719,2.160719,1000
74703,0.003122258,3.122258,1000
74704,0.000865318,0.865318,1000
74705,0.00105382,1.05382,1000
74706,0.000874102,0.874102,1000
74707,0.000506822,0.506822,1000
74708,0.06457589,64.57589,1000
74709,0.001105663,1.105663,1000
74710,0.012608676,12.608676,1000
74711,0.000603922,0.603922,1000
74712,0.003831969,3.831969,1000
74713,0.056259241,56.259241,1000
74714,0.029684272,29.684272,1000
74715,0.000840007,0.840007,1000
74716,0.001377603,1.377603,1000
74717,0.001104592,1.104592,1000
74718,0.000987009,0.987009,1000
74719,0.001134919,1.134919,1000
74720,0.001048907,1.048907,1000
74721,0.017339615,17.339615,1000
74722,0.002981265,2.981265,1000
74723,0.000973253,0.973253,1000
74724,0.00176817,1.76817,1000
74725,0.002032894,2.032894,1000
74726,0.001777984,1.777984,1000
74727,0.000937243,0.937243,1000
74728,0.000660817,0.660817,1000
74729,0.001155282,1.155282,1000
74730,0.000711055,0.711055,1000
74731,0.000889643,0.889643,1000
74732,0.000727574,0.727574,1000
74733,0.000817273,0.817273,1000
74734,0.001002963,1.002963,1000
74735,0.000866809,0.866809,1000
74736,0.001079415,1.079415,1000
74737,0.000837262,0.837262,1000
74738,0.000562051,0.562051,1000
74739,0.006154657,6.154657,1000
74740,0.001071083,1.071083,1000
74741,0.000683477,0.683477,1000
74742,0.000907584,0.907584,1000
74743,0.00067381,0.67381,1000
74744,0.000678011,0.678011,1000
74745,0.001019264,1.019264,1000
74746,0.00095708,0.95708,1000
74747,0.001041789,1.041789,1000
74748,0.075133186,75.133186,1000
74749,0.001148693,1.148693,1000
74750,0.001329583,1.329583,1000
74751,0.057117753,57.117753,1000
74752,0.000875886,0.875886,1000
74753,0.000719363,0.719363,1000
74754,0.000948212,0.948212,1000
74755,0.002827483,2.827483,1000
74756,0.001042556,1.042556,1000
74757,0.001166768,1.166768,1000
74758,0.001048411,1.048411,1000
74759,0.001062519,1.062519,1000
74760,0.000783777,0.783777,1000
74761,0.000681901,0.681901,1000
74762,0.000511404,0.511404,1000
74763,0.000948537,0.948537,1000
74764,0.000729071,0.729071,1000
74765,0.001151,1.151,1000
74766,0.000853969,0.853969,1000
74767,0.001129572,1.129572,1000
74768,0.000745439,0.745439,1000
74769,0.00046176,0.46176,1000
74770,0.001761525,1.761525,1000
74771,0.001350055,1.350055,1000
74772,0.023326326,23.326326,1000
74773,0.00092221,0.92221,1000
74774,0.003649731,3.649731,1000
74775,0.002117735,2.117735,1000
74776,0.001107587,1.107587,1000
74777,0.108841796,108.841796,1000
74778,0.054754546,54.754546,1000
74779,0.001139516,1.139516,1000
74780,0.000566804,0.566804,1000
74781,0.000558655,0.558655,1000
74782,0.002874723,2.874723,1000
74783,0.000702459,0.702459,1000
74784,0.000783777,0.783777,1000
74785,0.000988925,0.988925,1000
74786,0.000692549,0.692549,1000
74787,0.000501031,0.501031,1000
74788,0.00421238,4.21238,1000
74789,0.000418185,0.418185,1000
74790,0.000511684,0.511684,1000
74791,0.00051224,0.51224,1000
74792,0.002643821,2.643821,1000
74793,0.026694132,26.694132,1000
74794,0.000493002,0.493002,1000
74795,0.000567934,0.567934,1000
74796,0.00063314,0.63314,1000
74797,0.000567414,0.567414,1000
74798,0.00081312,0.81312,1000
74799,0.008607347,8.607347,1000
74800,0.000948737,0.948737,1000
74801,0.001016334,1.016334,1000
74802,0.001044721,1.044721,1000
74803,0.000616047,0.616047,1000
74804,0.000383079,0.383079,1000
74805,0.000765883,0.765883,1000
74806,0.000397733,0.397733,1000
74807,0.000570871,0.570871,1000
74808,0.000440306,0.440306,1000
74809,0.001065535,1.065535,1000
74810,0.002732201,2.732201,1000
74811,0.010545426,10.545426,1000
74812,0.000792727,0.792727,1000
74813,0.000767659,0.767659,1000
74814,0.001134926,1.134926,1000
74815,0.000995621,0.995621,1000
74816,0.001104592,1.104592,1000
74817,0.001301653,1.301653,1000
74818,0.00079005,0.79005,1000
74819,0.02660266,26.60266,1000
74820,0.002759197,2.759197,1000
74821,0.010435382,10.435382,1000
74822,0.040136906,40.136906,1000
74823,0.002287397,2.287397,1000
74824,0.001081154,1.081154,1000
74825,0.001199557,1.199557,1000
74826,0.001376094,1.376094,1000
74827,0.000463734,0.463734,1000
74828,0.001216795,1.216795,1000
74829,0.000548664,0.548664,1000
74830,0.000570472,0.570472,1000
74831,0.000999736,0.999736,1000
74832,0.001042957,1.042957,1000
74833,0.001416113,1.416113,1000
74834,0.010383296,10.383296,1000
74835,0.001106655,1.106655,1000
74836,0.026843971,26.843971,1000
74837,0.000834976,0.834976,1000
74838,0.001043007,1.043007,1000
74839,0.000953485,0.953485,1000
74840,0.002306025,2.306025,1000
74841,0.000575912,0.575912,1000
74842,0.001694711,1.694711,1000
74843,0.000822584,0.822584,1000
74844,0.003041084,3.041084,1000
74845,0.003375493,3.375493,1000
74846,0.000708707,0.708707,1000
74847,0.000565412,0.565412,1000
74848,0.001614528,1.614528,1000
74849,0.001232368,1.232368,1000
74850,0.001412853,1.412853,1000
74851,0.001122546,1.122546,1000
74852,0.002721454,2.721454,1000
74853,0.001327025,1.327025,1000
74854,0.001236692,1.236692,1000
74855,0.000612521,0.612521,1000
74856,0.000688955,0.688955,1000
74857,0.000861396,0.861396,1000
74858,0.000810236,0.810236,1000
74859,0.001029247,1.029247,1000
74860,0.000405938,0.405938,1000
74861,0.001203276,1.203276,1000
74862,0.001464083,1.464083,1000
74863,0.00078729,0.78729,1000
74864,0.00460063,4.60063,1000
74865,0.000815554,0.815554,1000
74866,0.001510527,1.510527,1000
74867,0.040328987,40.328987,1000
74868,0.000965633,0.965633,1000
74869,0.006698707,6.698707,1000
74870,0.008166901,8.166901,1000
74871,0.000817939,0.817939,1000
74872,0.00180634,1.80634,1000
74873,0.000858657,0.858657,1000
74874,0.000916839,0.916839,1000
74875,0.001062541,1.062541,1000
74876,0.000746823,0.746823,1000
74877,0.001042957,1.042957,1000
74878,0.055471116,55.471116,1000
74879,0.000863257,0.863257,1000
74880,0.002344756,2.344756,1000
74881,0.000859728,0.859728,1000
74882,0.001071105,1.071105,1000
74883,0.001157213,1.157213,1000
74884,0.012022421,12.022421,1000
74885,0.021019095,21.019095,1000
74886,0.001910357,1.910357,1000
74887,0.000923732,0.923732,1000
74888,0.121762718,121.762718,1000
74889,0.0086396,8.6396,1000
74890,0.001491504,1.491504,1000
74891,0.00104294,1.04294,1000
74892,0.032214247,32.214247,1000
74893,0.000862259,0.862259,1000
74894,0.000937243,0.937243,1000
74895,0.000821461,0.821461,1000
74896,0.000923595,0.923595,1000
74897,0.000993186,0.993186,1000
74898,0.000741736,0.741736,1000
74899,0.000875586,0.875586,1000
74901,0.000571878,0.571878,1000
74902,0.000945177,0.945177,1000
74903,0.000978723,0.978723,1000
74904,0.000977131,0.977131,1000
74905,0.007926291,7.926291,1000
74906,0.001794136,1.794136,1000
74907,0.001081154,1.081154,1000
74908,0.005316463,5.316463,1000
74909,0.000688434,0.688434,1000
74910,0.00378934,3.78934,1000
74911,0.002877179,2.877179,1000
74912,0.001697043,1.697043,1000
74913,0.001134352,1.134352,1000
74914,0.001134919,1.134919,1000
74915,0.000774035,0.774035,1000
74916,0.001023159,1.023159,1000
74917,0.002732066,2.732066,1000
74918,0.000948554,0.948554,1000
74919,0.000499817,0.499817,1000
74920,0.000872128,0.872128,1000
74921,0.026793266,26.793266,1000
74922,0.027926628,27.926628,1000
74923,0.001123598,1.123598,1000
74924,0.000665917,0.665917,1000
74925,0.000688339,0.688339,1000
74926,0.075568058,75.568058,1000
74927,0.001141219,1.141219,1000
74928,0.001006885,1.006885,1000
74929,0.000697892,0.697892,1000
74930,0.000694614,0.694614,1000
74931,0.001318866,1.318866,1000
74932,0.002374435,2.374435,1000
74933,0.001166435,1.166435,1000
74934,0.571859428,571.859428,1000
74935,0.006712735,6.712735,1000
74936,0.000931174,0.931174,1000
74937,0.000646638,0.646638,1000
74938,0.000650999,0.650999,1000
74939,0.005006341,5.006341,1000
74940,0.003518261,3.518261,1000
74941,0.001593884,1.593884,1000
74942,0.000922022,0.922022,1000
74943,0.001159546,1.159546,1000
74944,0.001821889,1.821889,1000
74945,0.001062541,1.062541,1000
74946,0.000465447,0.465447,1000
74947,0.000783777,0.783777,1000
74948,0.004069569,4.069569,1000
74949,0.003010353,3.010353,1000
74950,0.039972779,39.972779,1000
74951,0.000755105,0.755105,1000
74952,0.32615932,326.15932,1000
74953,0.000529543,0.529543,1000
74954,0.003063478,3.063478,1000
74955,0.001448297,1.448297,1000
74956,0.000945592,0.945592,1000
74957,0.000960752,0.960752,1000
74958,0.098057599,98.057599,1000
74959,0.008173239,8.173239,1000
74960,0.000873098,0.873098,1000
74961,0.001217419,1.217419,1000
74962,0.003011264,3.011264,1000
74963,0.001168469,1.168469,1000
74964,0.008607535,8.607535,1000
74965,0.040175595,40.175595,1000
74966,0.000896126,0.896126,1000
74967,0.00113816,1.13816,1000
74968,0.000866795,0.866795,1000
74969,0.003060321,3.060321,1000
74970,0.000938021,0.938021,1000
74971,0.000976813,0.976813,1000
74972,0.00073355,0.73355,1000
74973,0.000691825,0.691825,1000
74974,0.001150022,1.150022,1000
74975,0.037665809,37.665809,1000
74977,0.001014983,1.014983,1000
74978,0.003458113,3.458113,1000
74979,0.001243383,1.243383,1000
74980,0.004861323,4.861323,1000
74981,0.000619557,0.619557,1000
74982,0.000903349,0.903349,1000
74983,0.001554702,1.554702,1000
74984,0.001027463,1.027463,1000
74985,0.001136102,1.136102,1000
74986,0.000941913,0.941913,1000
74987,0.01598431,15.98431,1000
74988,0.000930151,0.930151,1000
74989,0.000842435,0.842435,1000
74990,0.001274768,1.274768,1000
74991,0.001029247,1.029247,1000
74992,0.001073821,1.073821,1000
74993,0.020262873,20.262873,1000
74994,0.001987947,1.987947,1000
74995,0.001173111,1.173111,1000
74997,0.000407573,0.407573,1000
74998,0.000963771,0.963771,1000
74999,0.00160466,1.60466,1000
75000,0.001024048,1.024048,1000
75001,0.002687225,2.687225,1000
75002,0.001011936,1.011936,1000
75003,0.000776991,0.776991,1000
75004,0.000945085,0.945085,1000
75005,0.041301903,41.301903,1000
75006,0.00160551,1.60551,1000
75007,0.000860108,0.860108,1000
75008,0.001412853,1.412853,1000
75009,0.000598449,0.598449,1000
75010,0.008659274,8.659274,1000
75011,0.000900626,0.900626,1000
75012,0.00079374,0.79374,1000
75013,0.001081154,1.081154,1000
75014,0.001062502,1.062502,1000
75015,0.000754147,0.754147,1000
75016,0.001149588,1.149588,1000
75017,0.0014301,1.4301,1000
75018,0.001042957,1.042957,1000
75019,0.000852746,0.852746,1000
75020,0.008281064,8.281064,1000
75021,0.001558369,1.558369,1000
75022,0.001126403,1.126403,1000
75023,0.000703001,0.703001,1000
75025,0.000889143,0.889143,1000
75026,0.003126514,3.126514,1000
75027,0.001525181,1.525181,1000
75028,0.000470464,0.470464,1000
75029,0.000542322,0.542322,1000
75030,0.000993186,0.993186,1000
75031,0.001071083,1.071083,1000
75032,0.016305568,16.305568,1000
75033,0.000657139,0.657139,1000
75034,0.000644577,0.644577,1000
75035,0.000904703,0.904703,1000
75036,0.001060869,1.060869,1000
75037,0.001502718,1.502718,1000
75038,0.000845094,0.845094,1000
75039,0.001070943,1.070943,1000
75040,0.003028361,3.028361,1000
75041,0.001554702,1.554702,1000
75042,0.000950126,0.950126,1000
75043,0.001081154,1.081154,1000
75044,0.001274782,1.274782,1000
75045,0.001081154,1.081154,1000
75046,0.001611241,1.611241,1000
75047,0.000997317,0.997317,1000
75048,0.001006165,1.006165,1000
75049,0.00090729,0.90729,1000
75050,0.000778227,0.778227,1000
75051,0.001144793,1.144793,1000
75052,0.000845094,0.845094,1000
75053,0.000684572,0.684572,1000
75054,0.000774667,0.774667,1000
75055,0.00101829,1.01829,1000
75056,0.000946213,0.946213,1000
75057,0.003066903,3.066903,1000
75058,0.0012675,1.2675,1000
75059,0.002222674,2.222674,1000
75060,0.001533459,1.533459,1000
75061,0.000823923,0.823923,1000
75062,0.000720274,0.720274,1000
75063,0.001078797,1.078797,1000
75064,0.000717593,0.717593,1000
75065,0.001097514,1.097514,1000
75066,0.001043007,1.043007,1000
75067,0.00492738,4.92738,1000
75068,0.000839551,0.839551,1000
75069,0.00078739,0.78739,1000
75070,0.004935031,4.935031,1000
75071,0.001029547,1.029547,1000
75072,0.002795566,2.795566,1000
75074,0.000485826,0.485826,1000
75075,0.000821751,0.821751,1000
75076,0.002407317,2.407317,1000
75077,0.000979494,0.979494,1000
75078,0.00104294,1.04294,1000
75079,0.009582574,9.582574,1000
75080,0.001108175,1.108175,1000
75081,0.001688059,1.688059,1000
75082,0.002953227,2.953227,1000
75083,0.000546208,0.546208,1000
75084,0.000678825,0.678825,1000
75085,0.000951306,0.951306,1000
75086,0.001385415,1.385415,1000
75087,0.001417541,1.417541,1000
75088,0.000550174,0.550174,1000
75089,0.001523569,1.523569,1000
75090,0.000914193,0.914193,1000
75091,0.001927781,1.927781,1000
75092,0.00037819,0.37819,1000
75093,0.001334072,1.334072,1000
75094,0.000935513,0.935513,1000
75095,0.001372411,1.372411,1000
75096,0.001159538,1.159538,1000
75097,0.003056055,3.056055,1000
75098,0.001023794,1.023794,1000
75099,0.001073597,1.073597,1000
75100,0.001072739,1.072739,1000
75101,0.001293608,1.293608,1000
75102,0.000757773,0.757773,1000
75103,0.009348959,9.348959,1000
75104,0.001505839,1.505839,1000
75105,0.000505978,0.505978,1000
75106,0.000908177,0.908177,1000
75107,0.00360712,3.60712,1000
75108,0.001382615,1.382615,1000
75109,0.000738296,0.738296,1000
75110,0.000786417,0.786417,1000
75111,0.001417541,1.417541,1000
75112,0.001467276,1.467276,1000
75113,0.001385607,1.385607,1000
75114,0.001395885,1.395885,1000
75115,0.000950573,0.950573,1000
75116,0.00127661,1.27661,1000
75117,0.006846665,6.846665,1000
75118,0.000612797,0.612797,1000
75119,0.003303548,3.303548,1000
75120,0.002917096,2.917096,1000
75121,0.00157142,1.57142,1000
75122,0.000757621,0.757621,1000
75123,0.000840793,0.840793,1000
75124,0.00299898,2.99898,1000
75125,0.000785555,0.785555,1000
75126,0.000700988,0.700988,1000
75127,0.022759676,22.759676,1000
75128,0.000954263,0.954263,1000
75129,0.000626079,0.626079,1000
75130,0.002259992,2.259992,1000
75131,0.121111169,121.111169,1000
75132,0.000696218,0.696218,1000
75133,0.000630431,0.630431,1000
75134,0.000866414,0.866414,1000
75135,0.001409129,1.409129,1000
75136,0.001520388,1.520388,1000
75137,0.001202738,1.202738,1000
75138,0.008111535,8.111535,1000
75139,0.000679806,0.679806,1000
75140,0.001331611,1.331611,1000
75141,0.000681509,0.681509,1000
75142,0.001366662,1.366662,1000
75143,0.002922486,2.922486,1000
75144,0.00078378,0.78378,1000
75145,0.595286263,595.286263,1000
75146,0.000692388,0.692388,1000
75147,0.001035348,1.035348,1000
75148,0.013615057,13.615057,1000
75149,0.001063819,1.063819,1000
75150,0.002774459,2.774459,1000
75151,0.002165752,2.165752,1000
75152,0.001485865,1.485865,1000
75153,0.000634127,0.634127,1000
75154,0.000962215,0.962215,1000
75155,0.001005038,1.005038,1000
75156,0.001770534,1.770534,1000
75157,0.007957636,7.957636,1000
75158,0.003053058,3.053058,1000
75159,0.001290858,1.290858,1000
75160,0.001062541,1.062541,1000
75161,0.001801841,1.801841,1000
75162,0.001126917,1.126917,1000
75163,0.00141364,1.41364,1000
75164,0.001420176,1.420176,1000
75165,0.000666167,0.666167,1000
75166,0.020080701,20.080701,1000
75167,0.001629378,1.629378,1000
75168,0.000992025,0.992025,1000
75169,0.004808562,4.808562,1000
75170,0.016542452,16.542452,1000
75171,0.001051044,1.051044,1000
75172,0.000805483,0.805483,1000
75173,0.001524997,1.524997,1000
75174,0.008141869,8.141869,1000
75175,0.001243383,1.243383,1000
75176,0.003301008,3.301008,1000
75177,0.004361568,4.361568,1000
75178,0.000846648,0.846648,1000
75179,0.000916433,0.916433,1000
75180,0.003109327,3.109327,1000
75181,0.000819283,0.819283,1000
75182,0.005018716,5.018716,1000
75183,0.00076674,0.76674,1000
75184,0.002794808,2.794808,1000
75185,0.004724008,4.724008,1000
75186,0.000287681,0.287681,1000
75187,0.000915157,0.915157,1000
75188,0.001042957,1.042957,1000
75189,0.001071105,1.071105,1000
75190,0.001534977,1.534977,1000
75191,0.595283003,595.283003,1000
75192,0.003087431,3.087431,1000
75193,0.00065389,0.65389,1000
75194,0.000773608,0.773608,1000
75195,0.000859728,0.859728,1000
75196,0.000606703,0.606703,1000
75197,0.001497372,1.497372,1000
75198,0.030992675,30.992675,1000
75199,0.000757779,0.757779,1000
75200,0.000847334,0.847334,1000
75201,0.00118249,1.18249,1000
75202,0.007053063,7.053063,1000
75203,0.00092399,0.92399,1000
75204,0.017589406,17.589406,1000
75205,0.001065369,1.065369,1000
75206,0.000605057,0.605057,1000
75207,0.001011874,1.011874,1000
75208,0.001160844,1.160844,1000
75209,0.001613775,1.613775,1000
75210,0.002094187,2.094187,1000
75211,0.001228443,1.228443,1000
75212,0.001626412,1.626412,1000
75213,0.000662628,0.662628,1000
75214,0.210895063,210.895063,1000
75215,0.001523648,1.523648,1000
75216,0.000809642,0.809642,1000
75217,0.570699185,570.699185,1000
75218,0.001505839,1.505839,1000
75219,0.001946622,1.946622,1000
75220,0.246465231,246.465231,1000
75221,0.000629918,0.629918,1000
75222,0.000465807,0.465807,1000
75223,0.006811726,6.811726,1000
75224,0.002127857,2.127857,1000
75225,0.00107701,1.07701,1000
75226,0.001487009,1.487009,1000
75227,0.001438746,1.438746,1000
75228,0.006037398,6.037398,1000
75229,0.00054846,0.54846,1000
75230,0.001042319,1.042319,1000
75231,0.018842894,18.842894,1000
75232,0.001042979,1.042979,1000
75233,0.000615167,0.615167,1000
75234,0.001015484,1.015484,1000
75235,0.001432804,1.432804,1000
75236,0.00544176,5.44176,1000
75237,0.000999266,0.999266,1000
75238,0.010058371,10.058371,1000
75239,0.000341871,0.341871,1000
75240,0.246469894,246.469894,1000
75241,0.00092055,0.92055,1000
75242,0.001327025,1.327025,1000
75243,0.000875189,0.875189,1000
75244,0.009238586,9.238586,1000
75245,0.010464014,10.464014,1000
75246,0.00217927,2.17927,1000
75247,0.000590338,0.590338,1000
75248,0.001978664,1.978664,1000
75249,0.009700209,9.700209,1000
75250,0.001071083,1.071083,1000
75251,0.001389862,1.389862,1000
75252,0.0005792,0.5792,1000
75253,0.001044721,1.044721,1000
75254,0.003821398,3.821398,1000
75255,0.001062541,1.062541,1000
75256,0.000935513,0.935513,1000
75257,0.004760302,4.760302,1000
75258,0.00103168,1.03168,1000
75259,0.001114236,1.114236,1000
75260,0.00079703,0.79703,1000
75261,0.000957101,0.957101,1000
75262,0.001334149,1.334149,1000
75263,0.003195958,3.195958,1000
75264,0.000650516,0.650516,1000
75265,0.001049135,1.049135,1000
75266,0.001071105,1.071105,1000
75267,0.000908074,0.908074,1000
75268,0.001144266,1.144266,1000
75269,0.002878692,2.878692,1000
75270,0.009809439,9.809439,1000
75271,0.001153677,1.153677,1000
75272,0.003388125,3.388125,1000
75273,0.000830908,0.830908,1000
75274,0.001134919,1.134919,1000
75275,0.008885544,8.885544,1000
75276,0.000974627,0.974627,1000
75277,0.002826058,2.826058,1000
75278,0.026606363,26.606363,1000
75279,0.004169645,4.169645,1000
75280,0.000993186,0.993186,1000
75281,0.009614194,9.614194,1000
75282,0.001046372,1.046372,1000
75283,0.040255066,40.255066,1000
75284,0.211909707,211.909707,1000
75285,0.00082325,0.82325,1000
75286,0.000888807,0.888807,1000
75287,0.001613775,1.613775,1000
75288,0.016145425,16.145425,1000
75289,0.000726034,0.726034,1000
75290,0.002980547,2.980547,1000
75291,0.00120703,1.20703,1000
75292,0.00092193,0.92193,1000
75293,0.000767783,0.767783,1000
75294,0.05151943,51.51943,1000
75295,0.007954443,7.954443,1000
75296,0.011132157,11.132157,1000
75297,0.000950139,0.950139,1000
75298,0.000994468,0.994468,1000
75299,0.001220914,1.220914,1000
75300,0.001058595,1.058595,1000
75301,0.000895272,0.895272,1000
75302,0.001220205,1.220205,1000
75303,0.001053578,1.053578,1000
75304,0.010238854,10.238854,1000
75305,0.000260474,0.260474,1000
75306,0.000946826,0.946826,1000
75307,0.000679878,0.679878,1000
75308,0.001011936,1.011936,1000
75309,0.001330889,1.330889,1000
75310,0.0009048,0.9048,1000
75311,0.001639044,1.639044,1000
75312,0.001373239,1.373239,1000
75313,0.00115367,1.15367,1000
75314,0.038059914,38.059914,1000
75315,0.000685223,0.685223,1000
75316,0.000682778,0.682778,1000
75317,0.000922113,0.922113,1000
75318,0.000313912,0.313912,1000
75319,0.026834091,26.834091,1000
75320,0.000982946,0.982946,1000
75321,0.001010335,1.010335,1000
75322,0.000893334,0.893334,1000
75324,0.001081154,1.081154,1000
75325,0.002762165,2.762165,1000
75326,0.001886535,1.886535,1000
75327,0.000995922,0.995922,1000
75328,0.001246149,1.246149,1000
75329,0.148472506,148.472506,1000
75330,0.002290286,2.290286,1000
75331,0.00068481,0.68481,1000
75332,0.008087891,8.087891,1000
75333,0.001513667,1.513667,1000
75334,0.000696054,0.696054,1000
75335,0.000886756,0.886756,1000
75336,0.001132283,1.132283,1000
75337,0.016167889,16.167889,1000
75338,0.001462463,1.462463,1000
75339,0.000334789,0.334789,1000
75340,0.026915486,26.915486,1000
75341,0.015318801,15.318801,1000
75342,0.000855471,0.855471,1000
75343,0.001042957,1.042957,1000
75344,0.001098609,1.098609,1000
75345,0.001239625,1.239625,1000
75346,0.001463081,1.463081,1000
75347,0.000428948,0.428948,1000
75348,0.000797165,0.797165,1000
75349,0.000415844,0.415844,1000
75350,0.286461082,286.461082,1000
75351,0.001225769,1.225769,1000
75352,0.000993124,0.993124,1000
75353,0.001151,1.151,1000
75354,0.001029247,1.029247,1000
75355,0.000791045,0.791045,1000
75356,0.000602352,0.602352,1000
75357,0.003617664,3.617664,1000
75358,0.000908973,0.908973,1000
75359,0.284338713,284.338713,1000
75360,0.000813333,0.813333,1000
75361,0.092822269,92.822269,1000
75362,0.027036806,27.036806,1000
75363,0.016213821,16.213821,1000
75364,0.001907708,1.907708,1000
75365,0.001524997,1.524997,1000
75366,0.001036631,1.036631,1000
75367,0.00824483,8.24483,1000
75368,0.03995558,39.95558,1000
75369,0.040802725,40.802725,1000
75370,0.000938053,0.938053,1000
75371,0.000529778,0.529778,1000
75372,0.001411055,1.411055,1000
75373,0.000465713,0.465713,1000
75374,0.002904789,2.904789,1000
75375,0.001011936,1.011936,1000
75376,0.00100507,1.00507,1000
75377,0.001015608,1.015608,1000
75378,0.001816682,1.816682,1000
75379,0.001071105,1.071105,1000
75380,0.000585121,0.585121,1000
75381,0.00073897,0.73897,1000
75382,0.001266587,1.266587,1000
75383,0.000670614,0.670614,1000
75384,0.000999358,0.999358,1000
75385,0.016448335,16.448335,1000
75386,0.000624682,0.624682,1000
75387,0.000757117,0.757117,1000
75388,0.000795495,0.795495,1000
75389,0.001114699,1.114699,1000
75390,0.016190261,16.190261,1000
75391,0.000758715,0.758715,1000
75392,0.000886327,0.886327,1000
75393,0.060096427,60.096427,1000
75394,0.001081154,1.081154,1000
75395,0.000572065,0.572065,1000
75396,0.040714067,40.714067,1000
75397,0.001224551,1.224551,1000
75398,0.00337345,3.37345,1000
75399,0.001149544,1.149544,1000
75400,0.000374855,0.374855,1000
75401,0.001100666,1.100666,1000
75402,0.00087603,0.87603,1000
75403,0.001708098,1.708098,1000
75404,0.002012855,2.012855,1000
75405,0.000891204,0.891204,1000
75406,0.001042957,1.042957,1000
75407,0.000993186,0.993186,1000
75408,0.001520388,1.520388,1000
75409,0.000937311,0.937311,1000
75410,0.001149707,1.149707,1000
75411,0.000484866,0.484866,1000
75412,0.000809547,0.809547,1000
75413,0.002260731,2.260731,1000
75414,0.000564614,0.564614,1000
75415,0.000654805,0.654805,1000
75416,0.000814367,0.814367,1000
75417,0.000986847,0.986847,1000
75418,0.001386841,1.386841,1000
75419,0.000899009,0.899009,1000
75420,0.001133369,1.133369,1000
75421,0.000632994,0.632994,1000
75422,0.001486852,1.486852,1000
75423,0.000508247,0.508247,1000
75424,0.003341577,3.341577,1000
75425,0.000837542,0.837542,1000
75426,0.001116857,1.116857,1000
75427,0.000892439,0.892439,1000
75428,0.000570282,0.570282,1000
75429,0.000937895,0.937895,1000
75430,0.000823205,0.823205,1000
75431,0.00067821,0.67821,1000
75432,0.002914592,2.914592,1000
75433,0.002826401,2.826401,1000
75434,0.000543064,0.543064,1000
75435,0.001321031,1.321031,1000
75436,0.038412201,38.412201,1000
75437,0.000939052,0.939052,1000
75438,0.004354068,4.354068,1000
75439,0.000491082,0.491082,1000
75440,0.000859371,0.859371,1000
75441,0.00138504,1.38504,1000
75442,0.001612347,1.612347,1000
75443,0.000927431,0.927431,1000
75444,0.001399676,1.399676,1000
75445,0.040613975,40.613975,1000
75446,0.145252756,145.252756,1000
75447,0.000461323,0.461323,1000
75448,0.001519495,1.519495,1000
75449,0.000893847,0.893847,1000
75450,0.001557149,1.557149,1000
75451,0.001483455,1.483455,1000
75452,0.000993124,0.993124,1000
75453,0.001520493,1.520493,1000
75454,0.000876764,0.876764,1000
75455,0.000554079,0.554079,1000
75456,0.006644294,6.644294,1000
75457,0.000919197,0.919197,1000
75458,0.001598287,1.598287,1000
75459,0.001221802,1.221802,1000
75460,0.001913041,1.913041,1000
75461,0.000885324,0.885324,1000
75462,0.026305331,26.305331,1000
75463,0.000775891,0.775891,1000
75464,0.001453121,1.453121,1000
75465,0.001360904,1.360904,1000
75466,0.001024494,1.024494,1000
75467,0.000775813,0.775813,1000
75468,0.000753097,0.753097,1000
75469,0.001241278,1.241278,1000
75470,0.000944737,0.944737,1000
75471,0.001707484,1.707484,1000
75472,0.000825735,0.825735,1000
75473,0.006560285,6.560285,1000
75474,0.000734909,0.734909,1000
75475,0.001402274,1.402274,1000
75476,0.557653372,557.653372,1000
75478,0.000911015,0.911015,1000
75479,0.001483479,1.483479,1000
75480,0.000789634,0.789634,1000
75481,0.001081154,1.081154,1000
75482,0.002303421,2.303421,1000
75483,0.001062519,1.062519,1000
75484,0.000872415,0.872415,1000
75485,0.000799452,0.799452,1000
75486,0.001005982,1.005982,1000
75487,0.002799117,2.799117,1000
75488,0.007775371,7.775371,1000
75489,0.00088402,0.88402,1000
75490,0.000919161,0.919161,1000
75491,0.000577931,0.577931,1000
75492,0.000374357,0.374357,1000
75493,0.001510527,1.510527,1000
75494,0.0015091,1.5091,1000
75495,0.003030622,3.030622,1000
75496,0.003237092,3.237092,1000
75497,0.001681571,1.681571,1000
75498,0.001011874,1.011874,1000
75499,0.008386152,8.386152,1000
75500,0.001735713,1.735713,1000
75501,0.002978453,2.978453,1000
75502,0.001328954,1.328954,1000
75503,0.001609087,1.609087,1000
75504,0.00062447,0.62447,1000
75505,0.000749491,0.749491,1000
75506,0.001070479,1.070479,1000
75507,0.000546254,0.546254,1000
75508,0.0008616,0.8616,1000
75509,0.001726211,1.726211,1000
75510,0.000646122,0.646122,1000
75511,0.000860169,0.860169,1000
75512,0.000312454,0.312454,1000
75513,0.001268575,1.268575,1000
75514,0.003682334,3.682334,1000
75515,0.000803517,0.803517,1000
75516,0.000582066,0.582066,1000
75517,0.009116007,9.116007,1000
75518,0.00103168,1.03168,1000
75519,0.000836587,0.836587,1000
75520,0.002894582,2.894582,1000
75521,0.00080665,0.80665,1000
75522,0.003278425,3.278425,1000
75523,0.00102872,1.02872,1000
75524,0.00066355,0.66355,1000
75525,0.00108371,1.08371,1000
75526,0.000488722,0.488722,1000
75527,0.00267292,2.67292,1000
75528,0.001114913,1.114913,1000
75529,0.00124437,1.24437,1000
75530,0.000978304,0.978304,1000
75531,0.000783777,0.783777,1000
75532,0.000807828,0.807828,1000
75533,0.001439663,1.439663,1000
75534,0.003414309,3.414309,1000
75535,0.000283193,0.283193,1000
75536,0.001062519,1.062519,1000
75537,0.001503763,1.503763,1000
75538,0.000947554,0.947554,1000
75539,0.000575987,0.575987,1000
75540,0.000751497,0.751497,1000
75541,0.000524232,0.524232,1000
75542,0.000782458,0.782458,1000
75543,0.00081547,0.81547,1000
75544,0.001321941,1.321941,1000
75545,0.001215707,1.215707,1000
75546,0.000392749,0.392749,1000
75547,0.002572995,2.572995,1000
75548,0.000731399,0.731399,1000
75549,0.00081312,0.81312,1000
75550,0.001456359,1.456359,1000
75551,0.000654867,0.654867,1000
75552,0.002050208,2.050208,1000
75553,0.000893566,0.893566,1000
75554,0.001070943,1.070943,1000
75555,0.000700462,0.700462,1000
75556,0.0087559,8.7559,1000
75557,0.001010701,1.010701,1000
75558,0.001044094,1.044094,1000
75559,0.001025608,1.025608,1000
75560,0.016053377,16.053377,1000
75561,0.000759997,0.759997,1000
75562,0.00085631,0.85631,1000
75563,0.067242252,67.242252,1000
75564,0.001191256,1.191256,1000
75565,0.001223059,1.223059,1000
75566,0.000796882,0.796882,1000
75567,0.001159397,1.159397,1000
75568,0.000727143,0.727143,1000
75569,0.001443885,1.443885,1000
75570,0.001011601,1.011601,1000
75571,0.001081154,1.081154,1000
75572,0.005015243,5.015243,1000
75573,0.013115363,13.115363,1000
75574,0.008325892,8.325892,1000
75575,0.003385208,3.385208,1000
75576,0.000787146,0.787146,1000
75577,0.000825966,0.825966,1000
75578,0.002894489,2.894489,1000
75579,0.000813406,0.813406,1000
75580,0.001211321,1.211321,1000
75581,0.001011936,1.011936,1000
75582,0.001412853,1.412853,1000
75583,0.001026773,1.026773,1000
75584,0.000562572,0.562572,1000
75585,0.001392271,1.392271,1000
75586,0.000963771,0.963771,1000
75587,0.000742142,0.742142,1000
75588,0.004143718,4.143718,1000
75589,0.001383518,1.383518,1000
75590,0.014740499,14.740499,1000
75591,0.000618883,0.618883,1000
75592,0.001417541,1.417541,1000
75593,0.001274907,1.274907,1000
75594,0.001825149,1.825149,1000
75595,0.002219403,2.219403,1000
75596,0.001268455,1.268455,1000
75597,0.00105043,1.05043,1000
75598,0.001113122,1.113122,1000
75599,0.00144211,1.44211,1000
75600,0.001548993,1.548993,1000
75601,0.001303676,1.303676,1000
75602,0.006612258,6.612258,1000
75603,0.002818094,2.818094,1000
75604,0.008661975,8.661975,1000
75605,0.00084478,0.84478,1000
75606,0.003024509,3.024509,1000
75607,0.000634668,0.634668,1000
75608,0.000836353,0.836353,1000
75609,0.007747727,7.747727,1000
75610,0.000954951,0.954951,1000
75611,0.000584606,0.584606,1000
75612,0.001042957,1.042957,1000
75613,0.000778394,0.778394,1000
75614,0.001412853,1.412853,1000
75615,0.000785639,0.785639,1000
75616,0.000783777,0.783777,1000
75617,0.00887922,8.87922,1000
75618,0.001412853,1.412853,1000
75619,0.024072485,24.072485,1000
75620,0.038096436,38.096436,1000
75621,0.000678866,0.678866,1000
75622,0.000882371,0.882371,1000
75623,0.001971762,1.971762,1000
75624,0.000854476,0.854476,1000
75625,0.001591112,1.591112,1000
75626,0.008270412,8.270412,1000
75627,0.000939739,0.939739,1000
75628,0.001551442,1.551442,1000
75629,0.001105923,1.105923,1000
75630,0.00137604,1.37604,1000
75631,0.012539282,12.539282,1000
75632,0.00137604,1.37604,1000
75633,0.001376094,1.376094,1000
75634,0.001509138,1.509138,1000
75635,0.000809165,0.809165,1000
75636,0.016178603,16.178603,1000
75637,0.000568611,0.568611,1000
75638,0.000708281,0.708281,1000
75639,0.00188429,1.88429,1000
75640,0.002516882,2.516882,1000
75641,0.000730743,0.730743,1000
75642,0.003038992,3.038992,1000
75643,0.001042916,1.042916,1000
75644,0.001001381,1.001381,1000
75645,0.001108522,1.108522,1000
75646,0.001403976,1.403976,1000
75647,0.027033827,27.033827,1000
75648,0.000713579,0.713579,1000
75649,0.001358657,1.358657,1000
75651,0.000993124,0.993124,1000
75652,0.131255873,131.255873,1000
75653,0.001394195,1.394195,1000
75654,0.001394195,1.394195,1000
75655,0.000888089,0.888089,1000
75656,0.001016034,1.016034,1000
75657,0.00306166,3.06166,1000
75658,0.000922832,0.922832,1000
75659,0.000822663,0.822663,1000
75660,0.002535677,2.535677,1000
75661,0.000765451,0.765451,1000
75662,0.001042979,1.042979,1000
75663,0.000871196,0.871196,1000
75664,0.001442344,1.442344,1000
75665,0.001149619,1.149619,1000
75666,0.000703876,0.703876,1000
75667,0.001185127,1.185127,1000
75668,0.018886144,18.886144,1000
75669,0.000751203,0.751203,1000
75670,0.000662525,0.662525,1000
75671,0.000832933,0.832933,1000
75672,0.000847469,0.847469,1000
75673,0.013034875,13.034875,1000
75674,0.001394195,1.394195,1000
75675,0.006782166,6.782166,1000
75676,0.001394195,1.394195,1000
75677,0.001394195,1.394195,1000
75678,0.001134926,1.134926,1000
75679,0.000957538,0.957538,1000
75680,0.001134919,1.134919,1000
75681,0.001492225,1.492225,1000
75682,0.001270917,1.270917,1000
75683,0.011209634,11.209634,1000
75684,0.001201032,1.201032,1000
75685,0.001004731,1.004731,1000
75686,0.000360147,0.360147,1000
75687,0.001206152,1.206152,1000
75688,0.000767596,0.767596,1000
75689,0.001394195,1.394195,1000
75690,0.000853909,0.853909,1000
75691,0.000596116,0.596116,1000
75692,0.003710502,3.710502,1000
75693,0.000657867,0.657867,1000
75694,0.00103168,1.03168,1000
75695,0.000656641,0.656641,1000
75696,0.002873091,2.873091,1000
75697,0.002832264,2.832264,1000
75698,0.040117314,40.117314,1000
75699,0.000775947,0.775947,1000
75700,0.004165859,4.165859,1000
75701,0.005305923,5.305923,1000
75702,0.000845094,0.845094,1000
75703,0.001032565,1.032565,1000
75704,0.002430113,2.430113,1000
75705,0.003088243,3.088243,1000
75706,0.000855412,0.855412,1000
75707,0.007904593,7.904593,1000
75708,0.001123107,1.123107,1000
75709,0.001913041,1.913041,1000
75710,0.000875248,0.875248,1000
75711,0.005270057,5.270057,1000
75712,0.0015091,1.5091,1000
75713,0.001010701,1.010701,1000
75714,0.000867405,0.867405,1000
75715,0.001410553,1.410553,1000
75716,0.001275297,1.275297,1000
75717,0.00108109,1.08109,1000
75718,0.000747839,0.747839,1000
75719,0.000715855,0.715855,1000
75720,0.001175549,1.175549,1000
75721,0.006319713,6.319713,1000
75722,0.009028053,9.028053,1000
75723,0.000883957,0.883957,1000
75724,0.002070277,2.070277,1000
75725,0.002245804,2.245804,1000
75726,0.000785432,0.785432,1000
75727,0.003918271,3.918271,1000
75728,0.004327133,4.327133,1000
75729,0.001133912,1.133912,1000
75730,0.001372288,1.372288,1000
75731,0.003041603,3.041603,1000
75732,0.000690578,0.690578,1000
75733,0.000677524,0.677524,1000
75734,0.000778297,0.778297,1000
75735,0.001656285,1.656285,1000
75736,0.000536387,0.536387,1000
75737,0.00082343,0.82343,1000
75738,0.001011936,1.011936,1000
75739,0.000753049,0.753049,1000
75740,0.002401432,2.401432,1000
75741,0.001097456,1.097456,1000
75742,0.00070671,0.70671,1000
75743,0.000993124,0.993124,1000
75744,0.00104731,1.04731,1000
75745,0.001937037,1.937037,1000
75746,0.000892275,0.892275,1000
75747,0.001314354,1.314354,1000
75748,0.000864974,0.864974,1000
75749,0.001071083,1.071083,1000
75750,0.001253312,1.253312,1000
75751,0.003304975,3.304975,1000
75752,0.001201032,1.201032,1000
75753,0.001252508,1.252508,1000
75754,0.00081312,0.81312,1000
75755,0.000668436,0.668436,1000
75756,0.000718899,0.718899,1000
75757,0.000909358,0.909358,1000
75758,0.001158933,1.158933,1000
75759,0.000845094,0.845094,1000
75760,0.001005079,1.005079,1000
75761,0.003283799,3.283799,1000
75762,0.000720929,0.720929,1000
75763,0.001487009,1.487009,1000
75764,0.00072322,0.72322,1000
75765,0.001171504,1.171504,1000
75766,0.000798139,0.798139,1000
75767,0.001011936,1.011936,1000
75768,0.001330889,1.330889,1000
75769,0.001184545,1.184545,1000
75770,0.001064319,1.064319,1000
75771,0.002236587,2.236587,1000
75772,0.001011936,1.011936,1000
75773,0.001097456,1.097456,1000
75774,0.004241213,4.241213,1000
75775,0.000892416,0.892416,1000
75776,0.000811282,0.811282,1000
75777,0.001017127,1.017127,1000
75778,0.001176705,1.176705,1000
75779,0.000806271,0.806271,1000
75780,0.005725949,5.725949,1000
75781,0.000728356,0.728356,1000
75782,0.000715249,0.715249,1000
75783,0.001595057,1.595057,1000
75784,0.001115853,1.115853,1000
75785,0.033476812,33.476812,1000
75786,0.000735871,0.735871,1000
75787,0.000741773,0.741773,1000
75788,0.0008058,0.8058,1000
75789,0.001312558,1.312558,1000
75790,0.000800297,0.800297,1000
75791,0.001006227,1.006227,1000
75792,0.022905781,22.905781,1000
75793,0.001292714,1.292714,1000
75794,0.001022098,1.022098,1000
75795,0.000689482,0.689482,1000
75796,0.001528801,1.528801,1000
75797,0.00333101,3.33101,1000
75798,0.000558786,0.558786,1000
75799,0.001056698,1.056698,1000
75800,0.00074302,0.74302,1000
75801,0.001133556,1.133556,1000
75802,0.002863034,2.863034,1000
75803,0.002901807,2.901807,1000
75804,0.06457915,64.57915,1000
75805,0.00803902,8.03902,1000
75806,0.001182748,1.182748,1000
75807,0.001134926,1.134926,1000
75808,0.003034282,3.034282,1000
75809,0.001163946,1.163946,1000
75810,0.03178967,31.78967,1000
75811,0.003463125,3.463125,1000
75812,0.00086936,0.86936,1000
75813,0.000904257,0.904257,1000
75814,0.000576686,0.576686,1000
75815,0.000510084,0.510084,1000
75816,0.00072992,0.72992,1000
75817,0.000772554,0.772554,1000
75818,0.000994087,0.994087,1000
75819,0.001001591,1.001591,1000
75820,0.001016838,1.016838,1000
75821,0.001547181,1.547181,1000
75822,0.00057713,0.57713,1000
75823,0.000963894,0.963894,1000
75824,0.000768418,0.768418,1000
75825,0.000852401,0.852401,1000
75826,0.000834291,0.834291,1000
75827,0.001594735,1.594735,1000
75828,0.008627926,8.627926,1000
75829,0.00162527,1.62527,1000
75830,0.008531911,8.531911,1000
75831,0.02681384,26.81384,1000
75832,0.000586024,0.586024,1000
75833,0.000580285,0.580285,1000
75834,0.001071105,1.071105,1000
75835,0.001388001,1.388001,1000
75836,0.004579503,4.579503,1000
75837,0.002892246,2.892246,1000
75838,0.001071066,1.071066,1000
75839,0.000887624,0.887624,1000
75840,0.005262078,5.262078,1000
75841,0.000830034,0.830034,1000
75842,0.000825969,0.825969,1000
75843,0.000650279,0.650279,1000
75844,0.001150417,1.150417,1000
75845,0.000878358,0.878358,1000
75846,0.000684258,0.684258,1000
75847,0.001098609,1.098609,1000
75848,0.002371048,2.371048,1000
75849,0.000710307,0.710307,1000
75850,0.006562055,6.562055,1000
75851,0.00080743,0.80743,1000
75852,0.007657402,7.657402,1000
75853,0.000783777,0.783777,1000
75854,0.000803718,0.803718,1000
75855,0.013772476,13.772476,1000
75856,0.000973885,0.973885,1000
75857,0.001184582,1.184582,1000
75858,0.000293421,0.293421,1000
75859,0.000738038,0.738038,1000
75860,0.000952338,0.952338,1000
75861,0.000823338,0.823338,1000
75862,0.008634137,8.634137,1000
75863,0.000779118,0.779118,1000
75864,0.000918929,0.918929,1000
75865,0.004789457,4.789457,1000
75866,0.080487312,80.487312,1000
75867,0.001229253,1.229253,1000
75868,0.000367423,0.367423,1000
75869,0.00115367,1.15367,1000
75870,0.000868928,0.868928,1000
75871,0.000785969,0.785969,1000
75872,0.001211739,1.211739,1000
75873,0.102907607,102.907607,1000
75874,0.001051039,1.051039,1000
75875,0.001969033,1.969033,1000
75876,0.009294673,9.294673,1000
75877,0.00262211,2.62211,1000
75878,0.000786565,0.786565,1000
75879,0.004371638,4.371638,1000
75880,0.001080643,1.080643,1000
75881,0.000808282,0.808282,1000
75882,0.096835974,96.835974,1000
75883,0.001047683,1.047683,1000
75884,0.001633611,1.633611,1000
75885,0.000571899,0.571899,1000
75886,0.001044721,1.044721,1000
75887,0.001487009,1.487009,1000
75888,0.001825149,1.825149,1000
75889,0.000993186,0.993186,1000
75890,0.010999919,10.999919,1000
75891,0.000271588,0.271588,1000
75892,0.00081312,0.81312,1000
75893,0.004006489,4.006489,1000
75894,0.001510527,1.510527,1000
75895,0.056546157,56.546157,1000
75896,0.000626761,0.626761,1000
75897,0.003672696,3.672696,1000
75898,0.000935967,0.935967,1000
75899,0.000703071,0.703071,1000
75900,0.001071083,1.071083,1000
75901,0.000703803,0.703803,1000
75902,0.007327222,7.327222,1000
75903,0.002343785,2.343785,1000
75904,0.00085588,0.85588,1000
75905,0.001011936,1.011936,1000
75906,0.000937369,0.937369,1000
75907,0.001483455,1.483455,1000
75908,0.00090787,0.90787,1000
75909,0.182315057,182.315057,1000
75910,0.001046488,1.046488,1000
75911,0.002882541,2.882541,1000
75912,0.001044544,1.044544,1000
75913,0.000977131,0.977131,1000
75914,0.001521501,1.521501,1000
75915,0.002720761,2.720761,1000
75916,0.00246742,2.46742,1000
75917,0.000613122,0.613122,1000
75919,0.001081154,1.081154,1000
75920,0.000699958,0.699958,1000
75921,0.000928703,0.928703,1000
75922,0.001623754,1.623754,1000
75923,0.001207642,1.207642,1000
75924,0.002207987,2.207987,1000
75925,0.000440581,0.440581,1000
75926,0.002911526,2.911526,1000
75927,0.044847826,44.847826,1000
75928,0.001107893,1.107893,1000
75929,0.005235652,5.235652,1000
75930,0.001173097,1.173097,1000
75931,0.001292115,1.292115,1000
75932,0.016121178,16.121178,1000
75933,0.000411753,0.411753,1000
75934,0.001021203,1.021203,1000
75935,0.000589743,0.589743,1000
75936,0.000924964,0.924964,1000
75937,0.003025092,3.025092,1000
75938,0.000849008,0.849008,1000
75939,0.016137313,16.137313,1000
75940,0.002684504,2.684504,1000
75941,0.001081154,1.081154,1000
75942,0.000696661,0.696661,1000
75943,0.002372671,2.372671,1000
75944,0.001770319,1.770319,1000
75945,0.001098324,1.098324,1000
75946,0.006832858,6.832858,1000
75947,0.001296403,1.296403,1000
75948,0.00081475,0.81475,1000
75949,0.001629313,1.629313,1000
75950,0.001301238,1.301238,1000
75951,0.000857356,0.857356,1000
75952,0.00111596,1.11596,1000
75953,0.123125818,123.125818,1000
75954,0.001046488,1.046488,1000
75955,0.002207987,2.207987,1000
75956,0.000858998,0.858998,1000
75957,0.001014503,1.014503,1000
75958,0.001042957,1.042957,1000
75959,0.001169491,1.169491,1000
75960,0.002964942,2.964942,1000
75961,0.000592379,0.592379,1000
75962,0.002744774,2.744774,1000
75963,0.001081154,1.081154,1000
75964,0.008244311,8.244311,1000
75965,0.001505031,1.505031,1000
75966,0.001071637,1.071637,1000
75967,0.000777386,0.777386,1000
75968,0.000843923,0.843923,1000
75969,0.001402179,1.402179,1000
75970,0.000630431,0.630431,1000
75971,0.000805022,0.805022,1000
75972,0.000891091,0.891091,1000
75973,0.00794481,7.94481,1000
75974,0.000912064,0.912064,1000
75975,0.000808243,0.808243,1000
75976,0.000761676,0.761676,1000
75977,0.000837289,0.837289,1000
75978,0.000228445,0.228445,1000
75979,0.000549122,0.549122,1000
75980,0.001229863,1.229863,1000
75981,0.001462129,1.462129,1000
75982,0.000668836,0.668836,1000
75983,0.005868791,5.868791,1000
75984,0.000857806,0.857806,1000
75985,0.015953091,15.953091,1000
75986,0.001827477,1.827477,1000
75987,0.001062519,1.062519,1000
75988,0.000607317,0.607317,1000
75989,0.009032462,9.032462,1000
75990,0.040842104,40.842104,1000
75991,0.000608421,0.608421,1000
75992,0.000935513,0.935513,1000
75993,0.000927857,0.927857,1000
75994,0.000708703,0.708703,1000
75995,0.003040286,3.040286,1000
75996,0.001510527,1.510527,1000
75997,0.001141219,1.141219,1000
75998,0.000663864,0.663864,1000
75999,0.002344058,2.344058,1000
76000,0.000667884,0.667884,1000
76001,0.000956336,0.956336,1000
76002,0.000249566,0.249566,1000
76003,0.000750595,0.750595,1000
76004,0.000976535,0.976535,1000
76005,0.000799009,0.799009,1000
76006,0.001093087,1.093087,1000
76007,0.003303548,3.303548,1000
76008,0.001093286,1.093286,1000
76009,0.001062569,1.062569,1000
76010,0.000577469,0.577469,1000
76011,0.00081312,0.81312,1000
76012,0.000930854,0.930854,1000
76013,0.003672354,3.672354,1000
76014,0.00102986,1.02986,1000
76015,0.003770296,3.770296,1000
76016,0.00089041,0.89041,1000
76017,0.000517015,0.517015,1000
76018,0.004176667,4.176667,1000
76019,0.002441707,2.441707,1000
76020,0.000696756,0.696756,1000
76021,0.000839255,0.839255,1000
76022,0.000889784,0.889784,1000
76023,0.000903105,0.903105,1000
76024,0.000801063,0.801063,1000
76025,0.000752628,0.752628,1000
76026,0.000897546,0.897546,1000
76027,0.003596603,3.596603,1000
76028,0.002218564,2.218564,1000
76029,0.000371367,0.371367,1000
76030,0.019519059,19.519059,1000
76031,0.008871124,8.871124,1000
76032,0.001061435,1.061435,1000
76033,0.000790328,0.790328,1000
76034,0.01593731,15.93731,1000
76035,0.001525076,1.525076,1000
76036,0.001042957,1.042957,1000
76037,0.001043007,1.043007,1000
76038,0.000829869,0.829869,1000
76039,0.06457589,64.57589,1000
76040,0.000425621,0.425621,1000
76041,0.001081154,1.081154,1000
76042,0.001032208,1.032208,1000
76043,0.001402596,1.402596,1000
76044,0.001010728,1.010728,1000
76045,0.001011936,1.011936,1000
76046,0.001615515,1.615515,1000
76047,0.001062541,1.062541,1000
76048,0.001009208,1.009208,1000
76049,0.000410581,0.410581,1000
76050,0.000689337,0.689337,1000
76051,0.000823278,0.823278,1000
76052,0.00055734,0.55734,1000
76053,0.000964089,0.964089,1000
76054,0.000812392,0.812392,1000
76055,0.000798,0.798,1000
76056,0.000837833,0.837833,1000
76057,0.00055888,0.55888,1000
76058,0.003123785,3.123785,1000
76059,0.001042979,1.042979,1000
76060,0.000525717,0.525717,1000
76061,0.001201294,1.201294,1000
76062,0.001138634,1.138634,1000
76063,0.000982864,0.982864,1000
76064,0.001011936,1.011936,1000
76065,0.000751101,0.751101,1000
76066,0.056206072,56.206072,1000
76067,0.000897006,0.897006,1000
76068,0.001042957,1.042957,1000
76069,0.000752057,0.752057,1000
76070,0.00283792,2.83792,1000
76071,0.001505839,1.505839,1000
76072,0.000541622,0.541622,1000
76073,0.000868746,0.868746,1000
76074,0.000738583,0.738583,1000
76075,0.000672419,0.672419,1000
76076,0.000895448,0.895448,1000
76077,0.001026773,1.026773,1000
76078,0.003231483,3.231483,1000
76079,0.005480228,5.480228,1000
76080,0.000944485,0.944485,1000
76081,0.001171504,1.171504,1000
76082,0.008056832,8.056832,1000
76083,0.00081312,0.81312,1000
76084,0.000891674,0.891674,1000
76085,0.001688149,1.688149,1000
76086,0.00169716,1.69716,1000
76087,0.010737101,10.737101,1000
76088,0.007964986,7.964986,1000
76089,0.000499179,0.499179,1000
76090,0.001081154,1.081154,1000
76091,0.000817592,0.817592,1000
76092,0.001124571,1.124571,1000
76093,0.000825969,0.825969,1000
76094,0.000917035,0.917035,1000
76095,0.0008,0.8,1000
76096,0.00113208,1.13208,1000
76097,0.001147967,1.147967,1000
76098,0.002460025,2.460025,1000
76099,0.00072804,0.72804,1000
76100,0.003263464,3.263464,1000
76101,0.00086665,0.86665,1000
76102,0.000587554,0.587554,1000
76103,0.002197806,2.197806,1000
76104,0.056413782,56.413782,1000
76105,0.064580577,64.580577,1000
76106,0.001376094,1.376094,1000
76107,0.06457589,64.57589,1000
76108,0.000791045,0.791045,1000
76109,0.000717296,0.717296,1000
76110,0.000943405,0.943405,1000
76111,0.000580014,0.580014,1000
76112,0.000909668,0.909668,1000
76113,0.001042979,1.042979,1000
76114,0.040529961,40.529961,1000
76115,0.000747293,0.747293,1000
76116,0.001062519,1.062519,1000
76117,0.056176046,56.176046,1000
76118,0.003257159,3.257159,1000
76119,0.001711201,1.711201,1000
76120,0.001042817,1.042817,1000
76121,0.000870194,0.870194,1000
76122,0.002765626,2.765626,1000
76123,0.001134463,1.134463,1000
76124,0.00114829,1.14829,1000
76125,0.000671223,0.671223,1000
76126,0.001398617,1.398617,1000
76127,0.000523404,0.523404,1000
76128,0.000414746,0.414746,1000
76129,0.000620059,0.620059,1000
76130,0.000276449,0.276449,1000
76131,0.000737969,0.737969,1000
76132,0.001061881,1.061881,1000
76133,0.001124071,1.124071,1000
76134,0.021071418,21.071418,1000
76135,0.000837801,0.837801,1000
76136,0.002901469,2.901469,1000
76137,0.00029975,0.29975,1000
76138,0.002791232,2.791232,1000
76139,0.158984203,158.984203,1000
76140,0.015734446,15.734446,1000
76141,0.007584668,7.584668,1000
76142,0.000836401,0.836401,1000
76143,0.000869823,0.869823,1000
76144,0.000516683,0.516683,1000
76145,0.000509642,0.509642,1000
76146,0.064983456,64.983456,1000
76147,0.000768194,0.768194,1000
76148,0.000978583,0.978583,1000
76149,0.000946923,0.946923,1000
76150,0.003492688,3.492688,1000
76151,0.000661716,0.661716,1000
76152,0.000849598,0.849598,1000
76153,0.000908275,0.908275,1000
76154,0.001097456,1.097456,1000
76155,0.000546377,0.546377,1000
76156,0.001042979,1.042979,1000
76157,0.000758298,0.758298,1000
76158,0.02028913,20.28913,1000
76159,0.000993186,0.993186,1000
76160,0.000825966,0.825966,1000
76161,0.00437445,4.37445,1000
76162,0.000601118,0.601118,1000
76163,0.000821236,0.821236,1000
76164,0.000926543,0.926543,1000
76165,0.00075705,0.75705,1000
76166,0.001076286,1.076286,1000
76167,0.000859265,0.859265,1000
76168,0.003263854,3.263854,1000
76169,0.000849015,0.849015,1000
76170,0.001376094,1.376094,1000
76171,0.00079977,0.79977,1000
76172,0.00104294,1.04294,1000
76173,0.000915476,0.915476,1000
76174,0.000987691,0.987691,1000
76175,0.010484427,10.484427,1000
76176,0.000606168,0.606168,1000
76177,0.000641402,0.641402,1000
76178,0.001520309,1.520309,1000
76179,0.001758526,1.758526,1000
76180,0.001062682,1.062682,1000
76181,0.02606684,26.06684,1000
76182,0.00114796,1.14796,1000
76183,0.000887767,0.887767,1000
76184,0.000948554,0.948554,1000
76185,0.002800823,2.800823,1000
76186,0.000990001,0.990001,1000
76187,0.001409221,1.409221,1000
76188,0.000937179,0.937179,1000
76189,0.000719465,0.719465,1000
76190,0.001006227,1.006227,1000
76191,0.056408114,56.408114,1000
76192,0.001147967,1.147967,1000
76193,0.00138707,1.38707,1000
76194,0.001506826,1.506826,1000
76195,0.000752188,0.752188,1000
76196,0.008797569,8.797569,1000
76197,0.00461596,4.61596,1000
76198,0.000956195,0.956195,1000
76199,0.000993186,0.993186,1000
76200,0.000344695,0.344695,1000
76201,0.00114796,1.14796,1000
76202,0.040796869,40.796869,1000
76203,0.003719015,3.719015,1000
76204,0.001060365,1.060365,1000
76205,0.001006165,1.006165,1000
76206,0.001042979,1.042979,1000
76207,0.000787947,0.787947,1000
76208,0.121170991,121.170991,1000
76209,0.000995374,0.995374,1000
76210,0.00080002,0.80002,1000
76211,0.000602765,0.602765,1000
76212,0.00077452,0.77452,1000
76213,0.002700787,2.700787,1000
76214,0.004388094,4.388094,1000
76215,0.001782266,1.782266,1000
76216,0.000903886,0.903886,1000
76217,0.001108175,1.108175,1000
76218,0.001042957,1.042957,1000
76219,0.001104003,1.104003,1000
76220,0.000893921,0.893921,1000
76221,0.00086139,0.86139,1000
76222,0.001424062,1.424062,1000
76223,0.000638211,0.638211,1000
76224,0.000993564,0.993564,1000
76225,0.00188659,1.88659,1000
76226,0.06457589,64.57589,1000
76227,0.000999797,0.999797,1000
76228,0.001247158,1.247158,1000
76229,0.001129411,1.129411,1000
76230,0.000586856,0.586856,1000
76231,0.015168551,15.168551,1000
76232,0.000785091,0.785091,1000
76233,0.000798611,0.798611,1000
76234,0.00806304,8.06304,1000
76235,0.000632673,0.632673,1000
76236,0.001062502,1.062502,1000
76237,0.001062379,1.062379,1000
76238,0.001877878,1.877878,1000
76239,0.001287419,1.287419,1000
76240,0.000991328,0.991328,1000
76241,0.001143068,1.143068,1000
76242,0.000783777,0.783777,1000
76243,0.000611159,0.611159,1000
76244,0.001028744,1.028744,1000
76245,0.001042957,1.042957,1000
76246,0.009371574,9.371574,1000
76247,0.006948658,6.948658,1000
76248,0.000843099,0.843099,1000
76250,0.001151,1.151,1000
76251,0.000285876,0.285876,1000
76252,0.001061552,1.061552,1000
76253,0.001011678,1.011678,1000
76254,0.000812433,0.812433,1000
76255,0.000728473,0.728473,1000
76256,0.001538834,1.538834,1000
76257,0.001220128,1.220128,1000
76258,0.000425039,0.425039,1000
76259,0.026699774,26.699774,1000
76260,0.001520388,1.520388,1000
76261,0.001121142,1.121142,1000
76262,0.00090533,0.90533,1000
76263,0.0400437,40.0437,1000
76264,0.003948077,3.948077,1000
76265,0.000664995,0.664995,1000
76266,0.000778292,0.778292,1000
76267,0.121276357,121.276357,1000
76268,0.00802137,8.02137,1000
76269,0.003706376,3.706376,1000
76270,0.001693946,1.693946,1000
76271,0.000810053,0.810053,1000
76272,0.000620329,0.620329,1000
76273,0.00137666,1.37666,1000
76274,0.003195828,3.195828,1000
76275,0.001444203,1.444203,1000
76276,0.021139861,21.139861,1000
76277,0.000593248,0.593248,1000
76278,0.00078378,0.78378,1000
76279,0.000748577,0.748577,1000
76280,0.000672414,0.672414,1000
76281,0.000663753,0.663753,1000
76282,0.000706788,0.706788,1000
76283,0.000500223,0.500223,1000
76284,0.000956262,0.956262,1000
76285,0.001071083,1.071083,1000
76286,0.001005796,1.005796,1000
76287,0.00115901,1.15901,1000
76288,0.001352624,1.352624,1000
76289,0.00212129,2.12129,1000
76290,0.000380685,0.380685,1000
76291,0.000921302,0.921302,1000
76292,0.000968651,0.968651,1000
76293,0.000846181,0.846181,1000
76294,0.000711703,0.711703,1000
76295,0.001375456,1.375456,1000
76296,0.000956262,0.956262,1000
76297,0.000616427,0.616427,1000
76298,0.000666275,0.666275,1000
76299,0.001127581,1.127581,1000
76300,0.001488327,1.488327,1000
76301,0.000585269,0.585269,1000
76302,0.000595611,0.595611,1000
76303,0.001138634,1.138634,1000
76304,0.001691201,1.691201,1000
76305,0.056772253,56.772253,1000
76306,0.000917554,0.917554,1000
76307,0.000806198,0.806198,1000
76308,0.000591914,0.591914,1000
76309,0.027986847,27.986847,1000
76310,0.001131107,1.131107,1000
76311,0.006040465,6.040465,1000
76312,0.000963916,0.963916,1000
76313,0.001057923,1.057923,1000
76314,0.000882615,0.882615,1000
76315,0.000468051,0.468051,1000
76316,0.001338005,1.338005,1000
76317,0.001143068,1.143068,1000
76318,0.000741729,0.741729,1000
76319,0.000629664,0.629664,1000
76320,0.001114403,1.114403,1000
76321,0.000659283,0.659283,1000
76322,0.000947922,0.947922,1000
76323,0.003480867,3.480867,1000
76324,0.001138634,1.138634,1000
76325,0.000837887,0.837887,1000
76326,0.021285342,21.285342,1000
76327,0.000741643,0.741643,1000
76328,0.14911473,149.11473,1000
76329,0.000545837,0.545837,1000
76330,0.001071083,1.071083,1000
76331,0.01618714,16.18714,1000
76332,0.000780076,0.780076,1000
76333,0.001566534,1.566534,1000
76334,0.006778879,6.778879,1000
76335,0.001140096,1.140096,1000
76336,0.000720302,0.720302,1000
76337,0.00062325,0.62325,1000
76338,0.000760375,0.760375,1000
76339,0.001044721,1.044721,1000
76340,0.003001082,3.001082,1000
76341,0.001974116,1.974116,1000
76342,0.000772769,0.772769,1000
76343,0.001693559,1.693559,1000
76344,0.004074751,4.074751,1000
76345,0.002564679,2.564679,1000
76346,0.000865065,0.865065,1000
76347,0.002834506,2.834506,1000
76348,0.001429208,1.429208,1000
76349,0.001678311,1.678311,1000
76350,0.00125679,1.25679,1000
76351,0.001483772,1.483772,1000
76352,0.000930352,0.930352,1000
76353,0.003006701,3.006701,1000
76354,0.000993186,0.993186,1000
76355,0.00101637,1.01637,1000
76356,0.001657022,1.657022,1000
76357,0.001336872,1.336872,1000
76358,0.001120036,1.120036,1000
76359,0.000719827,0.719827,1000
76360,0.06457589,64.57589,1000
76361,0.008683501,8.683501,1000
76362,0.001505839,1.505839,1000
76363,0.12154319,121.54319,1000
76364,0.000727221,0.727221,1000
76365,0.003189583,3.189583,1000
76366,0.002522705,2.522705,1000
76367,0.003178666,3.178666,1000
76368,0.00114968,1.14968,1000
76369,0.001205656,1.205656,1000
76370,0.000455398,0.455398,1000
76371,0.000701775,0.701775,1000
76372,0.001062502,1.062502,1000
76373,0.157079646,157.079646,1000
76374,0.075762063,75.762063,1000
76375,0.002707669,2.707669,1000
76376,0.000993186,0.993186,1000
76377,0.002207987,2.207987,1000
76378,0.008251646,8.251646,1000
76379,0.001538129,1.538129,1000
76380,0.001678311,1.678311,1000
76381,0.000915184,0.915184,1000
76382,0.000693226,0.693226,1000
76383,0.000692544,0.692544,1000
76384,0.002780019,2.780019,1000
76385,0.00081312,0.81312,1000
76386,0.096787658,96.787658,1000
76387,0.000764263,0.764263,1000
76388,0.001062541,1.062541,1000
76389,0.000499319,0.499319,1000
76390,0.004477231,4.477231,1000
76391,0.001242286,1.242286,1000
76392,0.001417541,1.417541,1000
76393,0.001417541,1.417541,1000
76394,0.000576028,0.576028,1000
76395,0.000735738,0.735738,1000
76396,0.000959839,0.959839,1000
76397,0.001011936,1.011936,1000
76398,0.006224592,6.224592,1000
76399,0.000485604,0.485604,1000
76400,0.000833236,0.833236,1000
76401,0.001001009,1.001009,1000
76402,0.000573189,0.573189,1000
76403,0.000800291,0.800291,1000
76404,0.000605063,0.605063,1000
76405,0.001336872,1.336872,1000
76406,0.002055072,2.055072,1000
76407,0.016487699,16.487699,1000
76408,0.001076436,1.076436,1000
76409,0.000691345,0.691345,1000
76410,0.000952327,0.952327,1000
76411,0.001134919,1.134919,1000
76412,0.001097456,1.097456,1000
76413,0.001242727,1.242727,1000
76414,0.001071066,1.071066,1000
76415,0.000696499,0.696499,1000
76416,0.000720068,0.720068,1000
76417,0.00056168,0.56168,1000
76418,0.004293281,4.293281,1000
76419,0.158262486,158.262486,1000
76420,0.001149588,1.149588,1000
76421,0.001355492,1.355492,1000
76422,0.001629007,1.629007,1000
76423,0.01398144,13.98144,1000
76424,0.001349135,1.349135,1000
76425,0.000545954,0.545954,1000
76426,0.001750714,1.750714,1000
76427,0.000993186,0.993186,1000
76428,0.00129343,1.29343,1000
76429,0.000668375,0.668375,1000
76430,0.001418958,1.418958,1000
76431,0.000581723,0.581723,1000
76432,0.004029215,4.029215,1000
76433,0.001134926,1.134926,1000
76434,0.000550208,0.550208,1000
76435,0.000637679,0.637679,1000
76436,0.00118655,1.18655,1000
76437,0.01606467,16.06467,1000
76438,0.00065047,0.65047,1000
76439,0.000584965,0.584965,1000
76440,0.000856146,0.856146,1000
76441,0.000840471,0.840471,1000
76442,0.001593763,1.593763,1000
76443,0.00080768,0.80768,1000
76444,0.001042319,1.042319,1000
76445,0.000713341,0.713341,1000
76446,0.000469696,0.469696,1000
76447,0.000657055,0.657055,1000
76448,0.000806583,0.806583,1000
76449,0.00289336,2.89336,1000
76450,0.000657944,0.657944,1000
76451,0.00081312,0.81312,1000
76452,0.000688042,0.688042,1000
76453,0.001376162,1.376162,1000
76454,0.000783777,0.783777,1000
76455,0.000716368,0.716368,1000
76456,0.000825113,0.825113,1000
76457,0.001266159,1.266159,1000
76458,0.004259587,4.259587,1000
76459,0.001154137,1.154137,1000
76460,0.001205656,1.205656,1000
76461,0.000825969,0.825969,1000
76462,0.001042319,1.042319,1000
76463,0.000535262,0.535262,1000
76464,0.001447518,1.447518,1000
76465,0.001606087,1.606087,1000
76466,0.000573697,0.573697,1000
76467,0.000610307,0.610307,1000
76468,0.00081312,0.81312,1000
76469,0.000995636,0.995636,1000
76470,0.001205656,1.205656,1000
76471,0.00821092,8.21092,1000
76472,0.001143068,1.143068,1000
76473,0.246758123,246.758123,1000
76474,0.001071083,1.071083,1000
76475,0.000798789,0.798789,1000
76476,0.001014983,1.014983,1000
76477,0.000870638,0.870638,1000
76478,0.02677709,26.77709,1000
76479,0.001457786,1.457786,1000
76480,0.528463387,528.463387,1000
76481,0.001107963,1.107963,1000
76482,0.002186735,2.186735,1000
76483,0.00103168,1.03168,1000
76484,0.000813219,0.813219,1000
76485,0.001096676,1.096676,1000
76486,0.000783777,0.783777,1000
76487,0.000819287,0.819287,1000
76488,0.040104092,40.104092,1000
76489,0.076324771,76.324771,1000
76490,0.000918528,0.918528,1000
76491,0.013334894,13.334894,1000
76492,0.026591006,26.591006,1000
76493,0.001545753,1.545753,1000
76494,0.000802844,0.802844,1000
76495,0.00081312,0.81312,1000
76496,0.001038816,1.038816,1000
76497,0.000733525,0.733525,1000
76498,0.000449124,0.449124,1000
76499,0.001041789,1.041789,1000
76500,0.004183548,4.183548,1000
76501,0.000676679,0.676679,1000
76502,0.002292769,2.292769,1000
76503,0.001151,1.151,1000
76504,0.001448813,1.448813,1000
76505,0.00068572,0.68572,1000
76506,0.001243772,1.243772,1000
76507,0.059799057,59.799057,1000
76508,0.001635447,1.635447,1000
76509,0.004781709,4.781709,1000
76510,0.001633535,1.633535,1000
76511,0.002809607,2.809607,1000
76512,0.008063443,8.063443,1000
76513,0.001317245,1.317245,1000
76514,0.011082446,11.082446,1000
76515,0.00076083,0.76083,1000
76516,0.000783777,0.783777,1000
76517,0.00083414,0.83414,1000
76518,0.00151737,1.51737,1000
76519,0.000617235,0.617235,1000
76520,0.000984596,0.984596,1000
76521,0.000766655,0.766655,1000
76522,0.000884496,0.884496,1000
76523,0.001443103,1.443103,1000
76524,0.000741262,0.741262,1000
76525,0.001155282,1.155282,1000
76526,0.000433078,0.433078,1000
76527,0.000814769,0.814769,1000
76528,0.00130501,1.30501,1000
76529,0.000724068,0.724068,1000
76530,0.001598572,1.598572,1000
76531,0.020615768,20.615768,1000
76532,0.001339634,1.339634,1000
76533,0.000929347,0.929347,1000
76534,0.001201729,1.201729,1000
76535,0.000992902,0.992902,1000
76536,0.001157211,1.157211,1000
76537,0.000936022,0.936022,1000
76538,0.000649215,0.649215,1000
76539,0.000615485,0.615485,1000
76540,0.000858291,0.858291,1000
76541,0.021217294,21.217294,1000
76542,0.000894653,0.894653,1000
76543,0.000917313,0.917313,1000
76544,0.595283003,595.283003,1000
76545,0.001062495,1.062495,1000
76546,0.001847813,1.847813,1000
76547,0.00193236,1.93236,1000
76548,0.000432093,0.432093,1000
76549,0.002988222,2.988222,1000
76550,0.000982522,0.982522,1000
76551,0.00107159,1.07159,1000
76552,0.001172505,1.172505,1000
76553,0.027362106,27.362106,1000
76554,0.00231693,2.31693,1000
76555,0.004666903,4.666903,1000
76556,0.000564041,0.564041,1000
76557,0.002837707,2.837707,1000
76558,0.007328095,7.328095,1000
76559,0.000732338,0.732338,1000
76560,0.001081154,1.081154,1000
76561,0.000780871,0.780871,1000
76562,0.001203276,1.203276,1000
76563,0.000820121,0.820121,1000
76564,0.000646584,0.646584,1000
76565,0.001043689,1.043689,1000
76566,0.016721846,16.721846,1000
76567,0.000993186,0.993186,1000
76568,0.03249083,32.49083,1000
76569,0.000772561,0.772561,1000
76570,0.001011936,1.011936,1000
76571,0.001165155,1.165155,1000
76572,0.000965633,0.965633,1000
76573,0.000740809,0.740809,1000
76574,0.014520021,14.520021,1000
76575,0.011173854,11.173854,1000
76576,0.001006844,1.006844,1000
76577,0.001006227,1.006227,1000
76578,0.001291454,1.291454,1000
76579,0.014431964,14.431964,1000
76580,0.000700875,0.700875,1000
76581,0.001139516,1.139516,1000
76582,0.007671738,7.671738,1000
76583,0.001864258,1.864258,1000
76584,0.000729413,0.729413,1000
76585,0.001623754,1.623754,1000
76586,0.001285083,1.285083,1000
76587,0.000725219,0.725219,1000
76588,0.002097544,2.097544,1000
76589,0.001006227,1.006227,1000
76590,0.001312558,1.312558,1000
76591,0.00758602,7.58602,1000
76592,0.001187853,1.187853,1000
76593,0.001176933,1.176933,1000
76594,0.10514694,105.14694,1000
76595,0.000840518,0.840518,1000
76596,0.516470789,516.470789,1000
76597,0.000263166,0.263166,1000
76598,0.001435946,1.435946,1000
76599,0.016471487,16.471487,1000
76600,0.000827642,0.827642,1000
76601,0.006545299,6.545299,1000
76602,0.002953597,2.953597,1000
76603,0.002000589,2.000589,1000
76604,0.007936072,7.936072,1000
76605,0.011081712,11.081712,1000
76606,0.001042288,1.042288,1000
76607,0.001275902,1.275902,1000
76608,0.000920774,0.920774,1000
76609,0.165276194,165.276194,1000
76610,0.006336681,6.336681,1000
76611,0.001070943,1.070943,1000
76612,0.000880442,0.880442,1000
76613,0.006194054,6.194054,1000
76614,0.041715338,41.715338,1000
76615,0.000886327,0.886327,1000
76616,0.0007507,0.7507,1000
76617,0.000692255,0.692255,1000
76618,0.000796693,0.796693,1000
76619,0.006007841,6.007841,1000
76620,0.001218698,1.218698,1000
76621,0.00153949,1.53949,1000
76622,0.00068313,0.68313,1000
76623,0.000896665,0.896665,1000
76624,0.001149642,1.149642,1000
76625,0.002710982,2.710982,1000
76626,0.001351519,1.351519,1000
76627,0.000481987,0.481987,1000
76628,0.001033981,1.033981,1000
76629,0.001593884,1.593884,1000
76630,0.002279777,2.279777,1000
76631,0.000554425,0.554425,1000
76632,0.022709495,22.709495,1000
76633,0.001446869,1.446869,1000
76634,0.001134462,1.134462,1000
76635,0.001224264,1.224264,1000
76636,0.001212852,1.212852,1000
76637,0.000924355,0.924355,1000
76638,0.00641182,6.41182,1000
76639,0.0281068,28.1068,1000
76640,0.000493426,0.493426,1000
76641,0.000783777,0.783777,1000
76642,0.001013541,1.013541,1000
76643,0.000783777,0.783777,1000
76644,0.001011874,1.011874,1000
76645,0.001134926,1.134926,1000
76646,0.001356686,1.356686,1000
76647,0.001504259,1.504259,1000
76648,0.000933504,0.933504,1000
76649,0.01052548,10.52548,1000
76650,0.001190355,1.190355,1000
76651,0.000935875,0.935875,1000
76652,0.000292889,0.292889,1000
76653,0.015168551,15.168551,1000
76654,0.000399822,0.399822,1000
76655,0.000779125,0.779125,1000
76656,0.000629743,0.629743,1000
76657,0.000632308,0.632308,1000
76658,0.000566349,0.566349,1000
76659,0.005230964,5.230964,1000
76660,0.001281428,1.281428,1000
76661,0.003987271,3.987271,1000
76662,0.003087787,3.087787,1000
76663,0.001033214,1.033214,1000
76664,0.000823242,0.823242,1000
76665,0.001081154,1.081154,1000
76666,0.001044721,1.044721,1000
76667,0.001438647,1.438647,1000
76668,0.005810739,5.810739,1000
76669,0.000990001,0.990001,1000
76670,0.001144266,1.144266,1000
76671,0.064580577,64.580577,1000
76672,0.017998644,17.998644,1000
76673,0.001000921,1.000921,1000
76674,0.002365107,2.365107,1000
76675,0.004284151,4.284151,1000
76676,0.07531595,75.31595,1000
76677,0.002841345,2.841345,1000
76678,0.00103168,1.03168,1000
76679,0.001344512,1.344512,1000
76680,0.001440261,1.440261,1000
76681,0.000789481,0.789481,1000
76682,0.001057581,1.057581,1000
76683,0.001282486,1.282486,1000
76684,0.000573864,0.573864,1000
76685,0.004424748,4.424748,1000
76686,0.001073965,1.073965,1000
76687,0.002862166,2.862166,1000
76688,0.000762669,0.762669,1000
76689,0.000610617,0.610617,1000
76690,0.000993186,0.993186,1000
76692,0.003238044,3.238044,1000
76693,0.000726275,0.726275,1000
76694,0.000973172,0.973172,1000
76695,0.024277918,24.277918,1000
76696,0.003144558,3.144558,1000
76697,0.148458671,148.458671,1000
76698,0.001117114,1.117114,1000
76699,0.000645595,0.645595,1000
76700,0.056137259,56.137259,1000
76701,0.002140717,2.140717,1000
76702,0.000818047,0.818047,1000
76703,0.000863707,0.863707,1000
76704,0.001443609,1.443609,1000
76705,0.000713006,0.713006,1000
76706,0.000814768,0.814768,1000
76707,0.000690492,0.690492,1000
76708,0.003472517,3.472517,1000
76709,0.000823847,0.823847,1000
76710,0.002986342,2.986342,1000
76711,0.000825966,0.825966,1000
76712,0.00303049,3.03049,1000
76713,0.002649392,2.649392,1000
76714,0.000918029,0.918029,1000
76715,0.001385415,1.385415,1000
76716,0.000923955,0.923955,1000
76717,0.001224407,1.224407,1000
76718,0.000783777,0.783777,1000
76719,0.001460307,1.460307,1000
76720,0.000862105,0.862105,1000
76721,0.001293399,1.293399,1000
76722,0.00100904,1.00904,1000
76723,0.000710544,0.710544,1000
76724,0.000825969,0.825969,1000
76725,0.00113232,1.13232,1000
76726,0.008709847,8.709847,1000
76727,0.000821622,0.821622,1000
76728,0.001462746,1.462746,1000
76729,0.001453099,1.453099,1000
76730,0.017238747,17.238747,1000
76731,0.001097456,1.097456,1000
76732,0.000698189,0.698189,1000
76733,0.00072303,0.72303,1000
76734,0.000686716,0.686716,1000
76735,0.001217472,1.217472,1000
76736,0.000413281,0.413281,1000
76738,0.001144711,1.144711,1000
76739,0.001011936,1.011936,1000
76740,0.00086848,0.86848,1000
76741,0.005922851,5.922851,1000
76742,0.000752274,0.752274,1000
76743,0.000612541,0.612541,1000
76744,0.000909015,0.909015,1000
76745,0.003972287,3.972287,1000
76746,0.001005038,1.005038,1000
76747,0.00138101,1.38101,1000
76748,0.001070943,1.070943,1000
76749,0.000870179,0.870179,1000
76750,0.001062519,1.062519,1000
76751,0.000604625,0.604625,1000
76752,0.000530684,0.530684,1000
76753,0.001868791,1.868791,1000
76754,0.003350429,3.350429,1000
76755,0.001042957,1.042957,1000
76756,0.000922327,0.922327,1000
76757,0.000595465,0.595465,1000
76758,0.034964038,34.964038,1000
76759,0.001114029,1.114029,1000
76760,0.001071083,1.071083,1000
76761,0.000729775,0.729775,1000
76762,0.000990001,0.990001,1000
76763,0.000909015,0.909015,1000
76764,0.001071083,1.071083,1000
76765,0.001137438,1.137438,1000
76766,0.001071083,1.071083,1000
76767,0.000792032,0.792032,1000
76768,0.001062379,1.062379,1000
76769,0.003051786,3.051786,1000
76770,0.000594093,0.594093,1000
76771,0.000785037,0.785037,1000
76772,0.008031118,8.031118,1000
76773,0.000655959,0.655959,1000
76774,0.000905193,0.905193,1000
76775,0.009360057,9.360057,1000
76776,0.001190254,1.190254,1000
76777,0.000580657,0.580657,1000
76778,0.001224407,1.224407,1000
76779,0.000477041,0.477041,1000
76780,0.001189922,1.189922,1000
76781,0.001221698,1.221698,1000
76782,0.001315566,1.315566,1000
76783,0.001107788,1.107788,1000
76784,0.003800579,3.800579,1000
76785,0.000439336,0.439336,1000
76786,0.016089558,16.089558,1000
76787,0.00079957,0.79957,1000
76788,0.003706376,3.706376,1000
76789,0.001061881,1.061881,1000
76790,0.000882892,0.882892,1000
76791,0.000923345,0.923345,1000
76792,0.00081312,0.81312,1000
76793,0.000780317,0.780317,1000
76794,0.001070943,1.070943,1000
76795,0.000908981,0.908981,1000
76796,0.00823724,8.23724,1000
76797,0.001490593,1.490593,1000
76798,0.011336602,11.336602,1000
76799,0.001071083,1.071083,1000
76800,0.000894675,0.894675,1000
76801,0.00104294,1.04294,1000
76802,0.016819971,16.819971,1000
76803,0.001176412,1.176412,1000
76804,0.005438358,5.438358,1000
76805,0.000858277,0.858277,1000
76806,0.000780725,0.780725,1000
76807,0.005065971,5.065971,1000
76808,0.000783777,0.783777,1000
76809,0.000802086,0.802086,1000
76810,0.005750731,5.750731,1000
76811,0.001016943,1.016943,1000
76812,0.000650641,0.650641,1000
76813,0.000943716,0.943716,1000
76814,0.001670348,1.670348,1000
76815,0.001260194,1.260194,1000
76816,0.000880173,0.880173,1000
76817,0.002911083,2.911083,1000
76818,0.001913041,1.913041,1000
76819,0.000745617,0.745617,1000
76820,0.001140003,1.140003,1000
76821,0.001164634,1.164634,1000
76822,0.000666331,0.666331,1000
76823,0.001385374,1.385374,1000
76824,0.016217936,16.217936,1000
76825,0.00104294,1.04294,1000
76826,0.194588522,194.588522,1000
76827,0.001198698,1.198698,1000
76828,0.008229846,8.229846,1000
76829,0.001456359,1.456359,1000
76830,0.001225408,1.225408,1000
76831,0.246624055,246.624055,1000
76832,0.002540664,2.540664,1000
76833,0.000959722,0.959722,1000
76834,0.000783777,0.783777,1000
76835,0.001134926,1.134926,1000
76836,0.000897099,0.897099,1000
76837,0.001746026,1.746026,1000
76838,0.000800731,0.800731,1000
76839,0.001201567,1.201567,1000
76840,0.001169491,1.169491,1000
76841,0.000790018,0.790018,1000
76842,0.000783777,0.783777,1000
76843,0.00454722,4.54722,1000
76844,0.005886221,5.886221,1000
76845,0.008724443,8.724443,1000
76846,0.000935513,0.935513,1000
76847,0.0023666,2.3666,1000
76848,0.001509472,1.509472,1000
76849,0.001237255,1.237255,1000
76850,0.002820023,2.820023,1000
76851,0.000671493,0.671493,1000
76852,0.001078272,1.078272,1000
76853,0.001522992,1.522992,1000
76854,0.001520493,1.520493,1000
76855,0.002994351,2.994351,1000
76856,0.000741072,0.741072,1000
76857,0.001042957,1.042957,1000
76858,0.000673158,0.673158,1000
76859,0.001474003,1.474003,1000
76860,0.000645154,0.645154,1000
76861,0.001372288,1.372288,1000
76862,0.00494206,4.94206,1000
76863,0.00103514,1.03514,1000
76864,0.017140388,17.140388,1000
76865,0.000818226,0.818226,1000
76866,0.001062519,1.062519,1000
76867,0.000943835,0.943835,1000
76868,0.000418202,0.418202,1000
76869,0.001090932,1.090932,1000
76870,0.001310106,1.310106,1000
76871,0.003150612,3.150612,1000
76872,0.2108834,210.8834,1000
76873,0.001466841,1.466841,1000
76874,0.00053625,0.53625,1000
76875,0.055556249,55.556249,1000
76876,0.001042957,1.042957,1000
76877,0.002226408,2.226408,1000
76878,0.008432481,8.432481,1000
76879,0.000980817,0.980817,1000
76880,0.000605374,0.605374,1000
76881,0.106103517,106.103517,1000
76882,0.005346518,5.346518,1000
76883,0.000733039,0.733039,1000
76884,0.000855426,0.855426,1000
76885,0.001849804,1.849804,1000
76886,0.001124571,1.124571,1000
76887,0.00065422,0.65422,1000
76888,0.000795634,0.795634,1000
76889,0.001006227,1.006227,1000
76890,0.000829125,0.829125,1000
76891,0.0250397,25.0397,1000
76892,0.001006165,1.006165,1000
76893,0.001331713,1.331713,1000
76894,0.064559473,64.559473,1000
76895,0.001830394,1.830394,1000
76896,0.00043747,0.43747,1000
76897,0.000907211,0.907211,1000
76898,0.008095068,8.095068,1000
76899,0.00082929,0.82929,1000
76900,0.00133394,1.33394,1000
76901,0.000819852,0.819852,1000
76902,0.00093085,0.93085,1000
76903,0.005913049,5.913049,1000
76904,0.00070003,0.70003,1000
76905,0.000899387,0.899387,1000
76906,0.000885641,0.885641,1000
76907,0.000908064,0.908064,1000
76908,0.000778716,0.778716,1000
76909,0.001062541,1.062541,1000
76910,0.015583113,15.583113,1000
76911,0.000541542,0.541542,1000
76912,0.001218698,1.218698,1000
76913,0.000825017,0.825017,1000
76914,0.000817168,0.817168,1000
76915,0.000728211,0.728211,1000
76916,0.000609696,0.609696,1000
76917,0.000540725,0.540725,1000
76918,0.003021196,3.021196,1000
76919,0.000596635,0.596635,1000
76920,0.002681931,2.681931,1000
76921,0.001897274,1.897274,1000
76922,0.000765797,0.765797,1000
76923,0.000932755,0.932755,1000
76924,0.026847903,26.847903,1000
76925,0.004006342,4.006342,1000
76926,0.001262298,1.262298,1000
76927,0.000783777,0.783777,1000
76928,0.000397968,0.397968,1000
76929,0.001186742,1.186742,1000
76930,0.008806402,8.806402,1000
76931,0.004066513,4.066513,1000
76932,0.00081312,0.81312,1000
76933,0.001031843,1.031843,1000
76934,0.000271055,0.271055,1000
76935,0.002326249,2.326249,1000
76936,0.000300441,0.300441,1000
76937,0.000696291,0.696291,1000
76938,0.000993186,0.993186,1000
76939,0.000715508,0.715508,1000
76940,0.000795668,0.795668,1000
76941,0.001865314,1.865314,1000
76942,0.000693954,0.693954,1000
76943,0.008627578,8.627578,1000
76944,0.000610766,0.610766,1000
76945,0.000920835,0.920835,1000
76946,0.000700236,0.700236,1000
76947,0.000722496,0.722496,1000
76948,0.000825966,0.825966,1000
76949,0.00072246,0.72246,1000
76950,0.000265002,0.265002,1000
76951,0.008087603,8.087603,1000
76952,0.011091834,11.091834,1000
76953,0.000803704,0.803704,1000
76954,0.001368419,1.368419,1000
76955,0.000908385,0.908385,1000
76956,0.001035697,1.035697,1000
76957,0.002605872,2.605872,1000
76958,0.000878096,0.878096,1000
76959,0.00081312,0.81312,1000
76960,0.001821889,1.821889,1000
76961,0.001060937,1.060937,1000
76962,0.001092349,1.092349,1000
76963,0.000948554,0.948554,1000
76964,0.001331713,1.331713,1000
76965,0.001988039,1.988039,1000
76966,0.001433728,1.433728,1000
76967,0.000798586,0.798586,1000
76968,0.000543135,0.543135,1000
76969,0.001104592,1.104592,1000
76970,0.000643635,0.643635,1000
76971,0.000685001,0.685001,1000
76972,0.001505839,1.505839,1000
76973,0.001042979,1.042979,1000
76974,0.003394946,3.394946,1000
76975,0.000827114,0.827114,1000
76976,0.001042979,1.042979,1000
76977,0.001042979,1.042979,1000
76978,0.001042979,1.042979,1000
76979,0.000812816,0.812816,1000
76980,0.000993124,0.993124,1000
76981,0.000850886,0.850886,1000
76982,0.001441745,1.441745,1000
76983,0.000911157,0.911157,1000
76984,0.009198831,9.198831,1000
76985,0.001042957,1.042957,1000
76986,0.001049372,1.049372,1000
76987,0.00117837,1.17837,1000
76988,0.000924355,0.924355,1000
76989,0.000762883,0.762883,1000
76990,0.000924355,0.924355,1000
76991,0.000338884,0.338884,1000
76992,0.000896152,0.896152,1000
76993,0.010706348,10.706348,1000
76994,0.00103168,1.03168,1000
76995,0.001542492,1.542492,1000
76998,0.00103168,1.03168,1000
76999,0.000963771,0.963771,1000
77000,0.003007071,3.007071,1000
77001,0.005533548,5.533548,1000
77002,0.008175888,8.175888,1000
77003,0.000704573,0.704573,1000
77004,0.001853205,1.853205,1000
77005,0.000690028,0.690028,1000
77006,0.001337959,1.337959,1000
77007,0.0084126,8.4126,1000
77008,0.000657138,0.657138,1000
77009,0.001168647,1.168647,1000
77010,0.000623323,0.623323,1000
77011,0.026622382,26.622382,1000
77012,0.016200846,16.200846,1000
77013,0.008283152,8.283152,1000
77014,0.027012326,27.012326,1000
77015,0.000908926,0.908926,1000
77016,0.004616308,4.616308,1000
77017,0.00420674,4.20674,1000
77018,0.000953672,0.953672,1000
77019,0.000710713,0.710713,1000
77020,0.000644905,0.644905,1000
77021,0.000783777,0.783777,1000
77022,0.001281818,1.281818,1000
77023,0.001202361,1.202361,1000
77024,0.001523648,1.523648,1000
77025,0.001168002,1.168002,1000
77026,0.001042979,1.042979,1000
77027,0.00090954,0.90954,1000
77028,0.00068854,0.68854,1000
77029,0.00078378,0.78378,1000
77030,0.00154718,1.54718,1000
77031,0.000720763,0.720763,1000
77032,0.001122552,1.122552,1000
77033,0.000772707,0.772707,1000
77034,0.000644749,0.644749,1000
77035,0.000473838,0.473838,1000
77036,0.00099044,0.99044,1000
77037,0.001788573,1.788573,1000
77038,0.000800641,0.800641,1000
77039,0.00101493,1.01493,1000
77040,0.002906124,2.906124,1000
77041,0.012725259,12.725259,1000
77042,0.009959996,9.959996,1000
77043,0.000935513,0.935513,1000
77044,0.022540573,22.540573,1000
77045,0.001134919,1.134919,1000
77046,0.001139001,1.139001,1000
77047,0.002861199,2.861199,1000
77048,0.000692461,0.692461,1000
77049,0.00100605,1.00605,1000
77050,0.00081312,0.81312,1000
77051,0.001821889,1.821889,1000
77052,0.00064793,0.64793,1000
77053,0.000786308,0.786308,1000
77054,0.001900374,1.900374,1000
77055,0.000864807,0.864807,1000
77056,0.016050528,16.050528,1000
77057,0.000980326,0.980326,1000
77058,0.000599954,0.599954,1000
77059,0.001164973,1.164973,1000
77060,0.000979319,0.979319,1000
77061,0.001007426,1.007426,1000
77062,0.008029171,8.029171,1000
77063,0.000964656,0.964656,1000
77064,0.000993186,0.993186,1000
77065,0.006915149,6.915149,1000
77066,0.001071083,1.071083,1000
77067,0.00069016,0.69016,1000
77068,0.001282826,1.282826,1000
77069,0.000782276,0.782276,1000
77070,0.00104294,1.04294,1000
77071,0.002413508,2.413508,1000
77072,0.001482528,1.482528,1000
77073,0.000597907,0.597907,1000
77074,0.010972726,10.972726,1000
77075,0.000403763,0.403763,1000
77076,0.00092666,0.92666,1000
77077,0.000957193,0.957193,1000
77078,0.000872109,0.872109,1000
77079,0.003459455,3.459455,1000
77080,0.001042979,1.042979,1000
77081,0.001493756,1.493756,1000
77082,0.008131042,8.131042,1000
77083,0.001613775,1.613775,1000
77084,0.005318835,5.318835,1000
77085,0.00113595,1.13595,1000
77086,0.001231268,1.231268,1000
77087,0.001216268,1.216268,1000
77088,0.001145871,1.145871,1000
77089,0.003263033,3.263033,1000
77090,0.016353828,16.353828,1000
77091,0.000388639,0.388639,1000
77092,0.000928655,0.928655,1000
77093,0.000842418,0.842418,1000
77094,0.001141219,1.141219,1000
77095,0.00088955,0.88955,1000
77096,0.002216753,2.216753,1000
77097,0.001557908,1.557908,1000
77098,0.001215205,1.215205,1000
77099,0.001042957,1.042957,1000
77100,0.001020173,1.020173,1000
77101,0.000911634,0.911634,1000
77102,0.02133472,21.33472,1000
77103,0.00089139,0.89139,1000
77104,0.000784275,0.784275,1000
77105,0.002024221,2.024221,1000
77106,0.003090257,3.090257,1000
77107,0.003130214,3.130214,1000
77108,0.001006227,1.006227,1000
77109,0.000773188,0.773188,1000
77110,0.000900134,0.900134,1000
77111,0.001044721,1.044721,1000
77112,0.000519883,0.519883,1000
77113,0.000837371,0.837371,1000
77114,0.328368057,328.368057,1000
77115,0.000942166,0.942166,1000
77116,0.001005969,1.005969,1000
77117,0.001139987,1.139987,1000
77118,0.001042817,1.042817,1000
77119,0.000612381,0.612381,1000
77120,0.001284513,1.284513,1000
77121,0.000472395,0.472395,1000
77122,0.003328366,3.328366,1000
77123,0.001006227,1.006227,1000
77124,0.001011936,1.011936,1000
77125,0.000708727,0.708727,1000
77126,0.0056976,5.6976,1000
77127,0.000714572,0.714572,1000
77128,0.018542486,18.542486,1000
77129,0.002447422,2.447422,1000
77130,0.004366411,4.366411,1000
77131,0.000844345,0.844345,1000
77132,0.001312022,1.312022,1000
77133,0.000948971,0.948971,1000
77134,0.021510043,21.510043,1000
77135,0.040657136,40.657136,1000
77136,0.001012061,1.012061,1000
77137,0.001327812,1.327812,1000
77138,0.00102253,1.02253,1000
77139,0.000690201,0.690201,1000
77140,0.000807466,0.807466,1000
77141,0.001633535,1.633535,1000
77142,0.00336889,3.36889,1000
77143,0.001087767,1.087767,1000
77144,0.001525181,1.525181,1000
77145,0.001010021,1.010021,1000
77146,0.001485953,1.485953,1000
77147,0.000832623,0.832623,1000
77148,0.006322933,6.322933,1000
77149,0.000964738,0.964738,1000
77150,0.00105043,1.05043,1000
77151,0.000960809,0.960809,1000
77152,0.001071083,1.071083,1000
77153,0.008643785,8.643785,1000
77154,0.001417946,1.417946,1000
77155,0.001188584,1.188584,1000
77156,0.00081312,0.81312,1000
77157,0.001525076,1.525076,1000
77158,0.001131811,1.131811,1000
77159,0.000817127,0.817127,1000
77160,0.001823376,1.823376,1000
77161,0.001062379,1.062379,1000
77162,0.000413998,0.413998,1000
77163,0.002804342,2.804342,1000
77164,0.000989323,0.989323,1000
77165,0.002614626,2.614626,1000
77166,0.446578878,446.578878,1000
77167,0.001520388,1.520388,1000
77168,0.001081154,1.081154,1000
77169,0.001970476,1.970476,1000
77170,0.001178784,1.178784,1000
77171,0.000846662,0.846662,1000
77172,0.000885326,0.885326,1000
77173,0.001260805,1.260805,1000
77174,0.000741905,0.741905,1000
77175,0.000891204,0.891204,1000
77176,0.001555514,1.555514,1000
77177,0.00080465,0.80465,1000
77178,0.001346284,1.346284,1000
77179,0.001000988,1.000988,1000
77180,0.00105043,1.05043,1000
77181,0.000786317,0.786317,1000
77182,0.001301959,1.301959,1000
77183,0.001049814,1.049814,1000
77184,0.000876324,0.876324,1000
77185,0.000674512,0.674512,1000
77186,0.003322839,3.322839,1000
77187,0.003304975,3.304975,1000
77188,0.001473142,1.473142,1000
77189,0.001443144,1.443144,1000
77190,0.000783777,0.783777,1000
77191,0.001011874,1.011874,1000
77192,0.000775947,0.775947,1000
77193,0.001189247,1.189247,1000
77194,0.001237815,1.237815,1000
77195,0.000860096,0.860096,1000
77196,0.000836401,0.836401,1000
77197,0.002019419,2.019419,1000
77198,0.002269594,2.269594,1000
77199,0.001070445,1.070445,1000
77200,0.001655976,1.655976,1000
77201,0.064580577,64.580577,1000
77202,0.001148693,1.148693,1000
77203,0.004080225,4.080225,1000
77204,0.00282292,2.82292,1000
77205,0.001879274,1.879274,1000
77206,0.00062282,0.62282,1000
77207,0.002712148,2.712148,1000
77208,0.000836582,0.836582,1000
77209,0.008601722,8.601722,1000
77210,0.000484599,0.484599,1000
77211,0.000599863,0.599863,1000
77212,0.001021004,1.021004,1000
77213,0.001031114,1.031114,1000
77214,0.002787851,2.787851,1000
77215,0.000656116,0.656116,1000
77216,0.000455785,0.455785,1000
77217,0.000460184,0.460184,1000
77218,0.000511348,0.511348,1000
77219,0.000593298,0.593298,1000
77220,0.000813867,0.813867,1000
77221,0.000986673,0.986673,1000
77222,0.002305259,2.305259,1000
77223,0.001898909,1.898909,1000
77224,0.000795274,0.795274,1000
77225,0.00109499,1.09499,1000
77226,0.000735157,0.735157,1000
77227,0.000392635,0.392635,1000
77228,0.001876151,1.876151,1000
77229,0.000786249,0.786249,1000
77230,0.002027872,2.027872,1000
77231,0.000617397,0.617397,1000
77232,0.016043705,16.043705,1000
77233,0.000584208,0.584208,1000
77234,0.001750714,1.750714,1000
77235,0.00025831,0.25831,1000
77236,0.002711244,2.711244,1000
77237,0.023338102,23.338102,1000
77238,0.00049687,0.49687,1000
77239,0.00037713,0.37713,1000
77240,0.001002329,1.002329,1000
77241,0.001249422,1.249422,1000
77242,0.015840961,15.840961,1000
77243,0.000497046,0.497046,1000
77244,0.001460797,1.460797,1000
77245,0.000463615,0.463615,1000
77246,0.00085709,0.85709,1000
77247,0.000988925,0.988925,1000
77248,0.000728526,0.728526,1000
77249,0.00104294,1.04294,1000
77250,0.000854905,0.854905,1000
77251,0.002368092,2.368092,1000
77252,0.005558784,5.558784,1000
77253,0.000979813,0.979813,1000
77254,0.00067605,0.67605,1000
77255,0.008212189,8.212189,1000
77256,0.001407314,1.407314,1000
77257,0.000891415,0.891415,1000
77258,0.000922625,0.922625,1000
77259,0.000681974,0.681974,1000
77260,0.000989887,0.989887,1000
77261,0.000307964,0.307964,1000
77262,0.000349282,0.349282,1000
77263,0.000827924,0.827924,1000
77264,0.008101036,8.101036,1000
77265,0.000594684,0.594684,1000
77266,0.00081312,0.81312,1000
77267,0.000274818,0.274818,1000
77268,0.000852013,0.852013,1000
77269,0.003580264,3.580264,1000
77270,0.000783777,0.783777,1000
77271,0.003767223,3.767223,1000
77272,0.000484837,0.484837,1000
77273,0.001042957,1.042957,1000
77274,0.017629257,17.629257,1000
77275,0.002827491,2.827491,1000
77276,0.007144589,7.144589,1000
77277,0.001018268,1.018268,1000
77278,0.00058829,0.58829,1000
77279,0.001018268,1.018268,1000
77280,0.009141071,9.141071,1000
77281,0.000948554,0.948554,1000
77282,0.001028122,1.028122,1000
77283,0.000766921,0.766921,1000
77284,0.003610412,3.610412,1000
77285,0.003548261,3.548261,1000
77286,0.000721193,0.721193,1000
77287,0.00097808,0.97808,1000
77288,0.001141219,1.141219,1000
77289,0.003161987,3.161987,1000
77290,0.001092896,1.092896,1000
77291,0.000659394,0.659394,1000
77292,0.000914165,0.914165,1000
77293,0.001282924,1.282924,1000
77294,0.001108191,1.108191,1000
77295,0.003091633,3.091633,1000
77296,0.001044721,1.044721,1000
77297,0.000298818,0.298818,1000
77298,0.000783777,0.783777,1000
77299,0.001061351,1.061351,1000
77300,0.000515036,0.515036,1000
77301,0.001044721,1.044721,1000
77302,0.003051148,3.051148,1000
77303,0.003126527,3.126527,1000
77304,0.000884569,0.884569,1000
77305,0.001749287,1.749287,1000
77306,0.000966855,0.966855,1000
77307,0.003709637,3.709637,1000
77308,0.005491118,5.491118,1000
77309,0.000620788,0.620788,1000
77310,0.003830486,3.830486,1000
77311,0.000937243,0.937243,1000
77312,0.001224407,1.224407,1000
77313,0.000506561,0.506561,1000
77314,0.001013343,1.013343,1000
77315,0.000768784,0.768784,1000
77316,0.009739193,9.739193,1000
77317,0.000761689,0.761689,1000
77318,0.00039761,0.39761,1000
77319,0.008244515,8.244515,1000
77320,0.000448202,0.448202,1000
77321,0.00085112,0.85112,1000
77322,0.010817425,10.817425,1000
77323,0.000758095,0.758095,1000
77325,0.0080364,8.0364,1000
77326,0.000755762,0.755762,1000
77327,0.000495627,0.495627,1000
77328,0.000647756,0.647756,1000
77329,0.002754132,2.754132,1000
77330,0.015967969,15.967969,1000
77331,0.001012929,1.012929,1000
77332,0.000894992,0.894992,1000
77333,0.011722659,11.722659,1000
77334,0.000291743,0.291743,1000
77335,0.000581289,0.581289,1000
77336,0.000387049,0.387049,1000
77337,0.001088544,1.088544,1000
77338,0.00036461,0.36461,1000
77339,0.000869677,0.869677,1000
77340,0.003112357,3.112357,1000
77341,0.000838156,0.838156,1000
77342,0.0009265,0.9265,1000
77343,0.0004269,0.4269,1000
77344,0.001178299,1.178299,1000
77345,0.001636809,1.636809,1000
77346,0.00028272,0.28272,1000
77347,0.000496312,0.496312,1000
77348,0.000878666,0.878666,1000
77349,0.002867897,2.867897,1000
77350,0.064580577,64.580577,1000
77351,0.001610926,1.610926,1000
77352,0.002934352,2.934352,1000
77353,0.000403456,0.403456,1000
77354,0.003200987,3.200987,1000
77355,0.011778959,11.778959,1000
77356,0.001009349,1.009349,1000
77357,0.00112089,1.12089,1000
77358,0.000736092,0.736092,1000
77359,0.000566229,0.566229,1000
77360,0.001061881,1.061881,1000
77361,0.00072222,0.72222,1000
77362,0.000799261,0.799261,1000
77363,0.009875298,9.875298,1000
77364,0.000998751,0.998751,1000
77365,0.00068952,0.68952,1000
77366,0.000282027,0.282027,1000
77367,0.008057108,8.057108,1000
77368,0.001071105,1.071105,1000
77369,0.000633167,0.633167,1000
77370,0.008420023,8.420023,1000
77371,0.001175848,1.175848,1000
77372,0.009767976,9.767976,1000
77373,0.000575574,0.575574,1000
77374,0.000620309,0.620309,1000
77375,0.000933184,0.933184,1000
77376,0.000692659,0.692659,1000
77377,0.000624392,0.624392,1000
77378,0.00094112,0.94112,1000
77379,0.000818478,0.818478,1000
77380,0.001353521,1.353521,1000
77381,0.002963469,2.963469,1000
77382,0.002875363,2.875363,1000
77383,0.000954263,0.954263,1000
77384,0.001596766,1.596766,1000
77385,0.000617772,0.617772,1000
77386,0.000281736,0.281736,1000
77387,0.001389016,1.389016,1000
77388,0.000831005,0.831005,1000
77389,0.000889661,0.889661,1000
77390,0.000488474,0.488474,1000
77391,0.000866235,0.866235,1000
77392,0.001635382,1.635382,1000
77393,0.002762958,2.762958,1000
77394,0.001550084,1.550084,1000
77395,0.0005368,0.5368,1000
77396,0.000363366,0.363366,1000
77397,0.06457589,64.57589,1000
77398,0.000521672,0.521672,1000
77399,0.000486952,0.486952,1000
77400,0.000592033,0.592033,1000
77401,0.00107244,1.07244,1000
77402,0.001097456,1.097456,1000
77403,0.000823681,0.823681,1000
77404,0.017427579,17.427579,1000
77405,0.001136619,1.136619,1000
77406,0.000825966,0.825966,1000
77407,0.000904234,0.904234,1000
77408,0.001138074,1.138074,1000
77409,0.000818958,0.818958,1000
77410,0.000850396,0.850396,1000
77411,0.003483199,3.483199,1000
77412,0.000742129,0.742129,1000
77413,0.000373711,0.373711,1000
77414,0.000784915,0.784915,1000
77415,0.003224745,3.224745,1000
77416,0.000963237,0.963237,1000
77417,0.005542603,5.542603,1000
77418,0.00087198,0.87198,1000
77419,0.000951934,0.951934,1000
77420,0.001062502,1.062502,1000
77421,0.001330285,1.330285,1000
77422,0.000695355,0.695355,1000
77423,0.002922824,2.922824,1000
77424,0.000783777,0.783777,1000
77425,0.000783777,0.783777,1000
77426,0.075536017,75.536017,1000
77427,0.001666066,1.666066,1000
77428,0.002797662,2.797662,1000
77429,0.001344387,1.344387,1000
77430,0.001098108,1.098108,1000
77431,0.000662504,0.662504,1000
77432,0.000634254,0.634254,1000
77433,0.000825969,0.825969,1000
77434,0.000674029,0.674029,1000
77435,0.001104034,1.104034,1000
77436,0.00101079,1.01079,1000
77437,0.000964089,0.964089,1000
77438,0.000765768,0.765768,1000
77439,0.001155647,1.155647,1000
77440,0.001193071,1.193071,1000
77441,0.001081154,1.081154,1000
77442,0.010090971,10.090971,1000
77443,0.000711978,0.711978,1000
77444,0.00069256,0.69256,1000
77445,0.000600647,0.600647,1000
77446,0.000921876,0.921876,1000
77447,0.000812392,0.812392,1000
77448,0.000797843,0.797843,1000
77449,0.001024543,1.024543,1000
77450,0.002450663,2.450663,1000
77451,0.002225363,2.225363,1000
77452,0.000917447,0.917447,1000
77453,0.001134919,1.134919,1000
77454,0.000911382,0.911382,1000
77455,0.000975326,0.975326,1000
77456,0.000574805,0.574805,1000
77457,0.000817767,0.817767,1000
77458,0.000670902,0.670902,1000
77459,0.001201499,1.201499,1000
77460,0.000372659,0.372659,1000
77461,0.000621624,0.621624,1000
77462,0.000490974,0.490974,1000
77463,0.000635706,0.635706,1000
77464,0.001226756,1.226756,1000
77465,0.003717242,3.717242,1000
77466,0.000878155,0.878155,1000
77467,0.001095578,1.095578,1000
77468,0.000721599,0.721599,1000
77469,0.000762772,0.762772,1000
77470,0.000733532,0.733532,1000
77471,0.001014435,1.014435,1000
77472,0.000409954,0.409954,1000
77473,0.000716824,0.716824,1000
77474,0.000961977,0.961977,1000
77475,0.000416662,0.416662,1000
77476,0.005429273,5.429273,1000
77477,0.003364556,3.364556,1000
77478,0.001430785,1.430785,1000
77479,0.000453981,0.453981,1000
77480,0.000381266,0.381266,1000
77481,0.000453333,0.453333,1000
77482,0.000606215,0.606215,1000
77483,0.001062502,1.062502,1000
77484,0.000771179,0.771179,1000
77485,0.000825969,0.825969,1000
77486,0.000486066,0.486066,1000
77487,0.000338315,0.338315,1000
77488,0.001846099,1.846099,1000
77489,0.000695991,0.695991,1000
77490,0.006305752,6.305752,1000
77491,0.000813765,0.813765,1000
77492,0.007578325,7.578325,1000
77493,0.001134919,1.134919,1000
77494,0.018222362,18.222362,1000
77495,0.000694772,0.694772,1000
77496,0.000771323,0.771323,1000
77497,0.000905675,0.905675,1000
77498,0.009316031,9.316031,1000
77499,0.008283073,8.283073,1000
77500,0.000899636,0.899636,1000
77501,0.000585951,0.585951,1000
77502,0.000740089,0.740089,1000
77503,0.000308437,0.308437,1000
77504,0.000655769,0.655769,1000
77505,0.000763426,0.763426,1000
77506,0.000898167,0.898167,1000
77507,0.001005982,1.005982,1000
77508,0.000840692,0.840692,1000
77509,0.000330749,0.330749,1000
77510,0.001011936,1.011936,1000
77511,0.000646618,0.646618,1000
77512,0.000862466,0.862466,1000
77513,0.00070289,0.70289,1000
77514,0.001313981,1.313981,1000
77515,0.00089256,0.89256,1000
77516,0.001042319,1.042319,1000
77517,0.001592071,1.592071,1000
77518,0.001375999,1.375999,1000
77519,0.001190355,1.190355,1000
77520,0.001190355,1.190355,1000
77521,0.003964381,3.964381,1000
77522,0.000872179,0.872179,1000
77523,0.000379142,0.379142,1000
77524,0.002303525,2.303525,1000
77525,0.00081312,0.81312,1000
77526,0.000479201,0.479201,1000
77527,0.002829191,2.829191,1000
77528,0.001088726,1.088726,1000
77529,0.000963396,0.963396,1000
77530,0.006550792,6.550792,1000
77531,0.006465707,6.465707,1000
77532,0.000763869,0.763869,1000
77533,0.000945063,0.945063,1000
77534,0.00092902,0.92902,1000
77535,0.00123555,1.23555,1000
77536,0.001010763,1.010763,1000
77537,0.001216988,1.216988,1000
77538,0.000400889,0.400889,1000
77539,0.000560144,0.560144,1000
77540,0.00066695,0.66695,1000
77541,0.001316848,1.316848,1000
77542,0.00117768,1.17768,1000
77543,0.000311795,0.311795,1000
77544,0.000648556,0.648556,1000
77545,0.001096556,1.096556,1000
77546,0.001104592,1.104592,1000
77547,0.000942669,0.942669,1000
77548,0.000611273,0.611273,1000
77549,0.003476842,3.476842,1000
77550,0.000928604,0.928604,1000
77551,0.016759939,16.759939,1000
77552,0.000932191,0.932191,1000
77553,0.000332412,0.332412,1000
77554,0.000779631,0.779631,1000
77555,0.001141219,1.141219,1000
77556,0.002994741,2.994741,1000
77557,0.000317383,0.317383,1000
77558,0.00073231,0.73231,1000
77559,0.000978076,0.978076,1000
77560,0.001048854,1.048854,1000
77561,0.002165914,2.165914,1000
77562,0.000837387,0.837387,1000
77563,0.001319766,1.319766,1000
77564,0.000911297,0.911297,1000
77565,0.00056758,0.56758,1000
77566,0.000783777,0.783777,1000
77567,0.000764426,0.764426,1000
77568,0.001342654,1.342654,1000
77569,0.000455637,0.455637,1000
77570,0.000721852,0.721852,1000
77571,0.001720133,1.720133,1000
77572,0.002221025,2.221025,1000
77573,0.001155282,1.155282,1000
77574,0.000899537,0.899537,1000
77575,0.004134287,4.134287,1000
77576,0.001326582,1.326582,1000
77577,0.00081312,0.81312,1000
77578,0.000967506,0.967506,1000
77579,0.0015091,1.5091,1000
77580,0.007620522,7.620522,1000
77581,0.000953672,0.953672,1000
77582,0.064580577,64.580577,1000
77583,0.001393301,1.393301,1000
77584,0.000982522,0.982522,1000
77585,0.002932758,2.932758,1000
77586,0.001522992,1.522992,1000
77587,0.000937243,0.937243,1000
77588,0.000884986,0.884986,1000
77589,0.000619049,0.619049,1000
77590,0.004151753,4.151753,1000
77591,0.001029356,1.029356,1000
77592,0.000647776,0.647776,1000
77593,0.000761692,0.761692,1000
77594,0.009444929,9.444929,1000
77595,0.00549825,5.49825,1000
77596,0.001006227,1.006227,1000
77597,0.003844454,3.844454,1000
77598,0.000857233,0.857233,1000
77599,0.001885147,1.885147,1000
77600,0.003680743,3.680743,1000
77601,0.000710305,0.710305,1000
77602,0.001065335,1.065335,1000
77603,0.00055339,0.55339,1000
77604,0.001011936,1.011936,1000
77605,0.00081312,0.81312,1000
77606,0.00104294,1.04294,1000
77607,0.001073778,1.073778,1000
77608,0.002506262,2.506262,1000
77609,0.001484846,1.484846,1000
77610,0.000672633,0.672633,1000
77611,0.000606426,0.606426,1000
77612,0.00158555,1.58555,1000
77613,0.000737174,0.737174,1000
77614,0.014894114,14.894114,1000
77615,0.001251688,1.251688,1000
77616,0.00094286,0.94286,1000
77617,0.001030889,1.030889,1000
77618,0.00103168,1.03168,1000
77619,0.001886168,1.886168,1000
77620,0.000783777,0.783777,1000
77621,0.00098075,0.98075,1000
77622,0.001247056,1.247056,1000
77623,0.000844945,0.844945,1000
77624,0.000610267,0.610267,1000
77625,0.000860318,0.860318,1000
77626,0.000910744,0.910744,1000
77627,0.000839106,0.839106,1000
77628,0.001895928,1.895928,1000
77629,0.001093123,1.093123,1000
77630,0.001003456,1.003456,1000
77631,0.001746026,1.746026,1000
77632,0.000876579,0.876579,1000
77633,0.000962041,0.962041,1000
77634,0.000982522,0.982522,1000
77635,0.000816208,0.816208,1000
77636,0.001995832,1.995832,1000
77637,0.001274276,1.274276,1000
77638,0.000753323,0.753323,1000
77639,0.001175848,1.175848,1000
77640,0.000528458,0.528458,1000
77641,0.001632122,1.632122,1000
77642,0.001505839,1.505839,1000
77643,0.000660094,0.660094,1000
77644,0.000881686,0.881686,1000
77645,0.000458256,0.458256,1000
77646,0.001150787,1.150787,1000
77647,0.000766482,0.766482,1000
77648,0.000964956,0.964956,1000
77649,0.000525946,0.525946,1000
77650,0.002913916,2.913916,1000
77651,0.000762,0.762,1000
77652,0.000847424,0.847424,1000
77653,0.096498815,96.498815,1000
77654,0.000897885,0.897885,1000
77655,0.000936267,0.936267,1000
77656,0.001411216,1.411216,1000
77657,0.000487395,0.487395,1000
77658,0.00078378,0.78378,1000
77659,0.00081312,0.81312,1000
77660,0.000645188,0.645188,1000
77661,0.001043074,1.043074,1000
77662,0.001417642,1.417642,1000
77663,0.001555514,1.555514,1000
77664,0.000765,0.765,1000
77665,0.000763131,0.763131,1000
77666,0.00129747,1.29747,1000
77667,0.000705836,0.705836,1000
77668,0.000881935,0.881935,1000
77669,0.000706593,0.706593,1000
77670,0.001142139,1.142139,1000
77671,0.000770493,0.770493,1000
77672,0.000993186,0.993186,1000
77673,0.000496616,0.496616,1000
77674,0.000742707,0.742707,1000
77675,0.000705574,0.705574,1000
77676,0.003026403,3.026403,1000
77677,0.000897099,0.897099,1000
77678,0.001889959,1.889959,1000
77679,0.001461581,1.461581,1000
77680,0.000820461,0.820461,1000
77681,0.000903105,0.903105,1000
77682,0.000588606,0.588606,1000
77683,0.001442774,1.442774,1000
77684,0.00079703,0.79703,1000
77685,0.001326305,1.326305,1000
77686,0.001456359,1.456359,1000
77687,0.001476035,1.476035,1000
77688,0.000895094,0.895094,1000
77689,0.000977418,0.977418,1000
77690,0.001151465,1.151465,1000
77691,0.001036159,1.036159,1000
77692,0.009087336,9.087336,1000
77693,0.003012123,3.012123,1000
77694,0.001334149,1.334149,1000
77695,0.001840234,1.840234,1000
77696,0.000834175,0.834175,1000
77697,0.001466849,1.466849,1000
77698,0.000965017,0.965017,1000
77699,0.000937371,0.937371,1000
77700,0.000821948,0.821948,1000
77701,0.001193195,1.193195,1000
77702,0.001031908,1.031908,1000
77703,0.001375999,1.375999,1000
77704,0.001147967,1.147967,1000
77705,0.002207987,2.207987,1000
77706,0.001343854,1.343854,1000
77707,0.000602777,0.602777,1000
77708,0.001238712,1.238712,1000
77709,0.001244158,1.244158,1000
77710,0.001154836,1.154836,1000
77711,0.000935513,0.935513,1000
77712,0.001382615,1.382615,1000
77713,0.001520309,1.520309,1000
77714,0.001453099,1.453099,1000
77715,0.002097444,2.097444,1000
77716,0.00333181,3.33181,1000
77717,0.001000575,1.000575,1000
77718,0.001047389,1.047389,1000
77719,0.001371858,1.371858,1000
77720,0.000873984,0.873984,1000
77721,0.000754087,0.754087,1000
77722,0.00114796,1.14796,1000
77723,0.00078378,0.78378,1000
77724,0.000817866,0.817866,1000
77725,0.000814198,0.814198,1000
77726,0.002238025,2.238025,1000
77727,0.01147057,11.47057,1000
77728,0.001062379,1.062379,1000
77729,0.001651583,1.651583,1000
77730,0.001267098,1.267098,1000
77731,0.000555825,0.555825,1000
77732,0.000771731,0.771731,1000
77733,0.001054825,1.054825,1000
77734,0.001201499,1.201499,1000
77735,0.000919464,0.919464,1000
77736,0.000697962,0.697962,1000
77737,0.000633686,0.633686,1000
77738,0.000812124,0.812124,1000
77739,0.000692436,0.692436,1000
77740,0.001071083,1.071083,1000
77741,0.000884374,0.884374,1000
77742,0.009070886,9.070886,1000
77743,0.001539715,1.539715,1000
77744,0.000789545,0.789545,1000
77745,0.000448193,0.448193,1000
77746,0.000733792,0.733792,1000
77747,0.001025824,1.025824,1000
77748,0.000918562,0.918562,1000
77749,0.000679083,0.679083,1000
77750,0.002707162,2.707162,1000
77751,0.001457786,1.457786,1000
77752,0.001032939,1.032939,1000
77753,0.000977346,0.977346,1000
77754,0.009807357,9.807357,1000
77755,0.06457589,64.57589,1000
77756,0.000831749,0.831749,1000
77757,0.000766247,0.766247,1000
77758,0.000657867,0.657867,1000
77759,0.001432033,1.432033,1000
77760,0.000889276,0.889276,1000
77761,0.001789372,1.789372,1000
77762,0.001117696,1.117696,1000
77763,0.001042288,1.042288,1000
77764,0.000798904,0.798904,1000
77765,0.00059736,0.59736,1000
77766,0.035003464,35.003464,1000
77767,0.001298063,1.298063,1000
77768,0.000501011,0.501011,1000
77769,0.001011874,1.011874,1000
77770,0.000993186,0.993186,1000
77771,0.00118789,1.18789,1000
77772,0.000718536,0.718536,1000
77773,0.001140912,1.140912,1000
77774,0.000878348,0.878348,1000
77775,0.001617704,1.617704,1000
77776,0.001151182,1.151182,1000
77777,0.000783777,0.783777,1000
77778,0.017987314,17.987314,1000
77779,0.00098284,0.98284,1000
77780,0.001743478,1.743478,1000
77781,0.000741894,0.741894,1000
77782,0.001443103,1.443103,1000
77783,0.001530356,1.530356,1000
77784,0.000960681,0.960681,1000
77785,0.00099403,0.99403,1000
77786,0.002000872,2.000872,1000
77787,0.000825966,0.825966,1000
77788,0.000371257,0.371257,1000
77789,0.001055225,1.055225,1000
77790,0.001523648,1.523648,1000
77791,0.000615412,0.615412,1000
77792,0.000897099,0.897099,1000
77793,0.001750714,1.750714,1000
77794,0.001071083,1.071083,1000
77795,0.001838881,1.838881,1000
77796,0.001539473,1.539473,1000
77797,0.001042957,1.042957,1000
77798,0.001042957,1.042957,1000
77799,0.001981022,1.981022,1000
77800,0.001053444,1.053444,1000
77801,0.002889268,2.889268,1000
77802,0.000701789,0.701789,1000
77803,0.000942617,0.942617,1000
77804,0.000515131,0.515131,1000
77805,0.001364483,1.364483,1000
77806,0.00130848,1.30848,1000
77807,0.000996057,0.996057,1000
77808,0.000886086,0.886086,1000
77809,0.001115998,1.115998,1000
77810,0.000805802,0.805802,1000
77811,0.001021896,1.021896,1000
77812,0.00148373,1.48373,1000
77813,0.001474277,1.474277,1000
77814,0.013292575,13.292575,1000
77815,0.001457786,1.457786,1000
77816,0.000551004,0.551004,1000
77817,0.000621055,0.621055,1000
77818,0.000604128,0.604128,1000
77819,0.001510527,1.510527,1000
77820,0.000783777,0.783777,1000
77821,0.000903286,0.903286,1000
77822,0.001337199,1.337199,1000
77823,0.000947004,0.947004,1000
77824,0.000948733,0.948733,1000
77825,0.003013459,3.013459,1000
77826,0.002104447,2.104447,1000
77827,0.00090841,0.90841,1000
77828,0.00081312,0.81312,1000
77829,0.001223901,1.223901,1000
77830,0.001071133,1.071133,1000
77831,0.001175191,1.175191,1000
77832,0.017292315,17.292315,1000
77833,0.00075776,0.75776,1000
77834,0.001206938,1.206938,1000
77835,0.001006165,1.006165,1000
77836,0.001679849,1.679849,1000
77837,0.000895294,0.895294,1000
77838,0.000504357,0.504357,1000
77839,0.001280476,1.280476,1000
77840,0.00087908,0.87908,1000
77841,0.000770998,0.770998,1000
77842,0.000952288,0.952288,1000
77843,0.000678176,0.678176,1000
77844,0.001312558,1.312558,1000
77845,0.000833219,0.833219,1000
77846,0.01867315,18.67315,1000
77847,0.001078797,1.078797,1000
77848,0.01402696,14.02696,1000
77849,0.002881741,2.881741,1000
77850,0.000932832,0.932832,1000
77851,0.006768563,6.768563,1000
77852,0.000685389,0.685389,1000
77853,0.000622574,0.622574,1000
77854,0.000324916,0.324916,1000
77855,0.00081312,0.81312,1000
77856,0.021829729,21.829729,1000
77857,0.000502693,0.502693,1000
77858,0.000963771,0.963771,1000
77859,0.001825149,1.825149,1000
77860,0.004300913,4.300913,1000
77861,0.010713558,10.713558,1000
77862,0.00081312,0.81312,1000
77863,0.002007319,2.007319,1000
77864,0.040273927,40.273927,1000
77865,0.000456821,0.456821,1000
77866,0.002170891,2.170891,1000
77867,0.016085384,16.085384,1000
77868,0.000394316,0.394316,1000
77869,0.000631711,0.631711,1000
77870,0.003785978,3.785978,1000
77871,0.000974685,0.974685,1000
77872,0.000613783,0.613783,1000
77873,0.00105043,1.05043,1000
77874,0.001409731,1.409731,1000
77875,0.005797385,5.797385,1000
77876,0.000572618,0.572618,1000
77877,0.003129897,3.129897,1000
77878,0.007560218,7.560218,1000
77879,0.000648828,0.648828,1000
77880,0.005368574,5.368574,1000
77881,0.001331713,1.331713,1000
77882,0.00769956,7.69956,1000
77883,0.001124571,1.124571,1000
77884,0.00421201,4.21201,1000
77885,0.031043687,31.043687,1000
77886,0.000395364,0.395364,1000
77887,0.000848342,0.848342,1000
77888,0.000985223,0.985223,1000
77889,0.000590016,0.590016,1000
77890,0.001798952,1.798952,1000
77891,0.011867588,11.867588,1000
77892,0.010817541,10.817541,1000
77893,0.003341133,3.341133,1000
77894,0.000889567,0.889567,1000
77895,0.000813867,0.813867,1000
77896,0.001227321,1.227321,1000
77897,0.002402586,2.402586,1000
77898,0.000778141,0.778141,1000
77899,0.000464774,0.464774,1000
77900,0.011276694,11.276694,1000
77901,0.001911711,1.911711,1000
77902,0.008686382,8.686382,1000
77903,0.001750714,1.750714,1000
77904,0.00061917,0.61917,1000
77905,0.001197299,1.197299,1000
77906,0.005608537,5.608537,1000
77907,0.000740317,0.740317,1000
77908,0.001062519,1.062519,1000
77909,0.001013021,1.013021,1000
77910,0.000965633,0.965633,1000
77911,0.000764444,0.764444,1000
77912,0.000989344,0.989344,1000
77913,0.001659957,1.659957,1000
77914,0.008981791,8.981791,1000
77915,0.000602346,0.602346,1000
77916,0.018707703,18.707703,1000
77917,0.116822397,116.822397,1000
77918,0.00100621,1.00621,1000
77919,0.001284044,1.284044,1000
77920,0.000568586,0.568586,1000
77921,0.000816751,0.816751,1000
77922,0.000955023,0.955023,1000
77923,0.019112382,19.112382,1000
77924,0.003071146,3.071146,1000
77925,0.000824165,0.824165,1000
77926,0.000361916,0.361916,1000
77927,0.003311798,3.311798,1000
77928,0.008144424,8.144424,1000
77929,0.0008926,0.8926,1000
77930,0.000320806,0.320806,1000
77931,0.000742266,0.742266,1000
77932,0.000288059,0.288059,1000
77933,0.000905896,0.905896,1000
77934,0.000959325,0.959325,1000
77935,0.052388484,52.388484,1000
77936,0.000901299,0.901299,1000
77937,0.000660399,0.660399,1000
77938,0.000405959,0.405959,1000
77939,0.000294722,0.294722,1000
77940,0.00111521,1.11521,1000
77941,0.000988237,0.988237,1000
77942,0.131265654,131.265654,1000
77943,0.00071036,0.71036,1000
77944,0.000988239,0.988239,1000
77945,0.000943105,0.943105,1000
77946,0.000868216,0.868216,1000
77947,0.081285606,81.285606,1000
77948,0.000702511,0.702511,1000
77949,0.00096079,0.96079,1000
77950,0.000449035,0.449035,1000
77951,0.001512117,1.512117,1000
77952,0.000734002,0.734002,1000
77953,0.00081312,0.81312,1000
77954,0.06457589,64.57589,1000
77955,0.00081475,0.81475,1000
77956,0.001044721,1.044721,1000
77957,0.000444588,0.444588,1000
77958,0.000758995,0.758995,1000
77959,0.000549537,0.549537,1000
77960,0.001609087,1.609087,1000
77961,0.001324548,1.324548,1000
77962,0.002903311,2.903311,1000
77963,0.001832055,1.832055,1000
77964,0.000409406,0.409406,1000
77965,0.002680138,2.680138,1000
77966,0.000906327,0.906327,1000
77967,0.000693792,0.693792,1000
77968,0.001584608,1.584608,1000
77969,0.000576427,0.576427,1000
77970,0.007992834,7.992834,1000
77971,0.0006163,0.6163,1000
77972,0.000818964,0.818964,1000
77973,0.001166478,1.166478,1000
77974,0.000565826,0.565826,1000
77975,0.000744357,0.744357,1000
77976,0.000432616,0.432616,1000
77977,0.00482408,4.82408,1000
77978,0.000756703,0.756703,1000
77979,0.000341652,0.341652,1000
77980,0.001376162,1.376162,1000
77981,0.002842215,2.842215,1000
77982,0.000710115,0.710115,1000
77983,0.001181474,1.181474,1000
77984,0.000273611,0.273611,1000
77985,0.00081312,0.81312,1000
77986,0.000838932,0.838932,1000
77987,0.001000921,1.000921,1000
77988,0.004894809,4.894809,1000
77989,0.001081154,1.081154,1000
77990,0.000695257,0.695257,1000
77991,0.000678382,0.678382,1000
77992,0.000606576,0.606576,1000
77993,0.000387543,0.387543,1000
77994,0.000948727,0.948727,1000
77995,0.001525181,1.525181,1000
77996,0.000703144,0.703144,1000
77997,0.001274708,1.274708,1000
77998,0.001237998,1.237998,1000
77999,0.000889846,0.889846,1000
78000,0.00549628,5.49628,1000
78001,0.000524513,0.524513,1000
78002,0.000779021,0.779021,1000
78003,0.00089672,0.89672,1000
78004,0.000949925,0.949925,1000
78006,0.001001018,1.001018,1000
78007,0.001114782,1.114782,1000
78008,0.001170557,1.170557,1000
78010,0.001520187,1.520187,1000
78011,0.001653118,1.653118,1000
78012,0.000969304,0.969304,1000
78013,0.001123671,1.123671,1000
78014,0.000475746,0.475746,1000
78015,0.000381549,0.381549,1000
78016,0.001065745,1.065745,1000
78017,0.001006227,1.006227,1000
78018,0.001549574,1.549574,1000
78019,0.001284429,1.284429,1000
78020,0.007297517,7.297517,1000
78021,0.001621724,1.621724,1000
78022,0.008317936,8.317936,1000
78023,0.000383691,0.383691,1000
78024,0.000659233,0.659233,1000
78025,0.000790141,0.790141,1000
78026,0.001386282,1.386282,1000
78027,0.000817713,0.817713,1000
78028,0.00659145,6.59145,1000
78029,0.595286263,595.286263,1000
78030,0.00156611,1.56611,1000
78031,0.01105974,11.05974,1000
78032,0.000693243,0.693243,1000
78033,0.00296768,2.96768,1000
78034,0.000733325,0.733325,1000
78035,0.001825149,1.825149,1000
78036,0.000922014,0.922014,1000
78037,0.000496735,0.496735,1000
78038,0.000506814,0.506814,1000
78039,0.001939918,1.939918,1000
78040,0.000934674,0.934674,1000
78041,0.0007108,0.7108,1000
78042,0.000714907,0.714907,1000
78043,0.001071207,1.071207,1000
78044,0.000609795,0.609795,1000
78045,0.000676163,0.676163,1000
78046,0.001041789,1.041789,1000
78047,0.0015995,1.5995,1000
78048,0.000626,0.626,1000
78049,0.000922223,0.922223,1000
78050,0.000789479,0.789479,1000
78051,0.001798846,1.798846,1000
78052,0.000885103,0.885103,1000
78053,0.000932102,0.932102,1000
78054,0.001352797,1.352797,1000
78055,0.000423701,0.423701,1000
78056,0.00137604,1.37604,1000
78057,0.000508064,0.508064,1000
78058,0.001453666,1.453666,1000
78060,0.000415772,0.415772,1000
78061,0.001313166,1.313166,1000
78062,0.002812707,2.812707,1000
78063,0.001188436,1.188436,1000
78064,0.000510695,0.510695,1000
78065,0.057013217,57.013217,1000
78066,0.001001438,1.001438,1000
78067,0.002297971,2.297971,1000
78068,0.000485,0.485,1000
78069,0.000854109,0.854109,1000
78070,0.001048207,1.048207,1000
78071,0.002856954,2.856954,1000
78072,0.002753226,2.753226,1000
78073,0.001112765,1.112765,1000
78074,0.000748543,0.748543,1000
78075,0.0006373,0.6373,1000
78076,0.001097456,1.097456,1000
78077,0.001227032,1.227032,1000
78078,0.001741206,1.741206,1000
78079,0.000700265,0.700265,1000
78080,0.000827585,0.827585,1000
78081,0.000467319,0.467319,1000
78082,0.001085537,1.085537,1000
78083,0.000660352,0.660352,1000
78084,0.001011936,1.011936,1000
78085,0.000825966,0.825966,1000
78086,0.00099525,0.99525,1000
78087,0.00078746,0.78746,1000
78088,0.000808965,0.808965,1000
78089,0.024463976,24.463976,1000
78090,0.001062379,1.062379,1000
78091,0.000672746,0.672746,1000
78092,0.000912356,0.912356,1000
78093,0.00044137,0.44137,1000
78094,0.000891676,0.891676,1000
78095,0.00184766,1.84766,1000
78096,0.000722841,0.722841,1000
78097,0.003631719,3.631719,1000
78098,0.001591686,1.591686,1000
78099,0.002232305,2.232305,1000
78100,0.001505839,1.505839,1000
78101,0.001062502,1.062502,1000
78102,0.000751014,0.751014,1000
78103,0.001362193,1.362193,1000
78104,0.001143068,1.143068,1000
78105,0.000542174,0.542174,1000
78106,0.001505839,1.505839,1000
78107,0.000783777,0.783777,1000
78108,0.001592045,1.592045,1000
78109,0.001844604,1.844604,1000
78110,0.009907006,9.907006,1000
78111,0.00115367,1.15367,1000
78112,0.002746967,2.746967,1000
78113,0.013063593,13.063593,1000
78114,0.005074124,5.074124,1000
78115,0.000777996,0.777996,1000
78116,0.001217107,1.217107,1000
78117,0.000838283,0.838283,1000
78118,0.00115367,1.15367,1000
78119,0.000599927,0.599927,1000
78120,0.008056569,8.056569,1000
78121,0.000837371,0.837371,1000
78122,0.008009143,8.009143,1000
78123,0.004552351,4.552351,1000
78124,0.001042957,1.042957,1000
78125,0.000825503,0.825503,1000
78126,0.003045865,3.045865,1000
78127,0.000682888,0.682888,1000
78128,0.000902124,0.902124,1000
78129,0.005962968,5.962968,1000
78130,0.001242727,1.242727,1000
78131,0.000579164,0.579164,1000
78132,0.00244732,2.44732,1000
78133,0.001232779,1.232779,1000
78134,0.000659675,0.659675,1000
78135,0.000672201,0.672201,1000
78136,0.00055667,0.55667,1000
78137,0.006001851,6.001851,1000
78138,0.002935613,2.935613,1000
78139,0.000492065,0.492065,1000
78140,0.000902529,0.902529,1000
78141,0.007954597,7.954597,1000
78142,0.003380908,3.380908,1000
78143,0.000769738,0.769738,1000
78144,0.001706194,1.706194,1000
78145,0.000819428,0.819428,1000
78146,0.008336036,8.336036,1000
78147,0.0015091,1.5091,1000
78148,0.000898476,0.898476,1000
78149,0.001821889,1.821889,1000
78150,0.000690343,0.690343,1000
78151,0.003070693,3.070693,1000
78152,0.006404156,6.404156,1000
78153,0.000948855,0.948855,1000
78154,0.003911997,3.911997,1000
78155,0.000591196,0.591196,1000
78156,0.000768632,0.768632,1000
78157,0.001149178,1.149178,1000
78158,0.001326995,1.326995,1000
78159,0.000785887,0.785887,1000
78160,0.000255275,0.255275,1000
78161,0.001519345,1.519345,1000
78162,0.01110904,11.10904,1000
78163,0.000688006,0.688006,1000
78165,0.00034834,0.34834,1000
78166,0.001377693,1.377693,1000
78167,0.001071066,1.071066,1000
78168,0.000560358,0.560358,1000
78169,0.000963771,0.963771,1000
78170,0.00461052,4.61052,1000
78171,0.001134445,1.134445,1000
78172,0.002301432,2.301432,1000
78173,0.000347765,0.347765,1000
78174,0.000976535,0.976535,1000
78175,0.000773274,0.773274,1000
78176,0.000646396,0.646396,1000
78177,0.000657954,0.657954,1000
78178,0.000727877,0.727877,1000
78179,0.008418106,8.418106,1000
78180,0.004280079,4.280079,1000
78181,0.001453099,1.453099,1000
78182,0.005189417,5.189417,1000
78183,0.001242021,1.242021,1000
78184,0.000872109,0.872109,1000
78185,0.000955139,0.955139,1000
78186,0.001010701,1.010701,1000
78187,0.002410338,2.410338,1000
78188,0.000682708,0.682708,1000
78189,0.002363381,2.363381,1000
78190,0.000708137,0.708137,1000
78191,0.003350607,3.350607,1000
78192,0.001996322,1.996322,1000
78193,0.007838689,7.838689,1000
78194,0.00081312,0.81312,1000
78195,0.001149869,1.149869,1000
78196,0.595283003,595.283003,1000
78197,0.000936951,0.936951,1000
78198,0.002958969,2.958969,1000
78199,0.001217504,1.217504,1000
78200,0.001607469,1.607469,1000
78201,0.000268898,0.268898,1000
78202,0.018177186,18.177186,1000
78203,0.000881057,0.881057,1000
78204,0.000893116,0.893116,1000
78205,0.001072408,1.072408,1000
78206,0.001351453,1.351453,1000
78207,0.000546023,0.546023,1000
78208,0.000587596,0.587596,1000
78209,0.001111248,1.111248,1000
78210,0.008043214,8.043214,1000
78211,0.000606604,0.606604,1000
78212,0.006682739,6.682739,1000
78213,0.000868526,0.868526,1000
78214,0.003404403,3.404403,1000
78215,0.003368278,3.368278,1000
78216,0.000792903,0.792903,1000
78217,0.001402613,1.402613,1000
78218,0.17902404,179.02404,1000
78219,0.003531483,3.531483,1000
78220,0.009095747,9.095747,1000
78221,0.000919407,0.919407,1000
78222,0.005076811,5.076811,1000
78223,0.00039719,0.39719,1000
78224,0.008193228,8.193228,1000
78225,0.001977993,1.977993,1000
78226,0.000782989,0.782989,1000
78227,0.000908983,0.908983,1000
78228,0.000891227,0.891227,1000
78229,0.000783777,0.783777,1000
78230,0.001243399,1.243399,1000
78231,0.001545753,1.545753,1000
78232,0.001089723,1.089723,1000
78233,0.002153786,2.153786,1000
78234,0.000960577,0.960577,1000
78235,0.003545579,3.545579,1000
78236,0.00104294,1.04294,1000
78237,0.008339814,8.339814,1000
78238,0.001069915,1.069915,1000
78239,0.002704047,2.704047,1000
78240,0.000968791,0.968791,1000
78241,0.000792152,0.792152,1000
78242,0.000759247,0.759247,1000
78243,0.007502042,7.502042,1000
78244,0.000623598,0.623598,1000
78245,0.001613369,1.613369,1000
78246,0.001207512,1.207512,1000
78247,0.00082768,0.82768,1000
78248,0.003311065,3.311065,1000
78249,0.002886662,2.886662,1000
78250,0.000888848,0.888848,1000
78251,0.000501662,0.501662,1000
78252,0.000406011,0.406011,1000
78253,0.001123598,1.123598,1000
78254,0.000483975,0.483975,1000
78255,0.000953672,0.953672,1000
78256,0.001037908,1.037908,1000
78257,0.000761623,0.761623,1000
78258,0.00081312,0.81312,1000
78259,0.000808824,0.808824,1000
78260,0.000729071,0.729071,1000
78261,0.000960681,0.960681,1000
78262,0.002264986,2.264986,1000
78263,0.008423868,8.423868,1000
78264,0.000437847,0.437847,1000
78265,0.001418412,1.418412,1000
78266,0.000808037,0.808037,1000
78267,0.000965327,0.965327,1000
78268,0.003542434,3.542434,1000
78269,0.003006996,3.006996,1000
78270,0.000877806,0.877806,1000
78271,0.004959123,4.959123,1000
78272,0.001023292,1.023292,1000
78273,0.000436724,0.436724,1000
78274,0.000519828,0.519828,1000
78275,0.000370294,0.370294,1000
78276,0.000980709,0.980709,1000
78277,0.001048934,1.048934,1000
78278,0.000611383,0.611383,1000
78279,0.000895273,0.895273,1000
78280,0.000809511,0.809511,1000
78281,0.019184876,19.184876,1000
78282,0.006587071,6.587071,1000
78283,0.000677427,0.677427,1000
78284,0.000806392,0.806392,1000
78285,0.029387055,29.387055,1000
78286,0.000575479,0.575479,1000
78287,0.001775995,1.775995,1000
78288,0.000611003,0.611003,1000
78289,0.001011936,1.011936,1000
78290,0.001206827,1.206827,1000
78291,0.003741323,3.741323,1000
78292,0.000959104,0.959104,1000
78293,0.002189972,2.189972,1000
78294,0.000831885,0.831885,1000
78295,0.009335683,9.335683,1000
78296,0.001073934,1.073934,1000
78297,0.007901685,7.901685,1000
78298,0.152944761,152.944761,1000
78299,0.001932512,1.932512,1000
78300,0.003344424,3.344424,1000
78301,0.000709975,0.709975,1000
78302,0.001071105,1.071105,1000
78303,0.017779032,17.779032,1000
78304,0.056856111,56.856111,1000
78305,0.001015566,1.015566,1000
78306,0.001023039,1.023039,1000
78307,0.000604591,0.604591,1000
78308,0.038345671,38.345671,1000
78309,0.005355207,5.355207,1000
78310,0.001514182,1.514182,1000
78311,0.001826577,1.826577,1000
78312,0.001011936,1.011936,1000
78313,0.000754151,0.754151,1000
78314,0.001062541,1.062541,1000
78315,0.000765695,0.765695,1000
78316,0.000822011,0.822011,1000
78317,0.001062502,1.062502,1000
78318,0.000979656,0.979656,1000
78319,0.057612251,57.612251,1000
78320,0.000742688,0.742688,1000
78321,0.00104294,1.04294,1000
78322,0.000597214,0.597214,1000
78323,0.000849015,0.849015,1000
78324,0.003482408,3.482408,1000
78325,0.000993124,0.993124,1000
78326,0.00112596,1.12596,1000
78327,0.000645774,0.645774,1000
78328,0.00225763,2.25763,1000
78329,0.003300287,3.300287,1000
78330,0.002197918,2.197918,1000
78331,0.003436801,3.436801,1000
78332,0.014343481,14.343481,1000
78333,0.101447671,101.447671,1000
78334,0.005042624,5.042624,1000
78335,0.000348854,0.348854,1000
78336,0.000465433,0.465433,1000
78337,0.06110243,61.10243,1000
78338,0.001062519,1.062519,1000
78339,0.000867184,0.867184,1000
78340,0.005669065,5.669065,1000
78341,0.000720212,0.720212,1000
78342,0.001062502,1.062502,1000
78343,0.000837479,0.837479,1000
78344,0.001042283,1.042283,1000
78345,0.000613929,0.613929,1000
78346,0.000492944,0.492944,1000
78347,0.000773748,0.773748,1000
78348,0.00105043,1.05043,1000
78349,0.002367836,2.367836,1000
78350,0.001825149,1.825149,1000
78351,0.118560946,118.560946,1000
78352,0.010774723,10.774723,1000
78353,0.011096364,11.096364,1000
78354,0.01669013,16.69013,1000
78355,0.001307177,1.307177,1000
78356,0.000831911,0.831911,1000
78357,0.000613822,0.613822,1000
78358,0.097654185,97.654185,1000
78359,0.000909546,0.909546,1000
78360,0.00283394,2.83394,1000
78362,0.000289588,0.289588,1000
78363,0.001514366,1.514366,1000
78364,0.000607235,0.607235,1000
78365,0.013632599,13.632599,1000
78366,0.002661938,2.661938,1000
78367,0.000886034,0.886034,1000
78368,0.464496157,464.496157,1000
78369,0.000825966,0.825966,1000
78370,0.001524419,1.524419,1000
78371,0.001315818,1.315818,1000
78372,0.001518232,1.518232,1000
78373,0.000727558,0.727558,1000
78374,0.001269228,1.269228,1000
78375,0.000746418,0.746418,1000
78376,0.000769738,0.769738,1000
78377,0.000481694,0.481694,1000
78378,0.000564352,0.564352,1000
78379,0.000599012,0.599012,1000
78380,0.000762093,0.762093,1000
78381,0.000469894,0.469894,1000
78382,0.001010763,1.010763,1000
78383,0.00081312,0.81312,1000
78384,0.001062519,1.062519,1000
78385,0.000667141,0.667141,1000
78386,0.001070943,1.070943,1000
78387,0.000881571,0.881571,1000
78388,0.000829286,0.829286,1000
78389,0.000783777,0.783777,1000
78390,0.001613775,1.613775,1000
78391,0.001062519,1.062519,1000
78392,0.000967734,0.967734,1000
78393,0.00121688,1.21688,1000
78394,0.001097456,1.097456,1000
78395,0.006271709,6.271709,1000
78396,0.000367223,0.367223,1000
78397,0.000820685,0.820685,1000
78398,0.001312558,1.312558,1000
78399,0.001006192,1.006192,1000
78400,0.00081312,0.81312,1000
78401,0.000576066,0.576066,1000
78402,0.000953545,0.953545,1000
78403,0.000657094,0.657094,1000
78404,0.001042817,1.042817,1000
78405,0.000870165,0.870165,1000
78406,0.000284218,0.284218,1000
78407,0.001389432,1.389432,1000
78408,0.000457579,0.457579,1000
78409,0.001080654,1.080654,1000
78410,0.003706376,3.706376,1000
78411,0.025126811,25.126811,1000
78412,0.001454019,1.454019,1000
78413,0.000647658,0.647658,1000
78414,0.006968232,6.968232,1000
78415,0.00100365,1.00365,1000
78416,0.001224927,1.224927,1000
78417,0.011596445,11.596445,1000
78418,0.00077319,0.77319,1000
78419,0.000918837,0.918837,1000
78420,0.001116018,1.116018,1000
78421,0.000700455,0.700455,1000
78422,0.000762299,0.762299,1000
78423,0.001239822,1.239822,1000
78424,0.001416289,1.416289,1000
78425,0.001461581,1.461581,1000
78426,0.001057455,1.057455,1000
78427,0.001133898,1.133898,1000
78428,0.000701181,0.701181,1000
78429,0.004084159,4.084159,1000
78430,0.001608681,1.608681,1000
78431,0.006261783,6.261783,1000
78432,0.000999869,0.999869,1000
78433,0.001043007,1.043007,1000
78434,0.06457589,64.57589,1000
78435,0.003304975,3.304975,1000
78436,0.003215587,3.215587,1000
78437,0.004260146,4.260146,1000
78438,0.000474636,0.474636,1000
78439,0.000758077,0.758077,1000
78440,0.001630668,1.630668,1000
78441,0.001523885,1.523885,1000
78442,0.001141219,1.141219,1000
78443,0.000782911,0.782911,1000
78444,0.000804563,0.804563,1000
78445,0.0029806,2.9806,1000
78446,0.005745168,5.745168,1000
78447,0.000518264,0.518264,1000
78448,0.008114319,8.114319,1000
78449,0.003335457,3.335457,1000
78450,0.008332652,8.332652,1000
78451,0.000849524,0.849524,1000
78452,0.015072626,15.072626,1000
78453,0.007315427,7.315427,1000
78454,0.00151142,1.51142,1000
78455,0.000362539,0.362539,1000
78456,0.000897954,0.897954,1000
78457,0.001042319,1.042319,1000
78458,0.000514221,0.514221,1000
78459,0.000338769,0.338769,1000
78460,0.001094514,1.094514,1000
78461,0.000890992,0.890992,1000
78462,0.000858252,0.858252,1000
78463,0.000965341,0.965341,1000
78464,0.000667528,0.667528,1000
78465,0.001522089,1.522089,1000
78466,0.000366494,0.366494,1000
78467,0.000840066,0.840066,1000
78468,0.00090181,0.90181,1000
78469,0.000988535,0.988535,1000
78470,0.00061613,0.61613,1000
78471,0.00103168,1.03168,1000
78472,0.001043522,1.043522,1000
78473,0.000743522,0.743522,1000
78474,0.000741141,0.741141,1000
78475,0.001439695,1.439695,1000
78476,0.000759997,0.759997,1000
78477,0.002988849,2.988849,1000
78478,0.004608362,4.608362,1000
78479,0.000472213,0.472213,1000
78480,0.000580354,0.580354,1000
78481,0.002168453,2.168453,1000
78482,0.000482794,0.482794,1000
78483,0.000616689,0.616689,1000
78484,0.000926763,0.926763,1000
78485,0.007906301,7.906301,1000
78486,0.001510527,1.510527,1000
78487,0.04685883,46.85883,1000
78488,0.042908517,42.908517,1000
78489,0.013917592,13.917592,1000
78490,0.000967242,0.967242,1000
78491,0.000727302,0.727302,1000
78492,0.001627156,1.627156,1000
78493,0.001197521,1.197521,1000
78494,0.000818367,0.818367,1000
78495,0.001042817,1.042817,1000
78496,0.000703351,0.703351,1000
78497,0.000943044,0.943044,1000
78498,0.006852267,6.852267,1000
78499,0.000923586,0.923586,1000
78500,0.000869029,0.869029,1000
78501,0.000425588,0.425588,1000
78502,0.000929686,0.929686,1000
78503,0.000660088,0.660088,1000
78504,0.000741988,0.741988,1000
78505,0.037152187,37.152187,1000
78506,0.000616407,0.616407,1000
78507,0.000879793,0.879793,1000
78508,0.001025137,1.025137,1000
78509,0.019098897,19.098897,1000
78510,0.002717661,2.717661,1000
78511,0.001327537,1.327537,1000
78512,0.000820477,0.820477,1000
78513,0.000442438,0.442438,1000
78514,0.001163939,1.163939,1000
78515,0.001098415,1.098415,1000
78516,0.00036314,0.36314,1000
78517,0.001004655,1.004655,1000
78518,0.015572428,15.572428,1000
78519,0.001167489,1.167489,1000
78520,0.004823677,4.823677,1000
78521,0.000695169,0.695169,1000
78522,0.000811691,0.811691,1000
78523,0.002936817,2.936817,1000
78524,0.000937371,0.937371,1000
78525,0.00076571,0.76571,1000
78526,0.064902871,64.902871,1000
78527,0.001443885,1.443885,1000
78528,0.025573289,25.573289,1000
78529,0.008026511,8.026511,1000
78530,0.011684777,11.684777,1000
78531,0.017514474,17.514474,1000
78532,0.000631027,0.631027,1000
78533,0.000616889,0.616889,1000
78534,0.001660556,1.660556,1000
78535,0.000932982,0.932982,1000
78536,0.000635123,0.635123,1000
78537,0.001480195,1.480195,1000
78538,0.001168152,1.168152,1000
78539,0.004290534,4.290534,1000
78540,0.01613387,16.13387,1000
78541,0.000497828,0.497828,1000
78542,0.000891938,0.891938,1000
78543,0.00307249,3.07249,1000
78544,0.001601399,1.601399,1000
78545,0.001283257,1.283257,1000
78546,0.000815683,0.815683,1000
78547,0.000886102,0.886102,1000
78548,0.000627844,0.627844,1000
78549,0.001097456,1.097456,1000
78550,0.001071105,1.071105,1000
78551,0.001300477,1.300477,1000
78552,0.001315421,1.315421,1000
78553,0.00103168,1.03168,1000
78554,0.000966006,0.966006,1000
78555,0.000869236,0.869236,1000
78556,0.001930879,1.930879,1000
78557,0.000785518,0.785518,1000
78558,0.005954053,5.954053,1000
78559,0.000744823,0.744823,1000
78560,0.000839771,0.839771,1000
78561,0.001203396,1.203396,1000
78562,0.032441147,32.441147,1000
78563,0.006293922,6.293922,1000
78564,0.001483455,1.483455,1000
78565,0.001010977,1.010977,1000
78566,0.000574794,0.574794,1000
78567,0.003084657,3.084657,1000
78568,0.008806402,8.806402,1000
78569,0.001397467,1.397467,1000
78570,0.001070943,1.070943,1000
78571,0.00063565,0.63565,1000
78572,0.001331049,1.331049,1000
78573,0.001098898,1.098898,1000
78574,0.001505839,1.505839,1000
78575,0.008799881,8.799881,1000
78576,0.001172505,1.172505,1000
78577,0.000973831,0.973831,1000
78578,0.001291824,1.291824,1000
78579,0.001141656,1.141656,1000
78580,0.001330889,1.330889,1000
78581,0.008492753,8.492753,1000
78582,0.016191336,16.191336,1000
78583,0.001043361,1.043361,1000
78584,0.004024765,4.024765,1000
78585,0.00070614,0.70614,1000
78586,0.000943938,0.943938,1000
78587,0.001198794,1.198794,1000
78588,0.010938118,10.938118,1000
78589,0.00081312,0.81312,1000
78590,0.001735069,1.735069,1000
78591,0.000675427,0.675427,1000
78592,0.001337748,1.337748,1000
78593,0.001038214,1.038214,1000
78594,0.001312161,1.312161,1000
78595,0.002661674,2.661674,1000
78596,0.001206648,1.206648,1000
78597,0.000784047,0.784047,1000
78598,0.004901117,4.901117,1000
78599,0.00103168,1.03168,1000
78600,0.001011936,1.011936,1000
78601,0.001624616,1.624616,1000
78602,0.001021967,1.021967,1000
78603,0.003711714,3.711714,1000
78604,0.00168966,1.68966,1000
78605,0.000894365,0.894365,1000
78606,0.000825969,0.825969,1000
78607,0.001001009,1.001009,1000
78608,0.01388433,13.88433,1000
78609,0.000685628,0.685628,1000
78610,0.00098284,0.98284,1000
78611,0.008396672,8.396672,1000
78612,0.003679984,3.679984,1000
78613,0.000454591,0.454591,1000
78614,0.000709956,0.709956,1000
78615,0.004208332,4.208332,1000
78616,0.000948554,0.948554,1000
78617,0.000884045,0.884045,1000
78618,0.008300393,8.300393,1000
78619,0.003797627,3.797627,1000
78620,0.005056341,5.056341,1000
78621,0.001469957,1.469957,1000
78622,0.001633611,1.633611,1000
78623,0.000825966,0.825966,1000
78624,0.001042957,1.042957,1000
78625,0.000994257,0.994257,1000
78626,0.001003024,1.003024,1000
78627,0.000866795,0.866795,1000
78628,0.000623449,0.623449,1000
78629,0.000911389,0.911389,1000
78630,0.000550545,0.550545,1000
78631,0.004315692,4.315692,1000
78632,0.000842906,0.842906,1000
78633,0.000637162,0.637162,1000
78634,0.000369667,0.369667,1000
78635,0.001031114,1.031114,1000
78636,0.003069049,3.069049,1000
78637,0.000845485,0.845485,1000
78638,0.000960809,0.960809,1000
78639,0.00081312,0.81312,1000
78640,0.00082621,0.82621,1000
78641,0.000917459,0.917459,1000
78642,0.000880673,0.880673,1000
78643,0.001031114,1.031114,1000
78644,0.008132974,8.132974,1000
78645,0.002920099,2.920099,1000
78646,0.01922731,19.22731,1000
78647,0.006662754,6.662754,1000
78648,0.001042957,1.042957,1000
78649,0.001505839,1.505839,1000
78650,0.0009048,0.9048,1000
78651,0.000955037,0.955037,1000
78652,0.001152443,1.152443,1000
78653,0.02708091,27.08091,1000
78654,0.017793143,17.793143,1000
78655,0.002071603,2.071603,1000
78656,0.00078378,0.78378,1000
78657,0.016564174,16.564174,1000
78658,0.003109075,3.109075,1000
78659,0.000422969,0.422969,1000
78660,0.000938948,0.938948,1000
78661,0.002773162,2.773162,1000
78662,0.003029822,3.029822,1000
78663,0.075425973,75.425973,1000
78664,0.056667464,56.667464,1000
78665,0.003219751,3.219751,1000
78666,0.075670039,75.670039,1000
78667,0.003199883,3.199883,1000
78668,0.027199611,27.199611,1000
78669,0.000709202,0.709202,1000
78670,0.002380236,2.380236,1000
78671,0.000422519,0.422519,1000
78672,0.004058053,4.058053,1000
78673,0.00078096,0.78096,1000
78674,0.003111723,3.111723,1000
78675,0.000472859,0.472859,1000
78676,0.001109718,1.109718,1000
78677,0.003185865,3.185865,1000
78678,0.001144711,1.144711,1000
78679,0.002856353,2.856353,1000
78680,0.012310453,12.310453,1000
78681,0.001127267,1.127267,1000
78682,0.002184988,2.184988,1000
78683,0.005343165,5.343165,1000
78684,0.002238106,2.238106,1000
78685,0.001143068,1.143068,1000
78686,0.000820681,0.820681,1000
78687,0.004409172,4.409172,1000
78688,0.000782611,0.782611,1000
78689,0.000357995,0.357995,1000
78690,0.001339507,1.339507,1000
78691,0.00294934,2.94934,1000
78692,0.000892945,0.892945,1000
78693,0.002290239,2.290239,1000
78694,0.001332376,1.332376,1000
78695,0.00091212,0.91212,1000
78696,0.002900281,2.900281,1000
78697,0.000779317,0.779317,1000
78698,0.003002851,3.002851,1000
78699,0.000513084,0.513084,1000
78700,0.000869883,0.869883,1000
78701,0.003322938,3.322938,1000
78702,0.00319161,3.19161,1000
78703,0.001456359,1.456359,1000
78704,0.000619817,0.619817,1000
78705,0.000878492,0.878492,1000
78706,0.000783777,0.783777,1000
78707,0.000912456,0.912456,1000
78708,0.000928655,0.928655,1000
78709,0.032655745,32.655745,1000
78710,0.000890487,0.890487,1000
78711,0.000762868,0.762868,1000
78712,0.044661489,44.661489,1000
78713,0.001608681,1.608681,1000
78714,0.000872456,0.872456,1000
78715,0.149226142,149.226142,1000
78716,0.001043007,1.043007,1000
78717,0.000617348,0.617348,1000
78718,0.001330893,1.330893,1000
78719,0.0008162,0.8162,1000
78720,0.001057531,1.057531,1000
78721,0.001824475,1.824475,1000
78722,0.017290258,17.290258,1000
78723,0.002738792,2.738792,1000
78724,0.000703239,0.703239,1000
78725,0.00101456,1.01456,1000
78726,0.004315678,4.315678,1000
78727,0.003957763,3.957763,1000
78728,0.007987118,7.987118,1000
78729,0.000654371,0.654371,1000
78730,0.000437128,0.437128,1000
78731,0.001094464,1.094464,1000
78732,0.001935046,1.935046,1000
78733,0.001097456,1.097456,1000
78734,0.001385374,1.385374,1000
78735,0.001062379,1.062379,1000
78736,0.00087332,0.87332,1000
78737,0.002976839,2.976839,1000
78738,0.0008069,0.8069,1000
78739,0.000635426,0.635426,1000
78740,0.000619704,0.619704,1000
78741,0.000870699,0.870699,1000
78742,0.015991014,15.991014,1000
78743,0.000892555,0.892555,1000
78744,0.000849564,0.849564,1000
78745,0.000874261,0.874261,1000
78746,0.002803335,2.803335,1000
78747,0.056384244,56.384244,1000
78748,0.000869428,0.869428,1000
78749,0.096958662,96.958662,1000
78750,0.000514979,0.514979,1000
78751,0.001321031,1.321031,1000
78752,0.000647827,0.647827,1000
78753,0.002759565,2.759565,1000
78754,0.001315818,1.315818,1000
78755,0.00296688,2.96688,1000
78756,0.003138918,3.138918,1000
78757,0.001330285,1.330285,1000
78758,0.000830873,0.830873,1000
78759,0.010729561,10.729561,1000
78760,0.000837796,0.837796,1000
78761,0.003464177,3.464177,1000
78762,0.001538734,1.538734,1000
78763,0.000605233,0.605233,1000
78764,0.000757653,0.757653,1000
78765,0.000803139,0.803139,1000
78766,0.000709274,0.709274,1000
78767,0.001017675,1.017675,1000
78768,0.001315566,1.315566,1000
78769,0.001024494,1.024494,1000
78770,0.078165301,78.165301,1000
78771,0.001536837,1.536837,1000
78772,0.001006165,1.006165,1000
78773,0.003033603,3.033603,1000
78774,0.001274687,1.274687,1000
78775,0.000783777,0.783777,1000
78776,0.001068522,1.068522,1000
78777,0.001382062,1.382062,1000
78778,0.001369797,1.369797,1000
78779,0.001062502,1.062502,1000
78780,0.000591709,0.591709,1000
78781,0.000566301,0.566301,1000
78782,0.000861859,0.861859,1000
78783,0.000546366,0.546366,1000
78784,0.000936626,0.936626,1000
78785,0.000783777,0.783777,1000
78786,0.000852886,0.852886,1000
78787,0.000725749,0.725749,1000
78788,0.001301987,1.301987,1000
78789,0.001324896,1.324896,1000
78790,0.021537787,21.537787,1000
78791,0.001511342,1.511342,1000
78792,0.001303239,1.303239,1000
78793,0.001081154,1.081154,1000
78794,0.001505839,1.505839,1000
78795,0.001054214,1.054214,1000
78796,0.000998438,0.998438,1000
78797,0.000774592,0.774592,1000
78798,0.008020218,8.020218,1000
78799,0.00080538,0.80538,1000
78800,0.014752041,14.752041,1000
78801,0.000672992,0.672992,1000
78802,0.011669216,11.669216,1000
78803,0.002885797,2.885797,1000
78804,0.003041942,3.041942,1000
78805,0.000609554,0.609554,1000
78806,0.000781062,0.781062,1000
78807,0.001318319,1.318319,1000
78808,0.008001186,8.001186,1000
78809,0.008441921,8.441921,1000
78810,0.008456278,8.456278,1000
78811,0.000702238,0.702238,1000
78812,0.000847288,0.847288,1000
78813,0.027339553,27.339553,1000
78814,0.001330889,1.330889,1000
78815,0.003250092,3.250092,1000
78816,0.012180162,12.180162,1000
78817,0.000840715,0.840715,1000
78818,0.000892855,0.892855,1000
78819,0.000835158,0.835158,1000
78820,0.003261668,3.261668,1000
78821,0.00103075,1.03075,1000
78822,0.000783777,0.783777,1000
78823,0.000851333,0.851333,1000
78824,0.011888672,11.888672,1000
78825,0.000602129,0.602129,1000
78826,0.001328951,1.328951,1000
78827,0.027021941,27.021941,1000
78828,0.00119635,1.19635,1000
78829,0.001538306,1.538306,1000
78830,0.003085665,3.085665,1000
78831,0.001175848,1.175848,1000
78832,0.000736348,0.736348,1000
78833,0.000256211,0.256211,1000
78834,0.000912123,0.912123,1000
78835,0.002675386,2.675386,1000
78836,0.000618121,0.618121,1000
78837,0.029573254,29.573254,1000
78838,0.001081154,1.081154,1000
78839,0.001497577,1.497577,1000
78840,0.00240701,2.40701,1000
78841,0.004514304,4.514304,1000
78842,0.00045833,0.45833,1000
78843,0.000878389,0.878389,1000
78844,0.001020512,1.020512,1000
78845,0.000625597,0.625597,1000
78846,0.001289514,1.289514,1000
78847,0.060908047,60.908047,1000
78848,0.000985556,0.985556,1000
78849,0.000437808,0.437808,1000
78850,0.004958079,4.958079,1000
78851,0.000631691,0.631691,1000
78852,0.000714778,0.714778,1000
78853,0.001548993,1.548993,1000
78854,0.001531765,1.531765,1000
78855,0.040276333,40.276333,1000
78856,0.001162224,1.162224,1000
78857,0.001042817,1.042817,1000
78858,0.001525181,1.525181,1000
78859,0.000567063,0.567063,1000
78860,0.018955664,18.955664,1000
78861,0.016500704,16.500704,1000
78862,0.001525076,1.525076,1000
78863,0.000593988,0.593988,1000
78864,0.00079702,0.79702,1000
78865,0.00841409,8.41409,1000
78866,0.001544775,1.544775,1000
78867,0.000588604,0.588604,1000
78868,0.000865863,0.865863,1000
78869,0.000471788,0.471788,1000
78870,0.000767382,0.767382,1000
78871,0.000957103,0.957103,1000
78872,0.00328085,3.28085,1000
78873,0.001006165,1.006165,1000
78874,0.001018248,1.018248,1000
78875,0.000935479,0.935479,1000
78876,0.00127396,1.27396,1000
78877,0.000848506,0.848506,1000
78878,0.000924848,0.924848,1000
78879,0.000959912,0.959912,1000
78880,0.051576306,51.576306,1000
78881,0.001608681,1.608681,1000
78882,0.000711607,0.711607,1000
78883,0.00081312,0.81312,1000
78884,0.002974238,2.974238,1000
78885,0.001097425,1.097425,1000
78886,0.001162733,1.162733,1000
78887,0.00081312,0.81312,1000
78888,0.003416829,3.416829,1000
78889,0.001405138,1.405138,1000
78890,0.000656326,0.656326,1000
78891,0.00059752,0.59752,1000
78892,0.000726692,0.726692,1000
78893,0.0010419,1.0419,1000
78894,0.000861396,0.861396,1000
78895,0.000699091,0.699091,1000
78896,0.001048453,1.048453,1000
78897,0.000579915,0.579915,1000
78898,0.000301567,0.301567,1000
78899,0.001042957,1.042957,1000
78900,0.000887166,0.887166,1000
78901,0.06457915,64.57915,1000
78902,0.000977131,0.977131,1000
78903,0.001376487,1.376487,1000
78904,0.000868122,0.868122,1000
78905,0.000727451,0.727451,1000
78906,0.027605874,27.605874,1000
78907,0.000907169,0.907169,1000
78908,0.024810762,24.810762,1000
78909,0.001108767,1.108767,1000
78910,0.000843966,0.843966,1000
78911,0.000352352,0.352352,1000
78912,0.000768925,0.768925,1000
78913,0.000578608,0.578608,1000
78914,0.000528791,0.528791,1000
78915,0.002931432,2.931432,1000
78916,0.001678311,1.678311,1000
78917,0.075333499,75.333499,1000
78918,0.030946903,30.946903,1000
78919,0.000957667,0.957667,1000
78920,0.001165243,1.165243,1000
78921,0.001505839,1.505839,1000
78922,0.00104294,1.04294,1000
78923,0.000521664,0.521664,1000
78924,0.001592079,1.592079,1000
78925,0.000664827,0.664827,1000
78926,0.001742644,1.742644,1000
78927,0.000932447,0.932447,1000
78928,0.000964007,0.964007,1000
78929,0.022454258,22.454258,1000
78930,0.002843247,2.843247,1000
78931,0.00127821,1.27821,1000
78932,0.002664579,2.664579,1000
78933,0.001081154,1.081154,1000
78934,0.000832005,0.832005,1000
78935,0.000795471,0.795471,1000
78936,0.008024005,8.024005,1000
78937,0.00081841,0.81841,1000
78938,0.001044461,1.044461,1000
78939,0.00453743,4.53743,1000
78940,0.001094242,1.094242,1000
78941,0.000756133,0.756133,1000
78942,0.003676535,3.676535,1000
78943,0.003049292,3.049292,1000
78944,0.003195147,3.195147,1000
78945,0.00100722,1.00722,1000
78946,0.000331804,0.331804,1000
78947,0.001133865,1.133865,1000
78948,0.001660795,1.660795,1000
78949,0.000715172,0.715172,1000
78950,0.001062519,1.062519,1000
78951,0.000537653,0.537653,1000
78952,0.00444771,4.44771,1000
78953,0.000575321,0.575321,1000
78954,0.000757675,0.757675,1000
78955,0.000556732,0.556732,1000
78956,0.000431857,0.431857,1000
78957,0.00087006,0.87006,1000
78958,0.005119076,5.119076,1000
78959,0.000752727,0.752727,1000
78960,0.000780775,0.780775,1000
78961,0.413272635,413.272635,1000
78962,0.00064326,0.64326,1000
78963,0.001613313,1.613313,1000
78964,0.00107785,1.07785,1000
78965,0.001194043,1.194043,1000
78966,0.000964089,0.964089,1000
78967,0.000593183,0.593183,1000
78968,0.00029634,0.29634,1000
78969,0.000860441,0.860441,1000
78970,0.001071083,1.071083,1000
78971,0.002232253,2.232253,1000
78972,0.001609087,1.609087,1000
78973,0.001053996,1.053996,1000
78974,0.002935181,2.935181,1000
78975,0.001863856,1.863856,1000
78976,0.000806384,0.806384,1000
78977,0.005980973,5.980973,1000
78978,0.000979236,0.979236,1000
78979,0.001097584,1.097584,1000
78980,0.000678299,0.678299,1000
78981,0.001201982,1.201982,1000
78982,0.00129008,1.29008,1000
78983,0.002002325,2.002325,1000
78984,0.001225581,1.225581,1000
78985,0.001481666,1.481666,1000
78986,0.000932101,0.932101,1000
78987,0.000953672,0.953672,1000
78988,0.001149778,1.149778,1000
78989,0.003408392,3.408392,1000
78990,0.000904544,0.904544,1000
78991,0.000860414,0.860414,1000
78992,0.000657094,0.657094,1000
78993,0.00091371,0.91371,1000
78994,0.001141219,1.141219,1000
78995,0.001004731,1.004731,1000
78996,0.000923893,0.923893,1000
78997,0.153773003,153.773003,1000
78998,0.000724013,0.724013,1000
78999,0.001201499,1.201499,1000
79000,0.001143326,1.143326,1000
79001,0.194591783,194.591783,1000
79002,0.000568146,0.568146,1000
79003,0.001598603,1.598603,1000
79004,0.00081063,0.81063,1000
79005,0.000371391,0.371391,1000
79006,0.000918036,0.918036,1000
79007,0.003968726,3.968726,1000
79008,0.001453884,1.453884,1000
79009,0.000843584,0.843584,1000
79010,0.000524899,0.524899,1000
79011,0.001551034,1.551034,1000
79012,0.097166356,97.166356,1000
79013,0.000825833,0.825833,1000
79014,0.00186543,1.86543,1000
79015,0.012965665,12.965665,1000
79016,0.012513709,12.513709,1000
79017,0.003463542,3.463542,1000
79018,0.000891118,0.891118,1000
79019,0.000878389,0.878389,1000
79020,0.023627619,23.627619,1000
79021,0.000969797,0.969797,1000
79022,0.000353772,0.353772,1000
79023,0.016190158,16.190158,1000
79024,0.000884571,0.884571,1000
79025,0.027295359,27.295359,1000
79026,0.004189595,4.189595,1000
79027,0.007985126,7.985126,1000
79028,0.000802518,0.802518,1000
79029,0.000978106,0.978106,1000
79030,0.000755763,0.755763,1000
79031,0.001165056,1.165056,1000
79032,0.001746026,1.746026,1000
79033,0.001305254,1.305254,1000
79034,0.001097456,1.097456,1000
79035,0.001687941,1.687941,1000
79036,0.000562282,0.562282,1000
79037,0.001029247,1.029247,1000
79038,0.000764638,0.764638,1000
79039,0.000617223,0.617223,1000
79040,0.001136313,1.136313,1000
79041,0.00089867,0.89867,1000
79042,0.000699289,0.699289,1000
79043,0.00097896,0.97896,1000
79044,0.000909743,0.909743,1000
79045,0.060552284,60.552284,1000
79046,0.001201485,1.201485,1000
79047,0.001746026,1.746026,1000
79048,0.000663359,0.663359,1000
79049,0.000875704,0.875704,1000
79050,0.000783777,0.783777,1000
79051,0.00093771,0.93771,1000
79052,0.000761165,0.761165,1000
79053,0.00107135,1.07135,1000
79054,0.001080957,1.080957,1000
79055,0.004039169,4.039169,1000
79056,0.001385415,1.385415,1000
79057,0.001032008,1.032008,1000
79058,0.001042957,1.042957,1000
79059,0.000802981,0.802981,1000
79060,0.001042957,1.042957,1000
79061,0.00078378,0.78378,1000
79062,0.01140369,11.40369,1000
79063,0.000828106,0.828106,1000
79064,0.000676119,0.676119,1000
79065,0.000865202,0.865202,1000
79066,0.000936321,0.936321,1000
79067,0.000877968,0.877968,1000
79068,0.000904224,0.904224,1000
79069,0.001246131,1.246131,1000
79070,0.000955156,0.955156,1000
79071,0.001054179,1.054179,1000
79072,0.001334149,1.334149,1000
79073,0.001224407,1.224407,1000
79074,0.000592451,0.592451,1000
79075,0.001201499,1.201499,1000
79076,0.001062519,1.062519,1000
79077,0.001062519,1.062519,1000
79078,0.000857044,0.857044,1000
79079,0.000930822,0.930822,1000
79080,0.001062519,1.062519,1000
79081,0.000964089,0.964089,1000
79082,0.001051368,1.051368,1000
79083,0.001306879,1.306879,1000
79084,0.000761165,0.761165,1000
79085,0.000607491,0.607491,1000
79086,0.001153201,1.153201,1000
79087,0.000795245,0.795245,1000
79088,0.001015484,1.015484,1000
79089,0.012901886,12.901886,1000
79090,0.000937396,0.937396,1000
79091,0.000858096,0.858096,1000
79092,0.001042957,1.042957,1000
79093,0.000840638,0.840638,1000
79094,0.000928756,0.928756,1000
79095,0.001026773,1.026773,1000
79096,0.000364507,0.364507,1000
79097,0.008568716,8.568716,1000
79098,0.001124969,1.124969,1000
79099,0.000888548,0.888548,1000
79100,0.00105043,1.05043,1000
79101,0.000659989,0.659989,1000
79102,0.001149768,1.149768,1000
79103,0.00118679,1.18679,1000
79104,0.00240049,2.40049,1000
79105,0.001086733,1.086733,1000
79106,0.000984135,0.984135,1000
79107,0.00138256,1.38256,1000
79108,0.002644461,2.644461,1000
79109,0.000693091,0.693091,1000
79110,0.001552021,1.552021,1000
79111,0.006068672,6.068672,1000
79112,0.000813835,0.813835,1000
79113,0.000727219,0.727219,1000
79114,0.000993186,0.993186,1000
79115,0.001409653,1.409653,1000
79117,0.001140511,1.140511,1000
79118,0.005373848,5.373848,1000
79119,0.001061184,1.061184,1000
79120,0.001143375,1.143375,1000
79121,0.00103168,1.03168,1000
79122,0.000510781,0.510781,1000
79123,0.00315731,3.15731,1000
79124,0.001014994,1.014994,1000
79125,0.000982522,0.982522,1000
79126,0.000728433,0.728433,1000
79127,0.000754142,0.754142,1000
79128,0.001209787,1.209787,1000
79129,0.007848629,7.848629,1000
79130,0.000968507,0.968507,1000
79131,0.002047354,2.047354,1000
79132,0.009058436,9.058436,1000
79133,0.000395564,0.395564,1000
79134,0.004006489,4.006489,1000
79135,0.000891112,0.891112,1000
79136,0.000423259,0.423259,1000
79137,0.000852304,0.852304,1000
79138,0.000845094,0.845094,1000
79139,0.000869345,0.869345,1000
79140,0.00553248,5.53248,1000
79141,0.00098764,0.98764,1000
79142,0.000547249,0.547249,1000
79143,0.001231268,1.231268,1000
79144,0.423901794,423.901794,1000
79145,0.001042817,1.042817,1000
79146,0.001633535,1.633535,1000
79147,0.000926776,0.926776,1000
79148,0.000783793,0.783793,1000
79149,0.000926998,0.926998,1000
79150,0.002828652,2.828652,1000
79151,0.000700996,0.700996,1000
79152,0.01133164,11.33164,1000
79153,0.003268284,3.268284,1000
79154,0.000825966,0.825966,1000
79155,0.00049548,0.49548,1000
79156,0.000886489,0.886489,1000
79157,0.000485622,0.485622,1000
79158,0.001011936,1.011936,1000
79159,0.001043007,1.043007,1000
79160,0.001018696,1.018696,1000
79161,0.000937184,0.937184,1000
79162,0.00081312,0.81312,1000
79163,0.00103168,1.03168,1000
79164,0.000717999,0.717999,1000
79165,0.001025285,1.025285,1000
79166,0.001080925,1.080925,1000
79167,0.000960681,0.960681,1000
79168,0.000825966,0.825966,1000
79169,0.004053608,4.053608,1000
79170,0.00489524,4.89524,1000
79171,0.01653963,16.53963,1000
79172,0.000834495,0.834495,1000
79173,0.001275054,1.275054,1000
79174,0.001114072,1.114072,1000
79175,0.000974799,0.974799,1000
79176,0.001042957,1.042957,1000
79177,0.000894218,0.894218,1000
79178,0.000951945,0.951945,1000
79179,0.001149932,1.149932,1000
79180,0.000916679,0.916679,1000
79181,0.00424019,4.24019,1000
79182,0.009880434,9.880434,1000
79183,0.00121364,1.21364,1000
79184,0.00083051,0.83051,1000
79185,0.000656457,0.656457,1000
79186,0.000504989,0.504989,1000
79187,0.000366274,0.366274,1000
79188,0.000801922,0.801922,1000
79189,0.001580901,1.580901,1000
79190,0.000751247,0.751247,1000
79191,0.000627436,0.627436,1000
79192,0.000989818,0.989818,1000
79193,0.000932216,0.932216,1000
79194,0.001571773,1.571773,1000
79195,0.002871196,2.871196,1000
79196,0.000719083,0.719083,1000
79197,0.000631384,0.631384,1000
79198,0.000418705,0.418705,1000
79199,0.001268192,1.268192,1000
79200,0.001031008,1.031008,1000
79201,0.001006903,1.006903,1000
79202,0.001611937,1.611937,1000
79203,0.001159308,1.159308,1000
79204,0.000989818,0.989818,1000
79205,0.001284044,1.284044,1000
79206,0.00092489,0.92489,1000
79207,0.000879202,0.879202,1000
79208,0.00098086,0.98086,1000
79209,0.000678325,0.678325,1000
79210,0.000791422,0.791422,1000
79211,0.000729071,0.729071,1000
79212,0.001604209,1.604209,1000
79213,0.000864375,0.864375,1000
79214,0.00040048,0.40048,1000
79215,0.00137604,1.37604,1000
79216,0.000595446,0.595446,1000
79217,0.001887177,1.887177,1000
79218,0.001153014,1.153014,1000
79219,0.00088981,0.88981,1000
79220,0.001037807,1.037807,1000
79221,0.000727409,0.727409,1000
79222,0.001089846,1.089846,1000
79223,0.001627118,1.627118,1000
79224,0.001220693,1.220693,1000
79225,0.000813123,0.813123,1000
79226,0.000963771,0.963771,1000
79227,0.026802199,26.802199,1000
79228,0.007123483,7.123483,1000
79229,0.000663283,0.663283,1000
79230,0.000661938,0.661938,1000
79231,0.000732766,0.732766,1000
79232,0.368874709,368.874709,1000
79233,0.00105043,1.05043,1000
79234,0.003431889,3.431889,1000
79235,0.000829191,0.829191,1000
79236,0.001494171,1.494171,1000
79237,0.002426645,2.426645,1000
79238,0.000979319,0.979319,1000
79239,0.000758445,0.758445,1000
79240,0.000539051,0.539051,1000
79241,0.003224657,3.224657,1000
79242,0.001119121,1.119121,1000
79243,0.001006227,1.006227,1000
79244,0.075374808,75.374808,1000
79245,0.002768937,2.768937,1000
79246,0.010721732,10.721732,1000
79247,0.003591619,3.591619,1000
79248,0.001206595,1.206595,1000
79249,0.096711487,96.711487,1000
79250,0.000833255,0.833255,1000
79251,0.000857541,0.857541,1000
79252,0.001888974,1.888974,1000
79253,0.00225898,2.25898,1000
79254,0.002403304,2.403304,1000
79255,0.003336079,3.336079,1000
79256,0.016628932,16.628932,1000
79257,0.000745695,0.745695,1000
79258,0.000666201,0.666201,1000
79259,0.001551804,1.551804,1000
79260,0.001062502,1.062502,1000
79261,0.001026416,1.026416,1000
79262,0.001161205,1.161205,1000
79263,0.000835316,0.835316,1000
79264,0.000628893,0.628893,1000
79265,0.000502269,0.502269,1000
79266,0.000772561,0.772561,1000
79267,0.001075217,1.075217,1000
79268,0.007916439,7.916439,1000
79269,0.002887207,2.887207,1000
79270,0.002146257,2.146257,1000
79271,0.001750366,1.750366,1000
79272,0.000890814,0.890814,1000
79273,0.001041789,1.041789,1000
79274,0.001510746,1.510746,1000
79275,0.001015072,1.015072,1000
79276,0.000584477,0.584477,1000
79277,0.001001009,1.001009,1000
79278,0.000800291,0.800291,1000
79279,0.001623754,1.623754,1000
79280,0.096884611,96.884611,1000
79281,0.06457915,64.57915,1000
79282,0.001050543,1.050543,1000
79283,0.861823752,861.823752,1000
79284,0.001170609,1.170609,1000
79285,0.096871532,96.871532,1000
79286,0.000804724,0.804724,1000
79287,0.000780047,0.780047,1000
79288,0.00393961,3.93961,1000
79289,0.06457589,64.57589,1000
79290,0.016095135,16.095135,1000
79291,0.001994514,1.994514,1000
79292,0.001329437,1.329437,1000
79293,0.001025073,1.025073,1000
79294,0.000565364,0.565364,1000
79295,0.006818528,6.818528,1000
79296,0.001061843,1.061843,1000
79297,0.00058494,0.58494,1000
79298,0.001607469,1.607469,1000
79299,0.000854134,0.854134,1000
79300,0.000560271,0.560271,1000
79301,0.001510527,1.510527,1000
79302,0.001322558,1.322558,1000
79303,0.002205888,2.205888,1000
79304,0.000983661,0.983661,1000
79305,0.001042817,1.042817,1000
79306,0.001031114,1.031114,1000
79307,0.001088374,1.088374,1000
79308,0.001329583,1.329583,1000
79309,0.001041789,1.041789,1000
79310,0.001079498,1.079498,1000
79311,0.001061351,1.061351,1000
79312,0.001031114,1.031114,1000
79313,0.000919455,0.919455,1000
79314,0.001104592,1.104592,1000
79315,0.001155282,1.155282,1000
79316,0.000648452,0.648452,1000
79317,0.000781581,0.781581,1000
79318,0.001557667,1.557667,1000
79319,0.000834763,0.834763,1000
79320,0.001147967,1.147967,1000
79321,0.000852551,0.852551,1000
79322,0.001068158,1.068158,1000
79323,0.000813123,0.813123,1000
79324,0.002211248,2.211248,1000
79325,0.001383865,1.383865,1000
79326,0.003063958,3.063958,1000
79327,0.000813123,0.813123,1000
79328,0.001270982,1.270982,1000
79329,0.000963458,0.963458,1000
79330,0.001061881,1.061881,1000
79331,0.000849704,0.849704,1000
79332,0.00158704,1.58704,1000
79333,0.00430853,4.30853,1000
79334,0.000954534,0.954534,1000
79335,0.008175128,8.175128,1000
79336,0.000979329,0.979329,1000
79337,0.001536665,1.536665,1000
79338,0.000361453,0.361453,1000
79339,0.000937371,0.937371,1000
79340,0.025999429,25.999429,1000
79341,0.000995971,0.995971,1000
79342,0.001370461,1.370461,1000
79343,0.00138256,1.38256,1000
79344,0.001673048,1.673048,1000
79345,0.000924941,0.924941,1000
79346,0.001001785,1.001785,1000
79347,0.001141219,1.141219,1000
79348,0.001033091,1.033091,1000
79349,0.00105043,1.05043,1000
79350,0.001079674,1.079674,1000
79351,0.000694492,0.694492,1000
79352,0.001027029,1.027029,1000
79353,0.001008094,1.008094,1000
79354,0.000474766,0.474766,1000
79355,0.002732067,2.732067,1000
79356,0.001172601,1.172601,1000
79357,0.001500823,1.500823,1000
79358,0.001312558,1.312558,1000
79359,0.003844936,3.844936,1000
79360,0.00139752,1.39752,1000
79361,0.001187973,1.187973,1000
79362,0.004515694,4.515694,1000
79363,0.00108911,1.08911,1000
79364,0.001452554,1.452554,1000
79365,0.001520309,1.520309,1000
79366,0.001291796,1.291796,1000
79367,0.003057676,3.057676,1000
79368,0.001241205,1.241205,1000
79369,0.003498148,3.498148,1000
79370,0.001000921,1.000921,1000
79371,0.000889391,0.889391,1000
79372,0.000998953,0.998953,1000
79373,0.001327025,1.327025,1000
79374,0.000817923,0.817923,1000
79375,0.056394808,56.394808,1000
79376,0.000951374,0.951374,1000
79377,0.001160025,1.160025,1000
79378,0.001034555,1.034555,1000
79379,0.001252346,1.252346,1000
79380,0.000807829,0.807829,1000
79381,0.000869498,0.869498,1000
79382,0.046643995,46.643995,1000
79383,0.039990195,39.990195,1000
79384,0.000629272,0.629272,1000
79385,0.005201025,5.201025,1000
79386,0.00160466,1.60466,1000
79387,0.001171504,1.171504,1000
79388,0.000610066,0.610066,1000
79389,0.12128717,121.28717,1000
79390,0.004039079,4.039079,1000
79391,0.000886432,0.886432,1000
79392,0.001328773,1.328773,1000
79393,0.003045444,3.045444,1000
79394,0.015819975,15.819975,1000
79395,0.005351593,5.351593,1000
79396,0.000895859,0.895859,1000
79397,0.000942564,0.942564,1000
79398,0.000325732,0.325732,1000
79399,0.001612347,1.612347,1000
79400,0.000905193,0.905193,1000
79401,0.003228995,3.228995,1000
79402,0.000911779,0.911779,1000
79403,0.002502628,2.502628,1000
79404,0.004561075,4.561075,1000
79405,0.000931489,0.931489,1000
79406,0.000803311,0.803311,1000
79407,0.000534939,0.534939,1000
79408,0.000525532,0.525532,1000
79409,0.001090956,1.090956,1000
79410,0.17972449,179.72449,1000
79411,0.000892192,0.892192,1000
79412,0.056236259,56.236259,1000
79413,0.000924128,0.924128,1000
79414,0.00313206,3.13206,1000
79415,0.000879809,0.879809,1000
79416,0.007539614,7.539614,1000
79417,0.001523753,1.523753,1000
79418,0.008632614,8.632614,1000
79419,0.000897885,0.897885,1000
79420,0.000718809,0.718809,1000
79421,0.030942032,30.942032,1000
79422,0.000622748,0.622748,1000
79423,0.001821889,1.821889,1000
79424,0.003220634,3.220634,1000
79425,0.008285817,8.285817,1000
79426,0.000962389,0.962389,1000
79427,0.000910958,0.910958,1000
79428,0.002987254,2.987254,1000
79429,0.002913568,2.913568,1000
79430,0.001366319,1.366319,1000
79431,0.001558211,1.558211,1000
79432,0.000968019,0.968019,1000
79433,0.007074347,7.074347,1000
79434,0.001000172,1.000172,1000
79435,0.001044721,1.044721,1000
79436,0.029698299,29.698299,1000
79437,0.000935513,0.935513,1000
79438,0.001151,1.151,1000
79439,0.019595519,19.595519,1000
79440,0.000562868,0.562868,1000
79441,0.001207036,1.207036,1000
79442,0.012693597,12.693597,1000
79443,0.000864355,0.864355,1000
79444,0.000600046,0.600046,1000
79445,0.001486118,1.486118,1000
79446,0.001134918,1.134918,1000
79447,0.001143068,1.143068,1000
79448,0.0014654,1.4654,1000
79449,0.001117813,1.117813,1000
79450,0.001176933,1.176933,1000
79451,0.08886266,88.86266,1000
79452,0.001838161,1.838161,1000
79453,0.001006165,1.006165,1000
79454,0.001383865,1.383865,1000
79455,0.001330889,1.330889,1000
79456,0.001289324,1.289324,1000
79457,0.000993186,0.993186,1000
79458,0.000758895,0.758895,1000
79459,0.001313194,1.313194,1000
79460,0.008586797,8.586797,1000
79461,0.000965019,0.965019,1000
79462,0.0026258,2.6258,1000
79463,0.001416113,1.416113,1000
79464,0.000865358,0.865358,1000
79465,0.00081312,0.81312,1000
79466,0.000754167,0.754167,1000
79467,0.001521941,1.521941,1000
79468,0.001191256,1.191256,1000
79469,0.000363309,0.363309,1000
79470,0.000918286,0.918286,1000
79471,0.001062519,1.062519,1000
79472,0.001070445,1.070445,1000
79473,0.001339007,1.339007,1000
79474,0.000631058,0.631058,1000
79475,0.000439144,0.439144,1000
79476,0.000963771,0.963771,1000
79477,0.000799719,0.799719,1000
79478,0.001071105,1.071105,1000
79479,0.027783345,27.783345,1000
79480,0.001119421,1.119421,1000
79481,0.000956262,0.956262,1000
79482,0.00289504,2.89504,1000
79483,0.000709815,0.709815,1000
79484,0.001413536,1.413536,1000
79485,0.000982851,0.982851,1000
79486,0.001872554,1.872554,1000
79487,0.001152443,1.152443,1000
79488,0.008680868,8.680868,1000
79489,0.00071629,0.71629,1000
79490,0.000447754,0.447754,1000
79491,0.003141958,3.141958,1000
79492,0.000670983,0.670983,1000
79493,0.267321038,267.321038,1000
79494,0.00231945,2.31945,1000
79495,0.000944674,0.944674,1000
79496,0.178513909,178.513909,1000
79497,0.002881537,2.881537,1000
79498,0.001071066,1.071066,1000
79499,0.019991339,19.991339,1000
79500,0.058987665,58.987665,1000
79501,0.000888087,0.888087,1000
79502,0.001217472,1.217472,1000
79503,0.061072488,61.072488,1000
79504,0.00081312,0.81312,1000
79505,0.016799213,16.799213,1000
79506,0.000993809,0.993809,1000
79507,0.001505839,1.505839,1000
79508,0.008308087,8.308087,1000
79509,0.00045509,0.45509,1000
79510,0.00090653,0.90653,1000
79511,0.001002963,1.002963,1000
79512,0.000908216,0.908216,1000
79513,0.000855501,0.855501,1000
79514,0.000862291,0.862291,1000
79515,0.0013164,1.3164,1000
79516,0.009713696,9.713696,1000
79517,0.003900117,3.900117,1000
79518,0.00114796,1.14796,1000
79519,0.000743145,0.743145,1000
79520,0.000800124,0.800124,1000
79521,0.000417278,0.417278,1000
79522,0.000895086,0.895086,1000
79523,0.000816389,0.816389,1000
79524,0.000710352,0.710352,1000
79525,0.0015091,1.5091,1000
79526,0.002086301,2.086301,1000
79527,0.001746026,1.746026,1000
79528,0.000993186,0.993186,1000
79529,0.001035126,1.035126,1000
79530,0.000825966,0.825966,1000
79531,0.00066761,0.66761,1000
79532,0.000749835,0.749835,1000
79533,0.00122385,1.22385,1000
79534,0.002995543,2.995543,1000
79535,0.000879983,0.879983,1000
79536,0.006804219,6.804219,1000
79537,0.00081312,0.81312,1000
79538,0.001986203,1.986203,1000
79539,0.001144503,1.144503,1000
79540,0.000778459,0.778459,1000
79541,0.001315818,1.315818,1000
79542,0.000645522,0.645522,1000
79543,0.000759894,0.759894,1000
79544,0.000850527,0.850527,1000
79545,0.001062519,1.062519,1000
79546,0.000907421,0.907421,1000
79547,0.001097456,1.097456,1000
79548,0.001745878,1.745878,1000
79549,0.001453099,1.453099,1000
79550,0.006528987,6.528987,1000
79551,0.001145295,1.145295,1000
79552,0.000716821,0.716821,1000
79553,0.000600283,0.600283,1000
79554,0.00090255,0.90255,1000
79555,0.001486971,1.486971,1000
79556,0.001746026,1.746026,1000
79557,0.001011936,1.011936,1000
79558,0.000517083,0.517083,1000
79559,0.000946842,0.946842,1000
79560,0.000586479,0.586479,1000
79561,0.000973394,0.973394,1000
79562,0.001018462,1.018462,1000
79563,0.000782911,0.782911,1000
79564,0.000870756,0.870756,1000
79565,0.00081312,0.81312,1000
79566,0.000993186,0.993186,1000
79567,0.00105043,1.05043,1000
79568,0.00105043,1.05043,1000
79569,0.012606721,12.606721,1000
79570,0.000861454,0.861454,1000
79571,0.001129983,1.129983,1000
79572,0.000732698,0.732698,1000
79573,0.000705643,0.705643,1000
79574,0.015167123,15.167123,1000
79575,0.00088465,0.88465,1000
79576,0.000591519,0.591519,1000
79577,0.001128395,1.128395,1000
79578,0.000848596,0.848596,1000
79579,0.000644593,0.644593,1000
79580,0.002042012,2.042012,1000
79581,0.000859,0.859,1000
79582,0.00106044,1.06044,1000
79583,0.001218698,1.218698,1000
79584,0.000848675,0.848675,1000
79585,0.000594944,0.594944,1000
79586,0.000746382,0.746382,1000
79587,0.000910505,0.910505,1000
79588,0.000665273,0.665273,1000
79589,0.007151996,7.151996,1000
79590,0.001379783,1.379783,1000
79591,0.001124571,1.124571,1000
79592,0.00350773,3.50773,1000
79593,0.000781825,0.781825,1000
79594,0.148838705,148.838705,1000
79595,0.001208238,1.208238,1000
79596,0.000729775,0.729775,1000
79597,0.001367696,1.367696,1000
79598,0.001046477,1.046477,1000
79599,0.00062934,0.62934,1000
79600,0.001143068,1.143068,1000
79601,0.211135428,211.135428,1000
79602,0.000941961,0.941961,1000
79603,0.003067682,3.067682,1000
79604,0.045293544,45.293544,1000
79605,0.003258558,3.258558,1000
79606,0.006321856,6.321856,1000
79607,0.001144758,1.144758,1000
79608,0.000656249,0.656249,1000
79609,0.001161958,1.161958,1000
79610,0.000932513,0.932513,1000
79611,0.005484102,5.484102,1000
79612,0.000927487,0.927487,1000
79613,0.000722447,0.722447,1000
79614,0.000837244,0.837244,1000
79615,0.001632476,1.632476,1000
79616,0.011662895,11.662895,1000
79617,0.000977679,0.977679,1000
79618,0.001593884,1.593884,1000
79619,0.000778749,0.778749,1000
79620,0.000374992,0.374992,1000
79621,0.000622588,0.622588,1000
79622,0.001911389,1.911389,1000
79623,0.000898947,0.898947,1000
79624,0.001171265,1.171265,1000
79625,0.000832001,0.832001,1000
79626,0.008215134,8.215134,1000
79627,0.001121216,1.121216,1000
79628,0.000870826,0.870826,1000
79629,0.000825966,0.825966,1000
79630,0.002696,2.696,1000
79631,0.000727582,0.727582,1000
79632,0.008069289,8.069289,1000
79633,0.000328007,0.328007,1000
79634,0.06457589,64.57589,1000
79635,0.003444569,3.444569,1000
79636,0.000965742,0.965742,1000
79637,0.003002034,3.002034,1000
79638,0.002777282,2.777282,1000
79639,0.003189745,3.189745,1000
79640,0.000960839,0.960839,1000
79641,0.00152993,1.52993,1000
79642,0.000982837,0.982837,1000
79643,0.000648535,0.648535,1000
79644,0.0017368,1.7368,1000
79645,0.001922521,1.922521,1000
79646,0.001137509,1.137509,1000
79647,0.009069379,9.069379,1000
79648,0.001198698,1.198698,1000
79649,0.001081154,1.081154,1000
79650,0.003294677,3.294677,1000
79651,0.000824088,0.824088,1000
79652,0.000619735,0.619735,1000
79653,0.000844824,0.844824,1000
79654,0.000722328,0.722328,1000
79655,0.002524472,2.524472,1000
79656,0.001530472,1.530472,1000
79657,0.000625724,0.625724,1000
79658,0.000607881,0.607881,1000
79659,0.001259496,1.259496,1000
79660,0.001006227,1.006227,1000
79661,0.01974115,19.74115,1000
79662,0.002080581,2.080581,1000
79663,0.000808442,0.808442,1000
79664,0.001525181,1.525181,1000
79665,0.001520493,1.520493,1000
79666,0.003017457,3.017457,1000
79667,0.001141219,1.141219,1000
79668,0.000648901,0.648901,1000
79669,0.001590796,1.590796,1000
79670,0.001141219,1.141219,1000
79671,0.013626241,13.626241,1000
79672,0.000581734,0.581734,1000
79673,0.001134919,1.134919,1000
79674,0.000857005,0.857005,1000
79675,0.000783484,0.783484,1000
79676,0.000573059,0.573059,1000
79677,0.001061351,1.061351,1000
79678,0.004191407,4.191407,1000
79679,0.000613969,0.613969,1000
79680,0.000437269,0.437269,1000
79681,0.001006165,1.006165,1000
79682,0.000713019,0.713019,1000
79683,0.001104592,1.104592,1000
79684,0.000616477,0.616477,1000
79685,0.001456359,1.456359,1000
79686,0.056143324,56.143324,1000
79687,0.01742748,17.42748,1000
79688,0.001022854,1.022854,1000
79689,0.00059887,0.59887,1000
79690,0.000660647,0.660647,1000
79691,0.000392188,0.392188,1000
79692,0.000662352,0.662352,1000
79693,0.001156133,1.156133,1000
79694,0.000798662,0.798662,1000
79695,0.001772843,1.772843,1000
79696,0.009113936,9.113936,1000
79697,0.001224588,1.224588,1000
79698,0.000770264,0.770264,1000
79699,0.000538602,0.538602,1000
79700,0.00062248,0.62248,1000
79701,0.122377958,122.377958,1000
79703,0.000543805,0.543805,1000
79704,0.000767896,0.767896,1000
79705,0.00804128,8.04128,1000
79706,0.000544537,0.544537,1000
79707,0.001043007,1.043007,1000
79708,0.000866838,0.866838,1000
79709,0.000993186,0.993186,1000
79710,0.000895693,0.895693,1000
79711,0.001385469,1.385469,1000
79712,0.00751881,7.51881,1000
79713,0.001500323,1.500323,1000
79714,0.003270988,3.270988,1000
79715,0.00936181,9.36181,1000
79716,0.001564758,1.564758,1000
79717,0.00086376,0.86376,1000
79718,0.000935513,0.935513,1000
79719,0.00103168,1.03168,1000
79720,0.00625143,6.25143,1000
79721,0.000690414,0.690414,1000
79722,0.001283257,1.283257,1000
79723,0.001080576,1.080576,1000
79724,0.000955662,0.955662,1000
79725,0.000639064,0.639064,1000
79726,0.000673169,0.673169,1000
79727,0.001519616,1.519616,1000
79728,0.000413851,0.413851,1000
79729,0.001254334,1.254334,1000
79730,0.000601069,0.601069,1000
79731,0.000813573,0.813573,1000
79732,0.00094957,0.94957,1000
79733,0.008365513,8.365513,1000
79734,0.001583563,1.583563,1000
79735,0.000800025,0.800025,1000
79736,0.000813406,0.813406,1000
79737,0.001636809,1.636809,1000
79738,0.000765891,0.765891,1000
79739,0.000776804,0.776804,1000
79740,0.004714179,4.714179,1000
79741,0.000848597,0.848597,1000
79743,0.01281716,12.81716,1000
79744,0.000861888,0.861888,1000
79745,0.004416623,4.416623,1000
79746,0.00082391,0.82391,1000
79747,0.00793154,7.93154,1000
79748,0.000699988,0.699988,1000
79749,0.001421546,1.421546,1000
79750,0.000783777,0.783777,1000
79751,0.002178304,2.178304,1000
79752,0.128068759,128.068759,1000
79753,0.001085114,1.085114,1000
79754,0.001006227,1.006227,1000
79755,0.0008886,0.8886,1000
79756,0.000692636,0.692636,1000
79757,0.005192209,5.192209,1000
79758,0.000789113,0.789113,1000
79759,0.000853865,0.853865,1000
79760,0.001181989,1.181989,1000
79761,0.000551761,0.551761,1000
79762,0.001746026,1.746026,1000
79763,0.001196376,1.196376,1000
79764,0.006686445,6.686445,1000
79765,0.000927585,0.927585,1000
79766,0.001043007,1.043007,1000
79767,0.00108686,1.08686,1000
79768,0.001765119,1.765119,1000
79769,0.000753323,0.753323,1000
79770,0.000806392,0.806392,1000
79771,0.001120823,1.120823,1000
79772,0.000708735,0.708735,1000
79773,0.000787974,0.787974,1000
79774,0.000982522,0.982522,1000
79775,0.002964458,2.964458,1000
79776,0.001505839,1.505839,1000
79777,0.001069915,1.069915,1000
79778,0.037505784,37.505784,1000
79779,0.001004655,1.004655,1000
79780,0.000682216,0.682216,1000
79781,0.000903127,0.903127,1000
79782,0.148686664,148.686664,1000
79783,0.075601699,75.601699,1000
79784,0.005552524,5.552524,1000
79785,0.002981087,2.981087,1000
79786,0.001237824,1.237824,1000
79787,0.001323992,1.323992,1000
79788,0.008738943,8.738943,1000
79789,0.000571414,0.571414,1000
79790,0.000571414,0.571414,1000
79791,0.000635914,0.635914,1000
79792,0.001042319,1.042319,1000
79793,0.00063304,0.63304,1000
79794,0.000686528,0.686528,1000
79795,0.000764134,0.764134,1000
79796,0.000980025,0.980025,1000
79797,0.001002975,1.002975,1000
79798,0.01898382,18.98382,1000
79799,0.000974387,0.974387,1000
79800,0.012885445,12.885445,1000
79801,0.000833208,0.833208,1000
79802,0.016939082,16.939082,1000
79803,0.005490174,5.490174,1000
79804,0.000664527,0.664527,1000
79805,0.008324768,8.324768,1000
79806,0.001207258,1.207258,1000
79807,0.00106325,1.06325,1000
79808,0.00059958,0.59958,1000
79809,0.001188502,1.188502,1000
79810,0.040313742,40.313742,1000
79811,0.004295026,4.295026,1000
79812,0.001861325,1.861325,1000
79813,0.002973748,2.973748,1000
79814,0.001027286,1.027286,1000
79815,0.046942621,46.942621,1000
79816,0.00078378,0.78378,1000
79817,0.000784326,0.784326,1000
79818,0.000823733,0.823733,1000
79819,0.001197995,1.197995,1000
79820,0.000808822,0.808822,1000
79821,0.005443914,5.443914,1000
79822,0.02471576,24.71576,1000
79823,0.00081312,0.81312,1000
79824,0.001181368,1.181368,1000
79825,0.002705474,2.705474,1000
79826,0.000450336,0.450336,1000
79827,0.001221529,1.221529,1000
79828,0.000882371,0.882371,1000
79829,0.000815377,0.815377,1000
79830,0.000832098,0.832098,1000
79831,0.001041789,1.041789,1000
79832,0.003286207,3.286207,1000
79833,0.008181919,8.181919,1000
79834,0.002283756,2.283756,1000
79835,0.00229161,2.29161,1000
79836,0.001505839,1.505839,1000
79837,0.00202907,2.02907,1000
79838,0.00117837,1.17837,1000
79839,0.004428955,4.428955,1000
79840,0.000784053,0.784053,1000
79841,0.001549424,1.549424,1000
79842,0.000606141,0.606141,1000
79843,0.000992769,0.992769,1000
79844,0.012247136,12.247136,1000
79845,0.000316727,0.316727,1000
79846,0.002215643,2.215643,1000
79847,0.00077381,0.77381,1000
79848,0.000555564,0.555564,1000
79849,0.000651299,0.651299,1000
79850,0.008196376,8.196376,1000
79851,0.016167011,16.167011,1000
79852,0.001048268,1.048268,1000
79853,0.001507016,1.507016,1000
79854,0.000537683,0.537683,1000
79855,0.000607275,0.607275,1000
79856,0.000993186,0.993186,1000
79857,0.001170413,1.170413,1000
79858,0.001785746,1.785746,1000
79859,0.000783128,0.783128,1000
79860,0.000834773,0.834773,1000
79861,0.001431401,1.431401,1000
79862,0.002997565,2.997565,1000
79863,0.000446046,0.446046,1000
79864,0.000458459,0.458459,1000
79865,0.001164147,1.164147,1000
79866,0.00393271,3.93271,1000
79867,0.00053785,0.53785,1000
79868,0.000407794,0.407794,1000
79869,0.002750282,2.750282,1000
79870,0.000877814,0.877814,1000
79871,0.00271399,2.71399,1000
79872,0.00087152,0.87152,1000
79873,0.00065383,0.65383,1000
79874,0.001407983,1.407983,1000
79875,0.001279232,1.279232,1000
79876,0.002798528,2.798528,1000
79877,0.000866558,0.866558,1000
79878,0.001831745,1.831745,1000
79879,0.003144408,3.144408,1000
79880,0.001365751,1.365751,1000
79881,0.000370991,0.370991,1000
79882,0.000783777,0.783777,1000
79883,0.001042966,1.042966,1000
79884,0.000776723,0.776723,1000
79885,0.001829748,1.829748,1000
79886,0.000737238,0.737238,1000
79887,0.000791088,0.791088,1000
79888,0.000328639,0.328639,1000
79889,0.000785407,0.785407,1000
79890,0.02231004,22.31004,1000
79891,0.000753543,0.753543,1000
79892,0.00081312,0.81312,1000
79893,0.012901652,12.901652,1000
79894,0.001209696,1.209696,1000
79895,0.000683862,0.683862,1000
79896,0.0015091,1.5091,1000
79897,0.000901747,0.901747,1000
79898,0.00091138,0.91138,1000
79899,0.002351572,2.351572,1000
79900,0.013425528,13.425528,1000
79901,0.001591403,1.591403,1000
79902,0.00100204,1.00204,1000
79903,0.000999736,0.999736,1000
79904,0.000625946,0.625946,1000
79905,0.000765453,0.765453,1000
79906,0.001458692,1.458692,1000
79907,0.000940632,0.940632,1000
79908,0.000818569,0.818569,1000
79909,0.012157231,12.157231,1000
79910,0.024335138,24.335138,1000
79911,0.000905248,0.905248,1000
79912,0.000933022,0.933022,1000
79913,0.001334149,1.334149,1000
79914,0.002846345,2.846345,1000
79915,0.000958782,0.958782,1000
79916,0.001180479,1.180479,1000
79917,0.000808205,0.808205,1000
79918,0.001202164,1.202164,1000
79919,0.00103168,1.03168,1000
79920,0.000951177,0.951177,1000
79921,0.000674624,0.674624,1000
79922,0.000966844,0.966844,1000
79923,0.000963771,0.963771,1000
79924,0.000864454,0.864454,1000
79925,0.001031114,1.031114,1000
79926,0.001727912,1.727912,1000
79927,0.001510527,1.510527,1000
79928,0.001906336,1.906336,1000
79929,0.001698969,1.698969,1000
79930,0.00081312,0.81312,1000
79931,0.000321064,0.321064,1000
79932,0.000375542,0.375542,1000
79933,0.000893105,0.893105,1000
79934,0.000882935,0.882935,1000
79935,0.003129739,3.129739,1000
79936,0.001108175,1.108175,1000
79937,0.001205656,1.205656,1000
79938,0.002855061,2.855061,1000
79939,0.001022679,1.022679,1000
79940,0.000882371,0.882371,1000
79941,0.001042957,1.042957,1000
79942,0.001132516,1.132516,1000
79943,0.001061351,1.061351,1000
79944,0.001003579,1.003579,1000
79945,0.00103168,1.03168,1000
79946,0.000725568,0.725568,1000
79947,0.0097944,9.7944,1000
79948,0.262387188,262.387188,1000
79949,0.002972103,2.972103,1000
79950,0.000885948,0.885948,1000
79951,0.038998345,38.998345,1000
79952,0.000937371,0.937371,1000
79953,0.343410999,343.410999,1000
79954,0.007635824,7.635824,1000
79955,0.001114978,1.114978,1000
79956,0.001174604,1.174604,1000
79957,0.003272041,3.272041,1000
79958,0.001042957,1.042957,1000
79959,0.001043007,1.043007,1000
79960,0.000761223,0.761223,1000
79961,0.001525181,1.525181,1000
79962,0.000293355,0.293355,1000
79963,0.027392947,27.392947,1000
79964,0.001013786,1.013786,1000
79965,0.001023692,1.023692,1000
79966,0.003388966,3.388966,1000
79967,0.002866459,2.866459,1000
79968,0.001035753,1.035753,1000
79969,0.000851034,0.851034,1000
79970,0.001062502,1.062502,1000
79971,0.000886175,0.886175,1000
79972,0.001006227,1.006227,1000
79973,0.056231854,56.231854,1000
79974,0.000937801,0.937801,1000
79975,0.075201945,75.201945,1000
79976,0.000853677,0.853677,1000
79977,0.001237364,1.237364,1000
79978,0.000928754,0.928754,1000
79979,0.000669079,0.669079,1000
79980,0.000839511,0.839511,1000
79981,0.000716265,0.716265,1000
79982,0.000407807,0.407807,1000
79983,0.001192892,1.192892,1000
79984,0.000954263,0.954263,1000
79985,0.001379722,1.379722,1000
79986,0.001335576,1.335576,1000
79987,0.001382519,1.382519,1000
79988,0.000848506,0.848506,1000
79989,0.001117181,1.117181,1000
79990,0.001086692,1.086692,1000
79991,0.000909016,0.909016,1000
79992,0.001749287,1.749287,1000
79993,0.000514836,0.514836,1000
79994,0.009116004,9.116004,1000
79995,0.001613775,1.613775,1000
79996,0.001042957,1.042957,1000
79997,0.000744935,0.744935,1000
79998,0.002933461,2.933461,1000
79999,0.000670983,0.670983,1000
80000,0.001002963,1.002963,1000
80001,0.000842997,0.842997,1000
80002,0.015019629,15.019629,1000
80003,0.000898233,0.898233,1000
80004,0.000264137,0.264137,1000
80005,0.000572968,0.572968,1000
80006,0.003133127,3.133127,1000
80007,0.001433759,1.433759,1000
80008,0.000875886,0.875886,1000
80009,0.033973957,33.973957,1000
80010,0.000783777,0.783777,1000
80011,0.001014645,1.014645,1000
80012,0.000576926,0.576926,1000
80013,0.000990922,0.990922,1000
80014,0.003736562,3.736562,1000
80015,0.000965633,0.965633,1000
80016,0.001608896,1.608896,1000
80017,0.000993186,0.993186,1000
80018,0.001170413,1.170413,1000
80019,0.001036935,1.036935,1000
80020,0.003536801,3.536801,1000
80021,0.001149415,1.149415,1000
80022,0.000714886,0.714886,1000
80023,0.001316118,1.316118,1000
80024,0.003825274,3.825274,1000
80025,0.000663166,0.663166,1000
80026,0.004382257,4.382257,1000
80027,0.001325395,1.325395,1000
80028,0.025437903,25.437903,1000
80029,0.077918119,77.918119,1000
80030,0.001956778,1.956778,1000
80031,0.009502898,9.502898,1000
80032,0.000781293,0.781293,1000
80033,0.017739075,17.739075,1000
80034,0.000601274,0.601274,1000
80035,0.00103168,1.03168,1000
80036,0.001071105,1.071105,1000
80037,0.000626238,0.626238,1000
80038,0.000604817,0.604817,1000
80039,0.001148603,1.148603,1000
80040,0.001611942,1.611942,1000
80041,0.000560974,0.560974,1000
80042,0.003092096,3.092096,1000
80043,0.001188313,1.188313,1000
80044,0.001186572,1.186572,1000
80045,0.001412934,1.412934,1000
80046,0.000659955,0.659955,1000
80047,0.001029882,1.029882,1000
80048,0.000826692,0.826692,1000
80049,0.001505839,1.505839,1000
80050,0.000939646,0.939646,1000
80051,0.001029247,1.029247,1000
80052,0.000768665,0.768665,1000
80053,0.00114796,1.14796,1000
80054,0.002536034,2.536034,1000
80055,0.001124571,1.124571,1000
80056,0.00103168,1.03168,1000
80057,0.000993124,0.993124,1000
80058,0.000993124,0.993124,1000
80059,0.001163184,1.163184,1000
80060,0.000661129,0.661129,1000
80061,0.001172505,1.172505,1000
80062,0.003967697,3.967697,1000
80063,0.000823424,0.823424,1000
80064,0.006826193,6.826193,1000
80065,0.001139291,1.139291,1000
80066,0.001110014,1.110014,1000
80067,0.059444127,59.444127,1000
80068,0.002195246,2.195246,1000
80069,0.008699188,8.699188,1000
80070,0.001071925,1.071925,1000
80071,0.007887738,7.887738,1000
80072,0.000920862,0.920862,1000
80073,0.024168402,24.168402,1000
80074,0.003761571,3.761571,1000
80075,0.056584402,56.584402,1000
80076,0.002178259,2.178259,1000
80077,0.000866706,0.866706,1000
80079,0.015998539,15.998539,1000
80080,0.008845489,8.845489,1000
80081,0.015985186,15.985186,1000
80082,0.001223003,1.223003,1000
80083,0.000909248,0.909248,1000
80084,0.00114796,1.14796,1000
80085,0.000834853,0.834853,1000
80086,0.000664512,0.664512,1000
80087,0.000580851,0.580851,1000
80088,0.001071105,1.071105,1000
80089,0.000370961,0.370961,1000
80090,0.000319075,0.319075,1000
80091,0.004078636,4.078636,1000
80092,0.040023438,40.023438,1000
80093,0.000588696,0.588696,1000
80094,0.00065313,0.65313,1000
80095,0.030349834,30.349834,1000
80096,0.000937812,0.937812,1000
80097,0.000702555,0.702555,1000
80098,0.001013655,1.013655,1000
80099,0.000622752,0.622752,1000
80100,0.001000921,1.000921,1000
80101,0.00073697,0.73697,1000
80102,0.000631435,0.631435,1000
80103,0.001532529,1.532529,1000
80104,0.000720318,0.720318,1000
80105,0.000511662,0.511662,1000
80106,0.000849507,0.849507,1000
80107,0.001062541,1.062541,1000
80108,0.00563308,5.63308,1000
80109,0.00081312,0.81312,1000
80110,0.001023155,1.023155,1000
80111,0.001143068,1.143068,1000
80112,0.001011936,1.011936,1000
80113,0.008147988,8.147988,1000
80114,0.000661466,0.661466,1000
80115,0.004016414,4.016414,1000
80116,0.00104294,1.04294,1000
80117,0.001654277,1.654277,1000
80118,0.008119624,8.119624,1000
80119,0.003112548,3.112548,1000
80120,0.000954263,0.954263,1000
80121,0.008271371,8.271371,1000
80122,0.000803775,0.803775,1000
80123,0.001107337,1.107337,1000
80124,0.014299464,14.299464,1000
80125,0.000818475,0.818475,1000
80126,0.003803547,3.803547,1000
80127,0.000693651,0.693651,1000
80128,0.00081312,0.81312,1000
80129,0.001150787,1.150787,1000
80130,0.000650617,0.650617,1000
80131,0.005441936,5.441936,1000
80132,0.000878589,0.878589,1000
80133,0.001000921,1.000921,1000
80134,0.034041088,34.041088,1000
80135,0.00103168,1.03168,1000
80136,0.000822764,0.822764,1000
80137,0.012397319,12.397319,1000
80138,0.000935399,0.935399,1000
80139,0.001329601,1.329601,1000
80140,0.003135949,3.135949,1000
80141,0.00098439,0.98439,1000
80142,0.000665565,0.665565,1000
80143,0.008323968,8.323968,1000
80144,0.00103168,1.03168,1000
80145,0.002494045,2.494045,1000
80146,0.009631423,9.631423,1000
80147,0.040536491,40.536491,1000
80148,0.000943859,0.943859,1000
80149,0.000829265,0.829265,1000
80150,0.001221862,1.221862,1000
80151,0.001517898,1.517898,1000
80152,0.008505246,8.505246,1000
80153,0.025290547,25.290547,1000
80154,0.000951548,0.951548,1000
80155,0.001322564,1.322564,1000
80156,0.000277743,0.277743,1000
80157,0.000344205,0.344205,1000
80158,0.000919567,0.919567,1000
80159,0.001461206,1.461206,1000
80160,0.000762367,0.762367,1000
80161,0.001094559,1.094559,1000
80162,0.001134926,1.134926,1000
80163,0.015946997,15.946997,1000
80164,0.047109268,47.109268,1000
80165,0.000879235,0.879235,1000
80166,0.012024324,12.024324,1000
80167,0.001062541,1.062541,1000
80168,0.001044721,1.044721,1000
80169,0.000689969,0.689969,1000
80170,0.001043045,1.043045,1000
80171,0.001062541,1.062541,1000
80172,0.000751859,0.751859,1000
80173,0.000689893,0.689893,1000
80174,0.003324261,3.324261,1000
80175,0.003531779,3.531779,1000
80176,0.000721618,0.721618,1000
80177,0.001006227,1.006227,1000
80178,0.001520388,1.520388,1000
80179,0.001062502,1.062502,1000
80180,0.000848933,0.848933,1000
80181,0.001632638,1.632638,1000
80182,0.000405046,0.405046,1000
80183,0.003143627,3.143627,1000
80184,0.001509769,1.509769,1000
80185,0.002142677,2.142677,1000
80186,0.000833645,0.833645,1000
80187,0.00103168,1.03168,1000
80188,0.000858413,0.858413,1000
80189,0.001604228,1.604228,1000
80190,0.001091981,1.091981,1000
80191,0.001142971,1.142971,1000
80192,0.000768559,0.768559,1000
80193,0.000812334,0.812334,1000
80194,0.001316072,1.316072,1000
80195,0.00160466,1.60466,1000
80196,0.000993759,0.993759,1000
80197,0.001551877,1.551877,1000
80198,0.000993124,0.993124,1000
80199,0.000993186,0.993186,1000
80200,0.000918166,0.918166,1000
80201,0.000783777,0.783777,1000
80202,0.001788121,1.788121,1000
80203,0.001400103,1.400103,1000
80204,0.000939394,0.939394,1000
80205,0.003618701,3.618701,1000
80206,0.000815773,0.815773,1000
80207,0.002536094,2.536094,1000
80208,0.00054477,0.54477,1000
80209,0.001000832,1.000832,1000
80210,0.00291928,2.91928,1000
80211,0.001141795,1.141795,1000
80212,0.016024616,16.024616,1000
80213,0.001017939,1.017939,1000
80214,0.019964667,19.964667,1000
80215,0.002801706,2.801706,1000
80216,0.00237666,2.37666,1000
80217,0.000972954,0.972954,1000
80218,0.001162096,1.162096,1000
80219,0.004009204,4.009204,1000
80220,0.008244654,8.244654,1000
80221,0.000381802,0.381802,1000
80222,0.148524469,148.524469,1000
80223,0.000545328,0.545328,1000
80224,0.003677767,3.677767,1000
80225,0.000799747,0.799747,1000
80226,0.000985104,0.985104,1000
80227,0.000417479,0.417479,1000
80228,0.645005331,645.005331,1000
80229,0.001071066,1.071066,1000
80230,0.000801904,0.801904,1000
80231,0.000959202,0.959202,1000
80232,0.001433728,1.433728,1000
80233,0.001062519,1.062519,1000
80234,0.001062519,1.062519,1000
80235,0.000751661,0.751661,1000
80236,0.003204346,3.204346,1000
80237,0.149179834,149.179834,1000
80238,0.003191601,3.191601,1000
80239,0.001141795,1.141795,1000
80240,0.000937184,0.937184,1000
80241,0.000635103,0.635103,1000
80242,0.000753114,0.753114,1000
80243,0.242768698,242.768698,1000
80244,0.000936205,0.936205,1000
80245,0.000860225,0.860225,1000
80246,0.000943665,0.943665,1000
80247,0.001195239,1.195239,1000
80248,0.001324896,1.324896,1000
80249,0.057807586,57.807586,1000
80250,0.00081312,0.81312,1000
80251,0.00137604,1.37604,1000
80252,0.000891099,0.891099,1000
80253,0.003942617,3.942617,1000
80254,0.00103168,1.03168,1000
80255,0.001141219,1.141219,1000
80256,0.00078378,0.78378,1000
80257,0.00114796,1.14796,1000
80258,0.000762949,0.762949,1000
80259,0.000856354,0.856354,1000
80260,0.00172449,1.72449,1000
80261,0.000882292,0.882292,1000
80262,0.016690436,16.690436,1000
80263,0.00078523,0.78523,1000
80264,0.017307661,17.307661,1000
80265,0.040148808,40.148808,1000
80266,0.000869727,0.869727,1000
80267,0.001060599,1.060599,1000
80268,0.000522043,0.522043,1000
80269,0.000709533,0.709533,1000
80270,0.002511958,2.511958,1000
80271,0.000955576,0.955576,1000
80272,0.003397738,3.397738,1000
80273,0.000821332,0.821332,1000
80274,0.002449533,2.449533,1000
80275,0.001244754,1.244754,1000
80276,0.00058431,0.58431,1000
80277,0.000616923,0.616923,1000
80278,0.000937396,0.937396,1000
80279,0.001021172,1.021172,1000
80280,0.003718376,3.718376,1000
80281,0.001120304,1.120304,1000
80282,0.001062294,1.062294,1000
80283,0.001909888,1.909888,1000
80284,0.000954263,0.954263,1000
80285,0.000995621,0.995621,1000
80286,0.000960681,0.960681,1000
80287,0.001141513,1.141513,1000
80288,0.000979672,0.979672,1000
80289,0.006877095,6.877095,1000
80290,0.021814965,21.814965,1000
80291,0.003427972,3.427972,1000
80292,0.000578741,0.578741,1000
80293,0.000845094,0.845094,1000
80294,0.000731428,0.731428,1000
80295,0.006933947,6.933947,1000
80296,0.001035667,1.035667,1000
80297,0.000665342,0.665342,1000
80298,0.051039025,51.039025,1000
80299,0.002866527,2.866527,1000
80300,0.003610434,3.610434,1000
80301,0.001749287,1.749287,1000
80302,0.013021947,13.021947,1000
80303,0.00479755,4.79755,1000
80304,0.001143015,1.143015,1000
80305,0.008807814,8.807814,1000
80306,0.001375999,1.375999,1000
80307,0.024678033,24.678033,1000
80308,0.000624002,0.624002,1000
80309,0.002643414,2.643414,1000
80310,0.000633734,0.633734,1000
80311,0.000931272,0.931272,1000
80312,0.000660956,0.660956,1000
80313,0.000998992,0.998992,1000
80314,0.000527882,0.527882,1000
80315,0.001798952,1.798952,1000
80316,0.000798589,0.798589,1000
80317,0.002977283,2.977283,1000
80318,0.001630922,1.630922,1000
80319,0.003634855,3.634855,1000
80320,0.001006227,1.006227,1000
80321,0.000917198,0.917198,1000
80322,0.004318068,4.318068,1000
80323,0.001005107,1.005107,1000
80324,0.000929079,0.929079,1000
80325,0.001545466,1.545466,1000
80326,0.000724216,0.724216,1000
80327,0.010359354,10.359354,1000
80328,0.002503224,2.503224,1000
80329,0.001347177,1.347177,1000
80330,0.211092827,211.092827,1000
80331,0.000937371,0.937371,1000
80332,0.001286444,1.286444,1000
80333,0.000514953,0.514953,1000
80334,0.001324786,1.324786,1000
80335,0.000840633,0.840633,1000
80336,0.000730688,0.730688,1000
80337,0.005437853,5.437853,1000
80338,0.000800035,0.800035,1000
80339,0.003303833,3.303833,1000
80340,0.001072247,1.072247,1000
80341,0.001098108,1.098108,1000
80342,0.000653188,0.653188,1000
80343,0.002805889,2.805889,1000
80344,0.016024122,16.024122,1000
80345,0.065701393,65.701393,1000
80346,0.045803522,45.803522,1000
80347,0.000858252,0.858252,1000
80348,0.000778298,0.778298,1000
80349,0.016498774,16.498774,1000
80350,0.000859885,0.859885,1000
80351,0.000739066,0.739066,1000
80352,0.016651152,16.651152,1000
80353,0.004006489,4.006489,1000
80354,0.001044721,1.044721,1000
80355,0.000555097,0.555097,1000
80356,0.017880698,17.880698,1000
80357,0.003729493,3.729493,1000
80358,0.001062502,1.062502,1000
80359,0.004217863,4.217863,1000
80360,0.001443996,1.443996,1000
80361,0.00171157,1.71157,1000
80362,0.001062541,1.062541,1000
80363,0.000586546,0.586546,1000
80364,0.000679367,0.679367,1000
80365,0.002524121,2.524121,1000
80366,0.000979672,0.979672,1000
80367,0.000584573,0.584573,1000
80368,0.001281646,1.281646,1000
80369,0.001141219,1.141219,1000
80370,0.001170799,1.170799,1000
80371,0.000243801,0.243801,1000
80372,0.000650036,0.650036,1000
80373,0.002738042,2.738042,1000
80374,0.001119547,1.119547,1000
80375,0.056583197,56.583197,1000
80376,0.002731278,2.731278,1000
80377,0.001102538,1.102538,1000
80378,0.027577714,27.577714,1000
80379,0.008172615,8.172615,1000
80380,0.000635209,0.635209,1000
80381,0.001894028,1.894028,1000
80382,0.001006227,1.006227,1000
80383,0.00841278,8.41278,1000
80384,0.000837475,0.837475,1000
80385,0.000827299,0.827299,1000
80386,0.00079983,0.79983,1000
80387,0.001141219,1.141219,1000
80388,0.001009043,1.009043,1000
80389,0.00137604,1.37604,1000
80390,0.000783777,0.783777,1000
80391,0.000948733,0.948733,1000
80392,0.010741166,10.741166,1000
80393,0.007900907,7.900907,1000
80394,0.002931577,2.931577,1000
80395,0.001144725,1.144725,1000
80396,0.001188242,1.188242,1000
80397,0.001151,1.151,1000
80398,0.0054778,5.4778,1000
80399,0.009505436,9.505436,1000
80400,0.00054414,0.54414,1000
80401,0.00078194,0.78194,1000
80402,0.000903223,0.903223,1000
80403,0.000816095,0.816095,1000
80404,0.026650338,26.650338,1000
80405,0.000988925,0.988925,1000
80407,0.000825966,0.825966,1000
80408,0.000875107,0.875107,1000
80409,0.001179788,1.179788,1000
80410,0.000731022,0.731022,1000
80411,0.001480218,1.480218,1000
80412,0.001006227,1.006227,1000
80413,0.000634718,0.634718,1000
80414,0.001001009,1.001009,1000
80415,0.00078378,0.78378,1000
80416,0.001062502,1.062502,1000
80417,0.000672975,0.672975,1000
80418,0.000689093,0.689093,1000
80419,0.003013754,3.013754,1000
80420,0.000987405,0.987405,1000
80421,0.001750714,1.750714,1000
80422,0.000358555,0.358555,1000
80423,0.001042817,1.042817,1000
80424,0.000711466,0.711466,1000
80425,0.000830558,0.830558,1000
80426,0.001548616,1.548616,1000
80427,0.004259841,4.259841,1000
80428,0.262393709,262.393709,1000
80429,0.179596743,179.596743,1000
80430,0.000931985,0.931985,1000
80431,0.006602523,6.602523,1000
80432,0.056169598,56.169598,1000
80433,0.464708766,464.708766,1000
80434,0.000358534,0.358534,1000
80435,0.00711421,7.11421,1000
80436,0.001321882,1.321882,1000
80437,0.000786995,0.786995,1000
80438,0.000906282,0.906282,1000
80439,0.001062379,1.062379,1000
80440,0.000661932,0.661932,1000
80441,0.000661411,0.661411,1000
80442,0.194588522,194.588522,1000
80443,0.001244344,1.244344,1000
80444,0.03546211,35.46211,1000
80445,0.001799971,1.799971,1000
80446,0.000923484,0.923484,1000
80447,0.001840504,1.840504,1000
80448,0.00808353,8.08353,1000
80449,0.001070943,1.070943,1000
80450,0.000794633,0.794633,1000
80451,0.001457786,1.457786,1000
80452,0.002869115,2.869115,1000
80453,0.008468007,8.468007,1000
80454,0.002454497,2.454497,1000
80455,0.001187253,1.187253,1000
80456,0.001153201,1.153201,1000
80457,0.000937371,0.937371,1000
80458,0.000474476,0.474476,1000
80459,0.000993186,0.993186,1000
80460,0.003308665,3.308665,1000
80461,0.001445344,1.445344,1000
80462,0.001468299,1.468299,1000
80463,0.001577336,1.577336,1000
80464,0.000437616,0.437616,1000
80465,0.00103168,1.03168,1000
80466,0.001480218,1.480218,1000
80467,0.00066213,0.66213,1000
80468,0.008264556,8.264556,1000
80469,0.000776804,0.776804,1000
80470,0.000556613,0.556613,1000
80471,0.00136194,1.36194,1000
80472,0.016929248,16.929248,1000
80473,0.000669358,0.669358,1000
80474,0.003146193,3.146193,1000
80475,0.001621692,1.621692,1000
80476,0.000711634,0.711634,1000
80477,0.000590232,0.590232,1000
80478,0.000434158,0.434158,1000
80479,0.001670348,1.670348,1000
80480,0.001041789,1.041789,1000
80481,0.001008486,1.008486,1000
80482,0.000813831,0.813831,1000
80483,0.000666459,0.666459,1000
80484,0.001764491,1.764491,1000
80485,0.00107996,1.07996,1000
80486,0.000875409,0.875409,1000
80487,0.000768754,0.768754,1000
80488,0.001279628,1.279628,1000
80489,0.001305665,1.305665,1000
80490,0.00365016,3.65016,1000
80491,0.000922539,0.922539,1000
80492,0.000825966,0.825966,1000
80493,0.000993186,0.993186,1000
80494,0.000839044,0.839044,1000
80495,0.000797831,0.797831,1000
80496,0.000501015,0.501015,1000
80497,0.000621248,0.621248,1000
80498,0.001193872,1.193872,1000
80499,0.000766336,0.766336,1000
80500,0.000554988,0.554988,1000
80501,0.000684525,0.684525,1000
80502,0.001088653,1.088653,1000
80503,0.178187341,178.187341,1000
80504,0.001111599,1.111599,1000
80505,0.01610556,16.10556,1000
80506,0.001199128,1.199128,1000
80507,0.001046772,1.046772,1000
80508,0.001062569,1.062569,1000
80509,0.003583415,3.583415,1000
80510,0.000971846,0.971846,1000
80511,0.000842106,0.842106,1000
80512,0.000845094,0.845094,1000
80513,0.000645469,0.645469,1000
80514,0.003706376,3.706376,1000
80515,0.001212594,1.212594,1000
80516,0.00194928,1.94928,1000
80517,0.000575006,0.575006,1000
80518,0.001042957,1.042957,1000
80519,0.001042979,1.042979,1000
80520,0.000763778,0.763778,1000
80521,0.001612347,1.612347,1000
80522,0.516104227,516.104227,1000
80523,0.368821429,368.821429,1000
80524,0.001524967,1.524967,1000
80525,0.00244732,2.44732,1000
80526,0.000899167,0.899167,1000
80527,0.00086179,0.86179,1000
80528,0.001230879,1.230879,1000
80529,0.000812706,0.812706,1000
80530,0.000561855,0.561855,1000
80531,0.00087498,0.87498,1000
80532,0.008312894,8.312894,1000
80533,0.001000744,1.000744,1000
80534,0.001138174,1.138174,1000
80535,0.001210798,1.210798,1000
80536,0.001633535,1.633535,1000
80537,0.004238761,4.238761,1000
80538,0.013510012,13.510012,1000
80539,0.002457542,2.457542,1000
80540,0.001141219,1.141219,1000
80541,0.003255768,3.255768,1000
80542,0.00349325,3.49325,1000
80543,0.001598572,1.598572,1000
80544,0.000601042,0.601042,1000
80545,0.000741961,0.741961,1000
80546,0.001058805,1.058805,1000
80547,0.001453099,1.453099,1000
80548,0.0008249,0.8249,1000
80549,0.000990697,0.990697,1000
80550,0.000386672,0.386672,1000
80551,0.000923586,0.923586,1000
80552,0.001097456,1.097456,1000
80553,0.001061881,1.061881,1000
80554,0.00130393,1.30393,1000
80555,0.001031114,1.031114,1000
80556,0.001978664,1.978664,1000
80557,0.001821889,1.821889,1000
80558,0.001821889,1.821889,1000
80559,0.00117837,1.17837,1000
80560,0.002926935,2.926935,1000
80561,0.001092212,1.092212,1000
80562,0.001519616,1.519616,1000
80563,0.000921041,0.921041,1000
80564,0.000276315,0.276315,1000
80565,0.01250757,12.50757,1000
80566,0.001189148,1.189148,1000
80567,0.042971388,42.971388,1000
80568,0.000782911,0.782911,1000
80569,0.007541298,7.541298,1000
80570,0.000608888,0.608888,1000
80571,0.000866809,0.866809,1000
80572,0.000843646,0.843646,1000
80573,0.001015237,1.015237,1000
80574,0.000405318,0.405318,1000
80575,0.001071083,1.071083,1000
80576,0.00030375,0.30375,1000
80577,0.000603913,0.603913,1000
80578,0.000977131,0.977131,1000
80579,0.002926382,2.926382,1000
80580,0.000678738,0.678738,1000
80581,0.002225606,2.225606,1000
80582,0.001537418,1.537418,1000
80583,0.004115481,4.115481,1000
80584,0.000545528,0.545528,1000
80585,0.006939319,6.939319,1000
80586,0.005051939,5.051939,1000
80587,0.003714513,3.714513,1000
80588,0.015854122,15.854122,1000
80589,0.000489251,0.489251,1000
80590,0.000340392,0.340392,1000
80591,0.002778875,2.778875,1000
80592,0.000848692,0.848692,1000
80593,0.000596413,0.596413,1000
80594,0.007973412,7.973412,1000
80595,0.000723648,0.723648,1000
80596,0.000884743,0.884743,1000
80597,0.000827627,0.827627,1000
80598,0.000751406,0.751406,1000
80599,0.001347415,1.347415,1000
80600,0.001162515,1.162515,1000
80601,0.000727151,0.727151,1000
80602,0.000617307,0.617307,1000
80603,0.001134926,1.134926,1000
80604,0.000824124,0.824124,1000
80605,0.000923345,0.923345,1000
80606,0.001231268,1.231268,1000
80607,0.000621498,0.621498,1000
80608,0.000804634,0.804634,1000
80609,0.000875148,0.875148,1000
80610,0.000839244,0.839244,1000
80611,0.00145585,1.45585,1000
80612,0.00070969,0.70969,1000
80613,0.001071105,1.071105,1000
80614,0.000937243,0.937243,1000
80615,0.008069802,8.069802,1000
80616,0.017803829,17.803829,1000
80617,0.000714234,0.714234,1000
80618,0.001781226,1.781226,1000
80619,0.000739368,0.739368,1000
80620,0.000477081,0.477081,1000
80621,0.001273541,1.273541,1000
80622,0.001357716,1.357716,1000
80623,0.001011936,1.011936,1000
80624,0.001062519,1.062519,1000
80625,0.003775887,3.775887,1000
80626,0.00098284,0.98284,1000
80627,0.00080302,0.80302,1000
80628,0.003087899,3.087899,1000
80629,0.000770879,0.770879,1000
80630,0.000629391,0.629391,1000
80631,0.001139436,1.139436,1000
80632,0.00081312,0.81312,1000
80633,0.001941938,1.941938,1000
80634,0.001298747,1.298747,1000
80635,0.000886997,0.886997,1000
80636,0.002521752,2.521752,1000
80637,0.00068817,0.68817,1000
80638,0.00103632,1.03632,1000
80639,0.001003344,1.003344,1000
80640,0.001749287,1.749287,1000
80641,0.00039747,0.39747,1000
80642,0.002599588,2.599588,1000
80643,0.001260194,1.260194,1000
80644,0.001599715,1.599715,1000
80645,0.000711253,0.711253,1000
80646,0.000804825,0.804825,1000
80647,0.000841744,0.841744,1000
80648,0.000780151,0.780151,1000
80649,0.000917567,0.917567,1000
80650,0.001120307,1.120307,1000
80651,0.001058265,1.058265,1000
80652,0.001091954,1.091954,1000
80653,0.000368296,0.368296,1000
80654,0.001006227,1.006227,1000
80655,0.000937371,0.937371,1000
80656,0.000859879,0.859879,1000
80657,0.000833465,0.833465,1000
80658,0.00058206,0.58206,1000
80659,0.000810844,0.810844,1000
80660,0.000497759,0.497759,1000
80661,0.00094938,0.94938,1000
80662,0.000981594,0.981594,1000
80663,0.008562622,8.562622,1000
80664,0.001149886,1.149886,1000
80665,0.001012929,1.012929,1000
80666,0.001072804,1.072804,1000
80667,0.00116788,1.16788,1000
80668,0.000635443,0.635443,1000
80669,0.000825947,0.825947,1000
80670,0.000889143,0.889143,1000
80671,0.000849975,0.849975,1000
80672,0.000716367,0.716367,1000
80673,0.002831382,2.831382,1000
80674,0.004267843,4.267843,1000
80675,0.001204452,1.204452,1000
80676,0.00086936,0.86936,1000
80677,0.001028833,1.028833,1000
80678,0.001177867,1.177867,1000
80679,0.003077277,3.077277,1000
80680,0.000661158,0.661158,1000
80681,0.00051811,0.51811,1000
80682,0.00103168,1.03168,1000
80683,0.001116018,1.116018,1000
80684,0.001837415,1.837415,1000
80685,0.211240753,211.240753,1000
80686,0.000969739,0.969739,1000
80687,0.001594926,1.594926,1000
80688,0.001419549,1.419549,1000
80689,0.000576967,0.576967,1000
80690,0.003592499,3.592499,1000
80691,0.000993186,0.993186,1000
80692,0.000935513,0.935513,1000
80693,0.001505839,1.505839,1000
80694,0.000686873,0.686873,1000
80695,0.001062569,1.062569,1000
80696,0.001044533,1.044533,1000
80697,0.00081312,0.81312,1000
80698,0.000619856,0.619856,1000
80699,0.000993186,0.993186,1000
80700,0.028983071,28.983071,1000
80701,0.001104592,1.104592,1000
80702,0.000783777,0.783777,1000
80703,0.148763771,148.763771,1000
80704,0.000783777,0.783777,1000
80705,0.001513667,1.513667,1000
80706,0.027031845,27.031845,1000
80707,0.000596626,0.596626,1000
80708,0.075238887,75.238887,1000
80709,0.001757748,1.757748,1000
80710,0.00074302,0.74302,1000
80711,0.000562991,0.562991,1000
80712,0.013151136,13.151136,1000
80713,0.008373669,8.373669,1000
80714,0.00327533,3.27533,1000
80715,0.00137604,1.37604,1000
80716,0.00128482,1.28482,1000
80717,0.015933408,15.933408,1000
80718,0.001056491,1.056491,1000
80719,0.000721887,0.721887,1000
80720,0.629943825,629.943825,1000
80721,0.003023137,3.023137,1000
80722,0.001410862,1.410862,1000
80723,0.00138256,1.38256,1000
80724,0.000795732,0.795732,1000
80725,0.002168524,2.168524,1000
80726,0.00075571,0.75571,1000
80727,0.211156143,211.156143,1000
80728,0.002485252,2.485252,1000
80729,0.024788193,24.788193,1000
80730,0.075310476,75.310476,1000
80731,0.000735627,0.735627,1000
80732,0.002721058,2.721058,1000
80733,0.000878349,0.878349,1000
80734,0.001042957,1.042957,1000
80735,0.001385374,1.385374,1000
80736,0.001014435,1.014435,1000
80737,0.002076507,2.076507,1000
80738,0.001609087,1.609087,1000
80739,0.001523885,1.523885,1000
80740,0.001714003,1.714003,1000
80741,0.010338166,10.338166,1000
80742,0.003584711,3.584711,1000
80743,0.001518876,1.518876,1000
80744,0.00114796,1.14796,1000
80745,0.000490191,0.490191,1000
80746,0.000409185,0.409185,1000
80747,0.001162344,1.162344,1000
80748,0.000917696,0.917696,1000
80749,0.002879273,2.879273,1000
80750,0.003957217,3.957217,1000
80751,0.003158106,3.158106,1000
80752,0.000640121,0.640121,1000
80753,0.000893767,0.893767,1000
80754,0.000410254,0.410254,1000
80755,0.010715149,10.715149,1000
80756,0.000591641,0.591641,1000
80757,0.000760528,0.760528,1000
80758,0.003015617,3.015617,1000
80759,0.097044954,97.044954,1000
80760,0.001397421,1.397421,1000
80761,0.001068944,1.068944,1000
80762,0.0013081,1.3081,1000
80763,0.001068719,1.068719,1000
80764,0.000343999,0.343999,1000
80765,0.003319309,3.319309,1000
80766,0.000700832,0.700832,1000
80767,0.000653781,0.653781,1000
80768,0.007125988,7.125988,1000
80769,0.000935803,0.935803,1000
80770,0.004821348,4.821348,1000
80771,0.002305908,2.305908,1000
80772,0.00105043,1.05043,1000
80773,0.000945063,0.945063,1000
80774,0.001940925,1.940925,1000
80775,0.001218068,1.218068,1000
80776,0.001804043,1.804043,1000
80777,0.000873896,0.873896,1000
80778,0.000380532,0.380532,1000
80779,0.00065836,0.65836,1000
80780,0.001612347,1.612347,1000
80781,0.003040566,3.040566,1000
80782,0.000622503,0.622503,1000
80783,0.000354713,0.354713,1000
80784,0.000811744,0.811744,1000
80785,0.000619194,0.619194,1000
80786,0.001385469,1.385469,1000
80787,0.001031114,1.031114,1000
80788,0.001038827,1.038827,1000
80789,0.006251801,6.251801,1000
80790,0.006010935,6.010935,1000
80791,0.001182431,1.182431,1000
80792,0.001303063,1.303063,1000
80793,0.007463515,7.463515,1000
80794,0.000929317,0.929317,1000
80795,0.002663985,2.663985,1000
80796,0.001113073,1.113073,1000
80797,0.002700787,2.700787,1000
80798,0.002929771,2.929771,1000
80799,0.121786214,121.786214,1000
80800,0.000610407,0.610407,1000
80801,0.570649048,570.649048,1000
80802,0.00100378,1.00378,1000
80804,0.00074265,0.74265,1000
80805,0.001362491,1.362491,1000
80806,0.001150691,1.150691,1000
80807,0.000819712,0.819712,1000
80808,0.00720946,7.20946,1000
80809,0.000863585,0.863585,1000
80810,0.00663053,6.63053,1000
80811,0.001693629,1.693629,1000
80812,0.000549823,0.549823,1000
80813,0.00281711,2.81711,1000
80814,0.000805516,0.805516,1000
80815,0.000561865,0.561865,1000
80816,0.001011803,1.011803,1000
80817,0.001081154,1.081154,1000
80818,0.096998268,96.998268,1000
80820,0.011503939,11.503939,1000
80821,0.075103127,75.103127,1000
80822,0.001012526,1.012526,1000
80823,0.000651716,0.651716,1000
80824,0.000771443,0.771443,1000
80825,0.001122552,1.122552,1000
80826,0.003820208,3.820208,1000
80827,0.000921309,0.921309,1000
80828,0.000691649,0.691649,1000
80829,0.001384599,1.384599,1000
80830,0.001063958,1.063958,1000
80831,0.000736906,0.736906,1000
80832,0.00084888,0.84888,1000
80833,0.00321843,3.21843,1000
80834,0.001006791,1.006791,1000
80835,0.001154653,1.154653,1000
80836,0.000557706,0.557706,1000
80837,0.012972773,12.972773,1000
80838,0.000627433,0.627433,1000
80839,0.000576897,0.576897,1000
80840,0.000940124,0.940124,1000
80841,0.001086551,1.086551,1000
80842,0.001032937,1.032937,1000
80843,0.001006227,1.006227,1000
80844,0.00081021,0.81021,1000
80845,0.00047454,0.47454,1000
80846,0.000935513,0.935513,1000
80847,0.000966099,0.966099,1000
80848,0.003143263,3.143263,1000
80849,0.001203266,1.203266,1000
80850,0.001124571,1.124571,1000
80851,0.001093744,1.093744,1000
80852,0.003103346,3.103346,1000
80853,0.001914416,1.914416,1000
80854,0.103180004,103.180004,1000
80855,0.000583194,0.583194,1000
80856,0.001437282,1.437282,1000
80857,0.000836423,0.836423,1000
80858,0.001035522,1.035522,1000
80859,0.000545308,0.545308,1000
80860,0.000936004,0.936004,1000
80861,0.001182985,1.182985,1000
80862,0.000486902,0.486902,1000
80863,0.001061504,1.061504,1000
80864,0.000924143,0.924143,1000
80865,0.00102713,1.02713,1000
80866,0.001304384,1.304384,1000
80867,0.015674941,15.674941,1000
80868,0.001062541,1.062541,1000
80869,0.000643401,0.643401,1000
80870,0.001526613,1.526613,1000
80871,0.04338428,43.38428,1000
80872,0.001042957,1.042957,1000
80873,0.040249686,40.249686,1000
80874,0.008251756,8.251756,1000
80875,0.000806273,0.806273,1000
80876,0.000669189,0.669189,1000
80877,0.00081887,0.81887,1000
80878,0.000976883,0.976883,1000
80879,0.001671669,1.671669,1000
80880,0.000687441,0.687441,1000
80881,0.001088653,1.088653,1000
80882,0.00072978,0.72978,1000
80883,0.00066764,0.66764,1000
80884,0.022906585,22.906585,1000
80885,0.001141219,1.141219,1000
80886,0.001291543,1.291543,1000
80887,0.035604069,35.604069,1000
80888,0.000783777,0.783777,1000
80889,0.008539689,8.539689,1000
80890,0.0005783,0.5783,1000
80891,0.001071083,1.071083,1000
80892,0.000993124,0.993124,1000
80893,0.001520625,1.520625,1000
80894,0.0008,0.8,1000
80895,0.002931552,2.931552,1000
80896,0.001062379,1.062379,1000
80897,0.007704155,7.704155,1000
80898,0.000460008,0.460008,1000
80899,0.001116817,1.116817,1000
80901,0.000694217,0.694217,1000
80902,0.001134926,1.134926,1000
80903,0.000755094,0.755094,1000
80904,0.000860633,0.860633,1000
80905,0.001485511,1.485511,1000
80906,0.0011323,1.1323,1000
80907,0.000611558,0.611558,1000
80908,0.002953799,2.953799,1000
80909,0.000725408,0.725408,1000
80910,0.000710262,0.710262,1000
80911,0.001134919,1.134919,1000
80912,0.000743744,0.743744,1000
80913,0.001071105,1.071105,1000
80914,0.001330889,1.330889,1000
80915,0.000849326,0.849326,1000
80916,0.007361232,7.361232,1000
80917,0.00139696,1.39696,1000
80918,0.000935513,0.935513,1000
80919,0.00103168,1.03168,1000
80920,0.000580805,0.580805,1000
80921,0.000677358,0.677358,1000
80922,0.000783777,0.783777,1000
80923,0.000617219,0.617219,1000
80924,0.00138256,1.38256,1000
80925,0.001202164,1.202164,1000
80926,0.000719234,0.719234,1000
80928,0.0082622,8.2622,1000
80929,0.001097456,1.097456,1000
80930,0.000481571,0.481571,1000
80931,0.000706366,0.706366,1000
80932,0.003834043,3.834043,1000
80933,0.017994403,17.994403,1000
80934,0.001525166,1.525166,1000
80935,0.000530593,0.530593,1000
80936,0.001062541,1.062541,1000
80937,0.000916424,0.916424,1000
80938,0.00634655,6.34655,1000
80939,0.053161612,53.161612,1000
80940,0.000857609,0.857609,1000
80941,0.000751481,0.751481,1000
80942,0.013594298,13.594298,1000
80943,0.00107703,1.07703,1000
80944,0.000964089,0.964089,1000
80945,0.000889604,0.889604,1000
80946,0.000707226,0.707226,1000
80947,0.016103798,16.103798,1000
80948,0.000574351,0.574351,1000
80949,0.000771069,0.771069,1000
80950,0.0015091,1.5091,1000
80951,0.001049221,1.049221,1000
80952,0.001094464,1.094464,1000
80953,0.000681669,0.681669,1000
80954,0.006374663,6.374663,1000
80955,0.016240228,16.240228,1000
80956,0.000589867,0.589867,1000
80957,0.000817566,0.817566,1000
80958,0.001218019,1.218019,1000
80959,0.000711545,0.711545,1000
80960,0.001889441,1.889441,1000
80961,0.001167729,1.167729,1000
80962,0.007769632,7.769632,1000
80963,0.000962842,0.962842,1000
80964,0.001335187,1.335187,1000
80965,0.001167678,1.167678,1000
80966,0.000800743,0.800743,1000
80967,0.001156684,1.156684,1000
80968,0.000310373,0.310373,1000
80969,0.044620995,44.620995,1000
80970,0.000825582,0.825582,1000
80971,0.000859787,0.859787,1000
80972,0.002815562,2.815562,1000
80973,0.003165277,3.165277,1000
80974,0.001009206,1.009206,1000
80975,0.00147618,1.47618,1000
80976,0.000643602,0.643602,1000
80977,0.007916658,7.916658,1000
80978,0.000828755,0.828755,1000
80979,0.000501336,0.501336,1000
80980,0.001323992,1.323992,1000
80981,0.008576521,8.576521,1000
80982,0.001071066,1.071066,1000
80983,0.000577673,0.577673,1000
80984,0.00077434,0.77434,1000
80985,0.012157414,12.157414,1000
80986,0.000631494,0.631494,1000
80987,0.000355436,0.355436,1000
80988,0.000794168,0.794168,1000
80989,0.00082805,0.82805,1000
80990,0.001199728,1.199728,1000
80991,0.004264672,4.264672,1000
80992,0.000309896,0.309896,1000
80993,0.000718459,0.718459,1000
80994,0.001198685,1.198685,1000
80995,0.000764686,0.764686,1000
80996,0.002267342,2.267342,1000
80997,0.001390634,1.390634,1000
80998,0.000725101,0.725101,1000
81000,0.002366561,2.366561,1000
81001,0.000539235,0.539235,1000
81002,0.007968337,7.968337,1000
81003,0.004017593,4.017593,1000
81004,0.001062569,1.062569,1000
81005,0.000829843,0.829843,1000
81006,0.001312142,1.312142,1000
81007,0.008508446,8.508446,1000
81008,0.000652654,0.652654,1000
81009,0.000783518,0.783518,1000
81010,0.010195783,10.195783,1000
81011,0.009711208,9.711208,1000
81012,0.02686176,26.86176,1000
81013,1.016826646,1016.826646,1000
81014,1.035931606,1035.931606,1000
81015,0.199947283,199.947283,1000
81016,1.018047822,1018.047822,1000
81017,1.022838047,1022.838047,1000
81018,1.019233216,1019.233216,1000
81019,1.019965233,1019.965233,1000
81020,0.32745224,327.45224,1000
81021,0.415449706,415.449706,1000
81022,0.639809722,639.809722,1000
81023,0.411986497,411.986497,1000
81024,0.427761877,427.761877,1000
81025,0.486556567,486.556567,1000
81026,0.437951466,437.951466,1000
81027,0.178507787,178.507787,1000
81028,0.121669576,121.669576,1000
81029,0.121864937,121.864937,1000
81030,0.024455766,24.455766,1000
81031,1.038566623,1038.566623,1000
81032,1.012284621,1012.284621,1000
81033,1.013011029,1013.011029,1000
81034,1.033389081,1033.389081,1000
81035,0.002985337,2.985337,1000
81036,0.001099781,1.099781,1000
81037,0.027825981,27.825981,1000
81038,0.000726819,0.726819,1000
81039,0.096930609,96.930609,1000
81040,0.212107677,212.107677,1000
81041,0.075606055,75.606055,1000
81042,0.919865703,919.865703,1000
81043,0.001737195,1.737195,1000
81044,0.908256119,908.256119,1000
81045,0.00081312,0.81312,1000
81046,0.002886286,2.886286,1000
81047,0.011547067,11.547067,1000
81048,0.06457589,64.57589,1000
81049,0.040095374,40.095374,1000
81050,0.00115367,1.15367,1000
81051,0.040980929,40.980929,1000
81052,0.075216256,75.216256,1000
81053,0.001480195,1.480195,1000
81054,0.096810279,96.810279,1000
81055,0.001609087,1.609087,1000
81056,0.121190835,121.190835,1000
81057,0.000834763,0.834763,1000
81058,0.000722168,0.722168,1000
81059,0.010695488,10.695488,1000
81060,0.000898353,0.898353,1000
81061,0.000977355,0.977355,1000
81062,0.027088884,27.088884,1000
81063,0.000645739,0.645739,1000
81064,0.003008471,3.008471,1000
81065,0.000866141,0.866141,1000
81066,0.000709076,0.709076,1000
81067,0.001746026,1.746026,1000
81068,0.000546694,0.546694,1000
81069,0.001155945,1.155945,1000
81070,0.000547652,0.547652,1000
81071,0.00854048,8.54048,1000
81072,0.026650647,26.650647,1000
81073,0.007949188,7.949188,1000
81074,0.000537864,0.537864,1000
81075,0.001071083,1.071083,1000
81076,0.001750714,1.750714,1000
81077,0.008216421,8.216421,1000
81078,0.000634903,0.634903,1000
81079,0.001348192,1.348192,1000
81080,0.000703248,0.703248,1000
81081,0.003585768,3.585768,1000
81082,0.000928655,0.928655,1000
81083,0.000837796,0.837796,1000
81084,0.325252829,325.252829,1000
81085,0.325177622,325.177622,1000
81086,0.000662621,0.662621,1000
81087,0.001409672,1.409672,1000
81088,0.000670533,0.670533,1000
81089,0.001330201,1.330201,1000
81090,0.001123598,1.123598,1000
81091,0.001023754,1.023754,1000
81092,0.00048822,0.48822,1000
81093,0.001042288,1.042288,1000
81094,0.00086124,0.86124,1000
81095,0.000859928,0.859928,1000
81096,0.001043028,1.043028,1000
81097,0.006070399,6.070399,1000
81098,0.516382144,516.382144,1000
81099,0.016456459,16.456459,1000
81100,0.001038617,1.038617,1000
81101,0.001006227,1.006227,1000
81102,0.016054248,16.054248,1000
81103,0.001385469,1.385469,1000
81104,0.21078228,210.78228,1000
81105,0.056452098,56.452098,1000
81106,0.000755499,0.755499,1000
81107,0.010225993,10.225993,1000
81108,0.000882446,0.882446,1000
81109,0.000780708,0.780708,1000
81110,0.008842475,8.842475,1000
81111,0.000469428,0.469428,1000
81112,0.001022684,1.022684,1000
81113,0.000772012,0.772012,1000
81114,0.057996501,57.996501,1000
81115,0.003428404,3.428404,1000
81116,0.001137306,1.137306,1000
81117,0.570634706,570.634706,1000
81118,0.001042817,1.042817,1000
81119,0.076320918,76.320918,1000
81120,0.001081154,1.081154,1000
81121,0.001460524,1.460524,1000
81122,0.00187754,1.87754,1000
81123,0.000948554,0.948554,1000
81124,0.000579338,0.579338,1000
81125,0.001335576,1.335576,1000
81126,0.001290565,1.290565,1000
81127,0.00073128,0.73128,1000
81128,0.001072804,1.072804,1000
81129,0.003454935,3.454935,1000
81130,0.000682274,0.682274,1000
81131,0.003481288,3.481288,1000
81132,0.00037409,0.37409,1000
81133,0.001606202,1.606202,1000
81134,0.015916168,15.916168,1000
81135,0.246236953,246.236953,1000
81136,0.466722185,466.722185,1000
81137,0.522229953,522.229953,1000
81138,0.180275788,180.275788,1000
81139,0.0567791,56.7791,1000
81140,0.000365975,0.365975,1000
81141,0.002758357,2.758357,1000
81142,0.002773976,2.773976,1000
81143,0.000777401,0.777401,1000
81144,0.00068738,0.68738,1000
81145,0.003307649,3.307649,1000
81146,0.000717549,0.717549,1000
81147,0.001460516,1.460516,1000
81148,0.000922275,0.922275,1000
81149,0.000792286,0.792286,1000
81150,0.00283096,2.83096,1000
81151,0.000937371,0.937371,1000
81152,0.00079732,0.79732,1000
81153,0.000906081,0.906081,1000
81154,0.000912801,0.912801,1000
81155,0.000674085,0.674085,1000
81156,0.003599343,3.599343,1000
81157,0.000622769,0.622769,1000
81158,0.001581272,1.581272,1000
81159,0.001038923,1.038923,1000
81160,0.000718107,0.718107,1000
81161,0.000993186,0.993186,1000
81162,0.001143068,1.143068,1000
81163,0.000431773,0.431773,1000
81164,0.000783777,0.783777,1000
81165,0.00076206,0.76206,1000
81166,0.001505839,1.505839,1000
81167,0.001003253,1.003253,1000
81168,0.001593506,1.593506,1000
81169,0.000993186,0.993186,1000
81170,0.001321031,1.321031,1000
81171,0.000966563,0.966563,1000
81172,0.001636872,1.636872,1000
81173,0.008095618,8.095618,1000
81174,0.000937243,0.937243,1000
81175,0.001375999,1.375999,1000
81176,0.015600351,15.600351,1000
81177,0.005580535,5.580535,1000
81178,0.000265869,0.265869,1000
81179,0.00073558,0.73558,1000
81180,0.001042979,1.042979,1000
81181,0.00062982,0.62982,1000
81182,0.000475133,0.475133,1000
81183,0.001594926,1.594926,1000
81184,0.000840648,0.840648,1000
81185,0.002981598,2.981598,1000
81186,0.001481666,1.481666,1000
81187,0.000825966,0.825966,1000
81188,0.00103168,1.03168,1000
81189,0.000881849,0.881849,1000
81190,0.00160466,1.60466,1000
81191,0.000802633,0.802633,1000
81192,0.001237826,1.237826,1000
81193,0.000976813,0.976813,1000
81194,0.000825966,0.825966,1000
81195,0.001011936,1.011936,1000
81196,0.01003087,10.03087,1000
81197,0.000997639,0.997639,1000
81198,0.000731709,0.731709,1000
81199,0.000862097,0.862097,1000
81200,0.000892516,0.892516,1000
81201,0.001510527,1.510527,1000
81202,0.001834114,1.834114,1000
81203,0.001123598,1.123598,1000
81204,0.00127212,1.27212,1000
81205,0.006099686,6.099686,1000
81206,0.000670829,0.670829,1000
81207,0.00101079,1.01079,1000
81208,0.001129516,1.129516,1000
81209,0.008603713,8.603713,1000
81210,0.000753569,0.753569,1000
81211,0.000664174,0.664174,1000
81212,0.001117917,1.117917,1000
81213,0.001499137,1.499137,1000
81214,0.000937529,0.937529,1000
81215,0.002325121,2.325121,1000
81216,0.000973072,0.973072,1000
81217,0.001275297,1.275297,1000
81218,0.001018176,1.018176,1000
81219,0.001375999,1.375999,1000
81220,0.001001935,1.001935,1000
81221,0.001334149,1.334149,1000
81222,0.000688108,0.688108,1000
81223,0.000819028,0.819028,1000
81224,0.001129387,1.129387,1000
81225,0.000702161,0.702161,1000
81226,0.001307135,1.307135,1000
81227,0.004956274,4.956274,1000
81228,0.003756253,3.756253,1000
81229,0.00083992,0.83992,1000
81230,0.000662716,0.662716,1000
81231,0.007983409,7.983409,1000
81232,0.000620401,0.620401,1000
81233,0.012902581,12.902581,1000
81234,0.000721808,0.721808,1000
81235,0.001767743,1.767743,1000
81236,0.003803566,3.803566,1000
81237,0.053876949,53.876949,1000
81238,0.001059525,1.059525,1000
81239,0.000485028,0.485028,1000
81241,0.001520493,1.520493,1000
81242,0.003159843,3.159843,1000
81243,0.001061255,1.061255,1000
81244,0.000759843,0.759843,1000
81245,0.000840893,0.840893,1000
81246,0.000691378,0.691378,1000
81247,0.001043007,1.043007,1000
81248,0.001196748,1.196748,1000
81249,0.000629582,0.629582,1000
81250,0.017962452,17.962452,1000
81251,0.000738972,0.738972,1000
81252,0.000769452,0.769452,1000
81253,0.000915862,0.915862,1000
81254,0.001968486,1.968486,1000
81255,0.001236514,1.236514,1000
81256,0.000629419,0.629419,1000
81257,0.002704047,2.704047,1000
81258,0.000780461,0.780461,1000
81259,0.06457915,64.57915,1000
81260,0.001732667,1.732667,1000
81261,0.000825966,0.825966,1000
81262,0.001278602,1.278602,1000
81263,0.000825969,0.825969,1000
81264,0.000811386,0.811386,1000
81265,0.001335576,1.335576,1000
81266,0.001492734,1.492734,1000
81267,0.000727949,0.727949,1000
81268,0.001018248,1.018248,1000
81269,0.000761674,0.761674,1000
81270,0.003706376,3.706376,1000
81271,0.004540649,4.540649,1000
81272,0.001375999,1.375999,1000
81273,0.003195519,3.195519,1000
81274,0.002424052,2.424052,1000
81275,0.009160332,9.160332,1000
81276,0.00103168,1.03168,1000
81277,0.000989072,0.989072,1000
81278,0.015656932,15.656932,1000
81279,0.002732138,2.732138,1000
81280,0.000981935,0.981935,1000
81281,0.00081312,0.81312,1000
81282,0.000830577,0.830577,1000
81283,0.004043476,4.043476,1000
81284,0.000867777,0.867777,1000
81285,0.00136385,1.36385,1000
81286,0.008863048,8.863048,1000
81287,0.001104945,1.104945,1000
81288,0.000993186,0.993186,1000
81289,0.001134919,1.134919,1000
81290,0.001637057,1.637057,1000
81291,0.002582684,2.582684,1000
81292,0.001886816,1.886816,1000
81293,0.000622439,0.622439,1000
81294,0.000874561,0.874561,1000
81295,0.000800625,0.800625,1000
81296,0.001071083,1.071083,1000
81297,0.026800551,26.800551,1000
81298,0.00206433,2.06433,1000
81299,0.096703134,96.703134,1000
81300,0.001201555,1.201555,1000
81301,0.000561991,0.561991,1000
81302,0.000869742,0.869742,1000
81303,0.001520309,1.520309,1000
81304,0.000855765,0.855765,1000
81305,0.001412853,1.412853,1000
81306,0.003590577,3.590577,1000
81307,0.000566754,0.566754,1000
81308,0.039986559,39.986559,1000
81309,0.000246117,0.246117,1000
81310,0.009923898,9.923898,1000
81311,0.001182344,1.182344,1000
81312,0.000927036,0.927036,1000
81313,0.01615483,16.15483,1000
81314,0.0009991,0.9991,1000
81315,0.003103716,3.103716,1000
81316,0.001523648,1.523648,1000
81317,0.020535066,20.535066,1000
81318,0.000812573,0.812573,1000
81319,0.001416758,1.416758,1000
81320,0.001519114,1.519114,1000
81321,0.002212675,2.212675,1000
81322,0.000993124,0.993124,1000
81323,0.001042979,1.042979,1000
81324,0.000762343,0.762343,1000
81325,0.003570148,3.570148,1000
81326,0.001489561,1.489561,1000
81327,0.001548993,1.548993,1000
81328,0.000572462,0.572462,1000
81329,0.001029247,1.029247,1000
81330,0.000945779,0.945779,1000
81331,0.078213399,78.213399,1000
81332,0.001153677,1.153677,1000
81333,0.000556068,0.556068,1000
81334,0.004388856,4.388856,1000
81335,0.000664457,0.664457,1000
81336,0.007957254,7.957254,1000
81337,0.000543178,0.543178,1000
81338,0.001029247,1.029247,1000
81339,0.001134926,1.134926,1000
81340,0.003121938,3.121938,1000
81341,0.000900093,0.900093,1000
81342,0.001483455,1.483455,1000
81343,0.000723805,0.723805,1000
81344,0.003199472,3.199472,1000
81345,0.008579379,8.579379,1000
81346,0.000948554,0.948554,1000
81347,0.016359584,16.359584,1000
81348,0.000853239,0.853239,1000
81349,0.000926312,0.926312,1000
81350,0.000531891,0.531891,1000
81351,0.001499635,1.499635,1000
81352,0.000840482,0.840482,1000
81353,0.000953672,0.953672,1000
81354,0.001093412,1.093412,1000
81355,0.005352604,5.352604,1000
81356,0.000993186,0.993186,1000
81357,0.00055605,0.55605,1000
81358,0.000929147,0.929147,1000
81359,0.003658229,3.658229,1000
81360,0.011572044,11.572044,1000
81361,0.000736748,0.736748,1000
81362,0.001849829,1.849829,1000
81363,0.00104294,1.04294,1000
81364,0.001134926,1.134926,1000
81365,0.00141239,1.41239,1000
81366,0.00073247,0.73247,1000
81367,0.000877814,0.877814,1000
81368,0.000320549,0.320549,1000
81369,0.000772707,0.772707,1000
81370,0.001104592,1.104592,1000
81371,0.001736943,1.736943,1000
81372,0.004230411,4.230411,1000
81373,0.000919066,0.919066,1000
81374,0.000859797,0.859797,1000
81375,0.001045466,1.045466,1000
81376,0.001601794,1.601794,1000
81377,0.000898322,0.898322,1000
81378,0.000554625,0.554625,1000
81379,0.000631664,0.631664,1000
81380,0.001042957,1.042957,1000
81381,0.000616219,0.616219,1000
81382,0.00086139,0.86139,1000
81383,0.148645542,148.645542,1000
81384,0.003971115,3.971115,1000
81385,0.096982675,96.982675,1000
81386,0.000429155,0.429155,1000
81387,0.001377656,1.377656,1000
81388,0.247714135,247.714135,1000
81389,0.002484452,2.484452,1000
81390,0.000784955,0.784955,1000
81391,0.000825969,0.825969,1000
81392,0.001164634,1.164634,1000
81393,0.001636872,1.636872,1000
81394,0.000683826,0.683826,1000
81395,0.000741773,0.741773,1000
81396,0.000729175,0.729175,1000
81397,0.001744183,1.744183,1000
81398,0.000981538,0.981538,1000
81399,0.00081312,0.81312,1000
81400,0.001769363,1.769363,1000
81401,0.002524696,2.524696,1000
81402,0.001513645,1.513645,1000
81403,0.001109924,1.109924,1000
81404,0.000750166,0.750166,1000
81405,0.001116018,1.116018,1000
81406,0.001453099,1.453099,1000
81407,0.001047998,1.047998,1000
81408,0.001101108,1.101108,1000
81409,0.005479646,5.479646,1000
81410,0.004180165,4.180165,1000
81411,0.00065137,0.65137,1000
81412,0.052604091,52.604091,1000
81413,0.001073371,1.073371,1000
81414,0.000815442,0.815442,1000
81415,0.001120686,1.120686,1000
81416,0.000780927,0.780927,1000
81417,0.000448951,0.448951,1000
81418,0.001011936,1.011936,1000
81419,0.002748676,2.748676,1000
81420,0.000828092,0.828092,1000
81421,0.001379163,1.379163,1000
81422,0.00294075,2.94075,1000
81423,0.000822656,0.822656,1000
81424,0.000751565,0.751565,1000
81425,0.001376162,1.376162,1000
81426,0.001187679,1.187679,1000
81427,0.000726745,0.726745,1000
81428,0.000765681,0.765681,1000
81429,0.001049266,1.049266,1000
81430,0.000513971,0.513971,1000
81431,0.001492552,1.492552,1000
81432,0.011560791,11.560791,1000
81433,0.000878351,0.878351,1000
81434,0.000706787,0.706787,1000
81435,0.000903105,0.903105,1000
81436,0.000809407,0.809407,1000
81437,0.001708855,1.708855,1000
81438,0.000825966,0.825966,1000
81439,0.00078378,0.78378,1000
81440,0.000442154,0.442154,1000
81441,0.003423168,3.423168,1000
81442,0.00078378,0.78378,1000
81443,0.001784114,1.784114,1000
81444,0.00078378,0.78378,1000
81445,0.000485622,0.485622,1000
81446,0.001437744,1.437744,1000
81447,0.000326667,0.326667,1000
81448,0.000935513,0.935513,1000
81449,0.000526389,0.526389,1000
81450,0.000761674,0.761674,1000
81451,0.00081312,0.81312,1000
81452,0.000801073,0.801073,1000
81453,0.000636421,0.636421,1000
81454,0.000783777,0.783777,1000
81455,0.000779705,0.779705,1000
81456,0.000783777,0.783777,1000
81457,0.001453121,1.453121,1000
81458,0.00028115,0.28115,1000
81459,0.000761674,0.761674,1000
81460,0.002633363,2.633363,1000
81461,0.000783777,0.783777,1000
81462,0.000757215,0.757215,1000
81463,0.000825966,0.825966,1000
81464,0.000839419,0.839419,1000
81465,0.000342516,0.342516,1000
81466,0.01140471,11.40471,1000
81467,0.002862718,2.862718,1000
81468,0.000653739,0.653739,1000
81469,0.002253146,2.253146,1000
81470,0.00077791,0.77791,1000
81471,0.000717598,0.717598,1000
81472,0.00387487,3.87487,1000
81473,0.02670498,26.70498,1000
81474,0.001151318,1.151318,1000
81475,0.000627799,0.627799,1000
81476,0.002685316,2.685316,1000
81477,0.002146463,2.146463,1000
81478,0.002159544,2.159544,1000
81479,0.001207423,1.207423,1000
81480,0.001749287,1.749287,1000
81481,0.003104608,3.104608,1000
81482,0.001148375,1.148375,1000
81483,0.001218698,1.218698,1000
81484,0.002443387,2.443387,1000
81485,0.000751626,0.751626,1000
81486,0.001538978,1.538978,1000
81487,0.000665419,0.665419,1000
81488,0.004647458,4.647458,1000
81489,0.00081312,0.81312,1000
81490,0.001006227,1.006227,1000
81491,0.001097456,1.097456,1000
81492,0.000982522,0.982522,1000
81493,0.014753952,14.753952,1000
81494,0.000364578,0.364578,1000
81495,0.001663499,1.663499,1000
81496,0.000621131,0.621131,1000
81497,0.001405825,1.405825,1000
81498,0.001006227,1.006227,1000
81499,0.00081312,0.81312,1000
81500,0.002704231,2.704231,1000
81501,0.001006227,1.006227,1000
81502,0.000722215,0.722215,1000
81503,0.005967125,5.967125,1000
81504,0.001534108,1.534108,1000
81505,0.000928729,0.928729,1000
81506,0.001044721,1.044721,1000
81507,0.00040711,0.40711,1000
81508,0.00075301,0.75301,1000
81509,0.001641385,1.641385,1000
81510,0.001379163,1.379163,1000
81511,0.008159776,8.159776,1000
81512,0.00081312,0.81312,1000
81513,0.00078378,0.78378,1000
81514,0.00084553,0.84553,1000
81515,0.000547057,0.547057,1000
81516,0.002749435,2.749435,1000
81517,0.003155905,3.155905,1000
81518,0.00102305,1.02305,1000
81519,0.070353931,70.353931,1000
81520,0.008080132,8.080132,1000
81521,0.000709397,0.709397,1000
81522,0.000789374,0.789374,1000
81523,0.02776573,27.76573,1000
81524,0.001014983,1.014983,1000
81525,0.000406514,0.406514,1000
81526,0.000825969,0.825969,1000
81527,0.000825969,0.825969,1000
81528,0.000424027,0.424027,1000
81529,0.003227134,3.227134,1000
81530,0.000625571,0.625571,1000
81531,0.000695132,0.695132,1000
81532,0.000419481,0.419481,1000
81533,0.000457646,0.457646,1000
81534,0.001062379,1.062379,1000
81535,0.003247134,3.247134,1000
81536,0.007973105,7.973105,1000
81537,0.017450302,17.450302,1000
81538,0.001071105,1.071105,1000
81539,0.001351323,1.351323,1000
81540,0.001554702,1.554702,1000
81541,0.010822545,10.822545,1000
81542,0.001773269,1.773269,1000
81543,0.000632772,0.632772,1000
81544,0.001011936,1.011936,1000
81545,0.001142181,1.142181,1000
81546,0.001155282,1.155282,1000
81547,0.001506815,1.506815,1000
81548,0.007073998,7.073998,1000
81549,0.001014549,1.014549,1000
81550,0.00124437,1.24437,1000
81551,0.000756269,0.756269,1000
81552,0.002797002,2.797002,1000
81553,0.000706738,0.706738,1000
81554,0.178273769,178.273769,1000
81555,0.000761958,0.761958,1000
81556,0.003981317,3.981317,1000
81557,0.001520493,1.520493,1000
81558,0.000767282,0.767282,1000
81559,0.008222405,8.222405,1000
81561,0.000813123,0.813123,1000
81562,0.000825966,0.825966,1000
81563,0.000813123,0.813123,1000
81564,0.000677434,0.677434,1000
81565,0.000891197,0.891197,1000
81566,0.012247252,12.247252,1000
81567,0.000607802,0.607802,1000
81568,0.000648189,0.648189,1000
81569,0.001102168,1.102168,1000
81570,0.000711541,0.711541,1000
81571,0.0010156,1.0156,1000
81572,0.000927637,0.927637,1000
81573,0.001062519,1.062519,1000
81574,0.001365463,1.365463,1000
81575,0.000765044,0.765044,1000
81576,0.000515997,0.515997,1000
81577,0.001063127,1.063127,1000
81578,0.003994796,3.994796,1000
81579,0.001633679,1.633679,1000
81580,0.040346741,40.346741,1000
81581,0.00301714,3.01714,1000
81582,0.002653044,2.653044,1000
81583,0.000797798,0.797798,1000
81584,0.000444124,0.444124,1000
81585,0.000736227,0.736227,1000
81586,0.002972361,2.972361,1000
81587,0.00115367,1.15367,1000
81588,0.003250517,3.250517,1000
81589,0.000806223,0.806223,1000
81590,0.003109781,3.109781,1000
81591,0.007967578,7.967578,1000
81592,0.004796451,4.796451,1000
81593,0.000362866,0.362866,1000
81594,0.001042212,1.042212,1000
81595,0.000684834,0.684834,1000
81596,0.00095503,0.95503,1000
81597,0.00603423,6.03423,1000
81598,0.010767733,10.767733,1000
81599,0.000825517,0.825517,1000
81600,0.008312491,8.312491,1000
81601,0.001062379,1.062379,1000
81602,0.002781926,2.781926,1000
81603,0.000578784,0.578784,1000
81604,0.002954146,2.954146,1000
81605,0.008255434,8.255434,1000
81606,0.00098311,0.98311,1000
81607,0.00468821,4.68821,1000
81608,0.001168693,1.168693,1000
81609,0.000825966,0.825966,1000
81610,0.001377554,1.377554,1000
81611,0.000726193,0.726193,1000
81612,0.000465561,0.465561,1000
81613,0.000638995,0.638995,1000
81614,0.000616204,0.616204,1000
81615,0.001469924,1.469924,1000
81616,0.000567542,0.567542,1000
81617,0.000545377,0.545377,1000
81618,0.000819314,0.819314,1000
81619,0.000883513,0.883513,1000
81620,0.001163365,1.163365,1000
81621,0.001267841,1.267841,1000
81622,0.000519452,0.519452,1000
81623,0.001723182,1.723182,1000
81624,0.001062541,1.062541,1000
81625,0.000318577,0.318577,1000
81626,0.056239525,56.239525,1000
81627,0.001491057,1.491057,1000
81628,0.001129136,1.129136,1000
81629,0.000728361,0.728361,1000
81630,0.000863257,0.863257,1000
81631,0.00078656,0.78656,1000
81632,0.000693933,0.693933,1000
81633,0.001497512,1.497512,1000
81634,0.000845688,0.845688,1000
81635,0.001006227,1.006227,1000
81636,0.003207203,3.207203,1000
81637,0.010174591,10.174591,1000
81638,0.000903761,0.903761,1000
81639,0.000787035,0.787035,1000
81640,0.001042979,1.042979,1000
81641,0.000954469,0.954469,1000
81642,0.000655927,0.655927,1000
81643,0.000897826,0.897826,1000
81644,0.001071083,1.071083,1000
81645,0.000762,0.762,1000
81646,0.004019944,4.019944,1000
81647,0.00105043,1.05043,1000
81648,0.000998943,0.998943,1000
81649,0.000828814,0.828814,1000
81650,0.003627202,3.627202,1000
81651,0.000641572,0.641572,1000
81652,0.000896928,0.896928,1000
81653,0.001085776,1.085776,1000
81654,0.001448611,1.448611,1000
81655,0.005996472,5.996472,1000
81656,0.00337822,3.37822,1000
81657,0.000619529,0.619529,1000
81658,0.040519384,40.519384,1000
81659,0.001822092,1.822092,1000
81660,0.001658036,1.658036,1000
81661,0.001109718,1.109718,1000
81662,0.000662327,0.662327,1000
81663,0.000337974,0.337974,1000
81664,0.000616495,0.616495,1000
81665,0.000809407,0.809407,1000
81666,0.00103168,1.03168,1000
81667,0.000703993,0.703993,1000
81668,0.001151699,1.151699,1000
81669,0.000821473,0.821473,1000
81670,0.002342235,2.342235,1000
81671,0.001029775,1.029775,1000
81672,0.000843381,0.843381,1000
81673,0.001081687,1.081687,1000
81674,0.000993124,0.993124,1000
81675,0.595286263,595.286263,1000
81676,0.016013939,16.013939,1000
81677,0.000621383,0.621383,1000
81678,0.000502065,0.502065,1000
81679,0.001040883,1.040883,1000
81680,0.001139001,1.139001,1000
81681,0.000637861,0.637861,1000
81682,0.000932911,0.932911,1000
81683,0.004109668,4.109668,1000
81684,0.00058926,0.58926,1000
81685,0.002100257,2.100257,1000
81686,0.001497898,1.497898,1000
81687,0.00103168,1.03168,1000
81688,0.001252508,1.252508,1000
81689,0.001482717,1.482717,1000
81690,0.005287878,5.287878,1000
81691,0.001505839,1.505839,1000
81692,0.015896162,15.896162,1000
81693,0.003820309,3.820309,1000
81694,0.000813333,0.813333,1000
81695,0.001085636,1.085636,1000
81696,0.003405201,3.405201,1000
81697,0.096743117,96.743117,1000
81698,0.001081154,1.081154,1000
81699,0.000685986,0.685986,1000
81700,0.148381286,148.381286,1000
81701,0.000796863,0.796863,1000
81702,0.000442866,0.442866,1000
81703,0.001114029,1.114029,1000
81704,0.004207311,4.207311,1000
81705,0.003790418,3.790418,1000
81706,0.055413267,55.413267,1000
81707,0.00103168,1.03168,1000
81708,0.000820665,0.820665,1000
81709,0.004293794,4.293794,1000
81710,0.000667151,0.667151,1000
81711,0.000857565,0.857565,1000
81712,0.000820668,0.820668,1000
81713,0.000782562,0.782562,1000
81714,0.000701758,0.701758,1000
81715,0.000930988,0.930988,1000
81716,0.001071105,1.071105,1000
81717,0.000993186,0.993186,1000
81718,0.001523648,1.523648,1000
81719,0.001252508,1.252508,1000
81720,0.015964756,15.964756,1000
81721,0.00081312,0.81312,1000
81722,0.000884006,0.884006,1000
81723,0.000893218,0.893218,1000
81724,0.000830989,0.830989,1000
81725,0.001355576,1.355576,1000
81726,0.00078984,0.78984,1000
81727,0.000997214,0.997214,1000
81728,0.000849029,0.849029,1000
81729,0.000763035,0.763035,1000
81730,0.001011936,1.011936,1000
81731,0.000767095,0.767095,1000
81732,0.000923345,0.923345,1000
81733,0.00082549,0.82549,1000
81734,0.001042979,1.042979,1000
81735,0.000274512,0.274512,1000
81736,0.000705323,0.705323,1000
81737,0.003113163,3.113163,1000
81738,0.000822006,0.822006,1000
81739,0.000560268,0.560268,1000
81740,0.000253997,0.253997,1000
81741,0.001062519,1.062519,1000
81742,0.000685106,0.685106,1000
81743,0.002858082,2.858082,1000
81744,0.001014851,1.014851,1000
81745,0.000765628,0.765628,1000
81746,0.000854165,0.854165,1000
81747,0.002050277,2.050277,1000
81748,0.000624688,0.624688,1000
81749,0.00063807,0.63807,1000
81750,0.001071105,1.071105,1000
81751,0.001081154,1.081154,1000
81752,0.00074708,0.74708,1000
81753,0.001823708,1.823708,1000
81754,0.000773331,0.773331,1000
81755,0.001656285,1.656285,1000
81756,0.000489612,0.489612,1000
81757,0.000681738,0.681738,1000
81758,0.000728032,0.728032,1000
81759,0.000915052,0.915052,1000
81760,0.001184125,1.184125,1000
81761,0.001721705,1.721705,1000
81762,0.000705843,0.705843,1000
81763,0.000825966,0.825966,1000
81764,0.00161082,1.61082,1000
81765,0.030890428,30.890428,1000
81766,0.026187289,26.187289,1000
81767,0.001123598,1.123598,1000
81768,0.000689383,0.689383,1000
81769,0.000726065,0.726065,1000
81770,0.002478791,2.478791,1000
81771,0.001003501,1.003501,1000
81772,0.000781236,0.781236,1000
81773,0.000934374,0.934374,1000
81774,0.001011936,1.011936,1000
81775,0.008808351,8.808351,1000
81776,0.001059106,1.059106,1000
81777,0.001062968,1.062968,1000
81778,0.001369381,1.369381,1000
81779,0.000913516,0.913516,1000
81780,0.010131715,10.131715,1000
81781,0.001525181,1.525181,1000
81782,0.001321614,1.321614,1000
81783,0.003801919,3.801919,1000
81784,0.000902108,0.902108,1000
81785,0.001597461,1.597461,1000
81786,0.001268666,1.268666,1000
81787,0.001071105,1.071105,1000
81788,0.000901014,0.901014,1000
81789,0.001821889,1.821889,1000
81790,0.000996545,0.996545,1000
81791,0.000768769,0.768769,1000
81792,0.000681701,0.681701,1000
81793,0.001494028,1.494028,1000
81794,0.001288851,1.288851,1000
81795,0.001146206,1.146206,1000
81796,0.003140152,3.140152,1000
81797,0.000862105,0.862105,1000
81798,0.000917895,0.917895,1000
81799,0.001008648,1.008648,1000
81800,0.000897426,0.897426,1000
81801,0.000647782,0.647782,1000
81802,0.001151799,1.151799,1000
81803,0.004283177,4.283177,1000
81804,0.001044721,1.044721,1000
81805,0.000782789,0.782789,1000
81806,0.000655594,0.655594,1000
81807,0.000848874,0.848874,1000
81808,0.001042979,1.042979,1000
81809,0.000776275,0.776275,1000
81810,0.000405447,0.405447,1000
81811,0.003165786,3.165786,1000
81812,0.00107471,1.07471,1000
81813,0.004598777,4.598777,1000
81814,0.001640937,1.640937,1000
81815,0.000325133,0.325133,1000
81816,0.000588578,0.588578,1000
81817,0.001384299,1.384299,1000
81818,0.01011739,10.11739,1000
81819,0.012983394,12.983394,1000
81820,0.001042957,1.042957,1000
81821,0.000862137,0.862137,1000
81822,0.019070296,19.070296,1000
81823,0.003031664,3.031664,1000
81824,0.005313771,5.313771,1000
81825,0.000937311,0.937311,1000
81826,0.009118551,9.118551,1000
81827,0.00345648,3.45648,1000
81828,0.000825966,0.825966,1000
81829,0.000643912,0.643912,1000
81830,0.001173097,1.173097,1000
81831,0.040273124,40.273124,1000
81832,0.000762355,0.762355,1000
81833,0.000759964,0.759964,1000
81834,0.001062519,1.062519,1000
81835,0.001182696,1.182696,1000
81836,0.018374337,18.374337,1000
81837,0.00064757,0.64757,1000
81838,0.001542492,1.542492,1000
81839,0.001520309,1.520309,1000
81840,0.00060046,0.60046,1000
81841,0.056119284,56.119284,1000
81842,0.001081154,1.081154,1000
81843,0.001071105,1.071105,1000
81844,0.000648428,0.648428,1000
81845,0.002271552,2.271552,1000
81846,0.0015091,1.5091,1000
81847,0.002681328,2.681328,1000
81848,0.04042988,40.42988,1000
81849,0.001081154,1.081154,1000
81850,0.000844664,0.844664,1000
81851,0.002633531,2.633531,1000
81852,0.000490795,0.490795,1000
81853,0.00112596,1.12596,1000
81854,0.020102206,20.102206,1000
81855,0.002751716,2.751716,1000
81856,0.000546431,0.546431,1000
81857,0.001153627,1.153627,1000
81858,0.000859413,0.859413,1000
81859,0.005987829,5.987829,1000
81860,0.000950587,0.950587,1000
81861,0.001016031,1.016031,1000
81862,0.001007876,1.007876,1000
81863,0.000561595,0.561595,1000
81864,0.003849386,3.849386,1000
81865,0.000948733,0.948733,1000
81866,0.000794804,0.794804,1000
81867,0.042486715,42.486715,1000
81868,0.000832041,0.832041,1000
81869,0.026906802,26.906802,1000
81870,0.007186858,7.186858,1000
81871,0.000431143,0.431143,1000
81872,0.000800291,0.800291,1000
81873,0.001505839,1.505839,1000
81874,0.000366432,0.366432,1000
81875,0.001878572,1.878572,1000
81876,0.000980837,0.980837,1000
81877,0.000353482,0.353482,1000
81878,0.001062379,1.062379,1000
81879,0.000780551,0.780551,1000
81880,0.00098284,0.98284,1000
81881,0.001049983,1.049983,1000
81882,0.000767909,0.767909,1000
81883,0.000608681,0.608681,1000
81884,0.000843277,0.843277,1000
81885,0.001082288,1.082288,1000
81886,0.000772561,0.772561,1000
81887,0.001506244,1.506244,1000
81888,0.001702382,1.702382,1000
81889,0.000436956,0.436956,1000
81890,0.000667014,0.667014,1000
81891,0.00081312,0.81312,1000
81892,0.00103168,1.03168,1000
81893,0.000726692,0.726692,1000
81894,0.001086376,1.086376,1000
81895,0.000626078,0.626078,1000
81896,0.000597831,0.597831,1000
81897,0.012066305,12.066305,1000
81898,0.001047998,1.047998,1000
81899,0.000967045,0.967045,1000
81900,0.001980744,1.980744,1000
81901,0.008052101,8.052101,1000
81902,0.000443113,0.443113,1000
81903,0.002965555,2.965555,1000
81904,0.000716876,0.716876,1000
81905,0.001696527,1.696527,1000
81906,0.005056642,5.056642,1000
81907,0.001207683,1.207683,1000
81908,0.001457786,1.457786,1000
81909,0.000662195,0.662195,1000
81910,0.001070943,1.070943,1000
81911,0.001157643,1.157643,1000
81912,0.003271066,3.271066,1000
81913,0.001124571,1.124571,1000
81914,0.000680477,0.680477,1000
81915,0.000797239,0.797239,1000
81916,0.001459127,1.459127,1000
81917,0.002735197,2.735197,1000
81918,0.000699327,0.699327,1000
81919,0.001474323,1.474323,1000
81920,0.000993186,0.993186,1000
81921,0.001066619,1.066619,1000
81922,0.001799912,1.799912,1000
81923,0.001000704,1.000704,1000
81924,0.000619074,0.619074,1000
81925,0.001044721,1.044721,1000
81926,0.001235186,1.235186,1000
81927,0.000870557,0.870557,1000
81928,0.001011936,1.011936,1000
81929,0.001312706,1.312706,1000
81930,0.001662456,1.662456,1000
81931,0.00052365,0.52365,1000
81932,0.008717194,8.717194,1000
81933,0.001064594,1.064594,1000
81934,0.000867022,0.867022,1000
81935,0.001126955,1.126955,1000
81936,0.000549663,0.549663,1000
81937,0.016106709,16.106709,1000
81938,0.001446869,1.446869,1000
81939,0.005777609,5.777609,1000
81940,0.001205316,1.205316,1000
81941,0.00218505,2.18505,1000
81942,0.285738716,285.738716,1000
81943,0.000504736,0.504736,1000
81944,0.000771998,0.771998,1000
81945,0.011937538,11.937538,1000
81946,0.030481579,30.481579,1000
81947,0.001073837,1.073837,1000
81948,0.030714491,30.714491,1000
81949,0.001570756,1.570756,1000
81950,0.001548061,1.548061,1000
81951,0.001542492,1.542492,1000
81952,0.001376094,1.376094,1000
81953,0.001029247,1.029247,1000
81954,0.000306629,0.306629,1000
81955,0.000846069,0.846069,1000
81956,0.00103168,1.03168,1000
81957,0.008319439,8.319439,1000
81958,0.001099117,1.099117,1000
81959,0.001042979,1.042979,1000
81960,0.00150384,1.50384,1000
81961,0.001505839,1.505839,1000
81962,0.016258258,16.258258,1000
81963,0.001388761,1.388761,1000
81964,0.010255705,10.255705,1000
81965,0.001218447,1.218447,1000
81966,0.00078062,0.78062,1000
81967,0.001071133,1.071133,1000
81968,0.000987802,0.987802,1000
81969,0.000735664,0.735664,1000
81970,0.000965783,0.965783,1000
81971,0.0008533,0.8533,1000
81972,0.00071218,0.71218,1000
81973,0.000774282,0.774282,1000
81974,0.001104592,1.104592,1000
81975,0.000447439,0.447439,1000
81976,0.004515694,4.515694,1000
81977,0.000851602,0.851602,1000
81978,0.001177754,1.177754,1000
81979,0.002704047,2.704047,1000
81980,0.000778181,0.778181,1000
81981,0.000993186,0.993186,1000
81982,0.004287441,4.287441,1000
